0 0.450241 0.103390 0.752809 0.023729
0 0.446228 0.132542 0.735152 0.015593
0 0.234350 0.148814 0.317817 0.014237
0 0.386035 0.167458 0.617978 0.014915
0 0.250401 0.187797 0.353130 0.013559
0 0.298555 0.205763 0.446228 0.015593
0 0.805778 0.214915 0.295345 0.018983
0 0.143660 0.225763 0.165329 0.014915
0 0.333868 0.241695 0.545746 0.015593
0 0.277689 0.277966 0.417335 0.016271
0 0.199839 0.321017 0.223114 0.015593
0 0.220706 0.361695 0.181380 0.014237
0 0.699839 0.321695 0.516854 0.015593
0 0.498395 0.340000 0.117175 0.014237
0 0.811396 0.362373 0.075441 0.014237
0 0.915730 0.363051 0.046549 0.014237
0 0.300161 0.386441 0.510433 0.014915
0 0.463884 0.407458 0.147673 0.014915
0 0.430979 0.435932 0.088283 0.014915
0 0.474318 0.456271 0.171750 0.016271
0 0.474318 0.483729 0.168539 0.014237
0 0.438202 0.522034 0.093098 0.013559
0 0.459872 0.543729 0.146067 0.013559
0 0.811396 0.388475 0.078652 0.014915
0 0.810594 0.409153 0.073836 0.012881
0 0.813002 0.437288 0.075441 0.012203
0 0.815409 0.457627 0.080257 0.012203
0 0.815409 0.485763 0.077047 0.012881
0 0.808989 0.524407 0.099518 0.012881
0 0.817014 0.545085 0.073836 0.014915
0 0.166132 0.574576 0.232745 0.015593
0 0.520064 0.574237 0.215088 0.014915
0 0.841091 0.574915 0.144462 0.014915
0 0.130819 0.595254 0.155698 0.014915
0 0.585875 0.595254 0.077047 0.014915
0 0.878812 0.596271 0.081862 0.014237
0 0.258427 0.648136 0.420546 0.014915
0 0.676565 0.648136 0.316212 0.014915
0 0.515249 0.745763 0.805778 0.014915
0 0.515249 0.781017 0.658106 0.013559
0 0.516854 0.802034 0.394864 0.013559
0 0.517657 0.837627 0.646870 0.014237
0 0.517657 0.871864 0.804173 0.017627
0 0.518459 0.893559 0.860353 0.013559
0 0.517657 0.914915 0.235955 0.015593
0 0.518459 0.951525 0.738363 0.016949
