0 0.486425 0.219141 0.563348 0.023256
0 0.486991 0.248658 0.446833 0.026237
0 0.486425 0.278473 0.488688 0.026237
0 0.500566 0.308587 0.430995 0.028026
0 0.503394 0.337507 0.278281 0.023852
0 0.498869 0.366726 0.515837 0.023852
0 0.515271 0.426953 0.564480 0.027430
0 0.180430 0.486285 0.145928 0.024448
0 0.510747 0.487179 0.127828 0.021467
0 0.832014 0.487478 0.166290 0.023256
0 0.384050 0.545021 0.559955 0.025045
0 0.820701 0.546213 0.191176 0.022660
0 0.279977 0.576327 0.261312 0.024448
0 0.408371 0.635659 0.615385 0.025045
0 0.615950 0.665474 0.197964 0.026237
0 0.619910 0.694097 0.187783 0.023852
0 0.838235 0.696780 0.070136 0.020871
0 0.218891 0.754919 0.227376 0.027430
0 0.170814 0.783840 0.128959 0.019678
0 0.527149 0.754323 0.208145 0.022660
0 0.579186 0.783542 0.104072 0.021467
0 0.818439 0.754919 0.139140 0.023852
0 0.859729 0.785927 0.072398 0.023852
0 0.493213 0.874776 0.579186 0.026237
0 0.497172 0.904592 0.788462 0.026237
0 0.820136 0.636852 0.104072 0.021467
0 0.819005 0.665772 0.104072 0.022063
