0 0.467950 0.211517 0.285225 0.015393
0 0.474501 0.221993 0.156823 0.012115
0 0.467748 0.232825 0.172747 0.012115
0 0.472385 0.243871 0.080830 0.010832
0 0.476819 0.257127 0.128402 0.011688
0 0.343580 0.271237 0.037694 0.010832
0 0.447188 0.268957 0.045757 0.009692
0 0.553921 0.266534 0.030236 0.010262
0 0.383088 0.280430 0.113485 0.012400
0 0.390647 0.291975 0.127797 0.012685
0 0.574279 0.276867 0.070147 0.008979
0 0.555029 0.288056 0.115501 0.013398
0 0.382181 0.312785 0.079419 0.010975
0 0.594437 0.308082 0.035477 0.010690
0 0.385205 0.333381 0.056440 0.011688
0 0.399516 0.343643 0.088692 0.011403
0 0.378754 0.355259 0.047168 0.010690
0 0.595344 0.329319 0.036081 0.008979
0 0.598367 0.339367 0.028825 0.008552
0 0.596654 0.350841 0.030236 0.010690
0 0.392663 0.375285 0.072163 0.009977
0 0.498791 0.373575 0.029228 0.009977
0 0.578008 0.371579 0.068736 0.011688
0 0.404152 0.385761 0.091111 0.010975
0 0.569946 0.382127 0.086071 0.011117
0 0.371699 0.397306 0.030236 0.012115
0 0.379762 0.407355 0.044346 0.010262
0 0.593630 0.392175 0.044346 0.009265
0 0.595747 0.403364 0.036081 0.011688
0 0.475610 0.426454 0.080427 0.011688
0 0.473292 0.437571 0.114493 0.013398
0 0.483773 0.458025 0.105221 0.012400
0 0.473997 0.469284 0.244507 0.015536
0 0.470167 0.480117 0.164685 0.014396
0 0.554727 0.308580 0.016529 0.011688
0 0.555836 0.329746 0.017537 0.010690
0 0.562891 0.340222 0.017134 0.010262
0 0.562891 0.351055 0.017134 0.009692
0 0.549788 0.393173 0.015118 0.009265
0 0.556541 0.403435 0.016126 0.010690
