0 0.501623 0.072279 0.905844 0.020408
0 0.494318 0.092262 0.443182 0.019558
0 0.496753 0.113095 0.490260 0.020408
0 0.339286 0.131803 0.301948 0.018707
0 0.500812 0.151361 0.394481 0.017007
0 0.495130 0.192602 0.564935 0.031463
0 0.604708 0.241071 0.433442 0.029762
0 0.107955 0.269558 0.134740 0.020408
0 0.671266 0.269983 0.316558 0.019558
0 0.316558 0.302296 0.568182 0.029762
0 0.269481 0.331207 0.470779 0.021259
0 0.181818 0.351616 0.298701 0.017857
0 0.297890 0.369898 0.534091 0.018707
0 0.237013 0.389031 0.399351 0.019558
0 0.534091 0.407738 0.259740 0.019558
0 0.747565 0.407313 0.092532 0.018707
0 0.141234 0.434099 0.217532 0.017857
0 0.310877 0.432823 0.063312 0.017007
0 0.542208 0.431973 0.025974 0.017007
0 0.750812 0.432823 0.141234 0.018707
0 0.129870 0.463861 0.198052 0.019558
0 0.301136 0.463435 0.086039 0.017007
0 0.399351 0.463435 0.042208 0.015306
0 0.483766 0.463435 0.025974 0.015306
0 0.541396 0.463861 0.024351 0.014456
0 0.630682 0.463435 0.040584 0.017007
0 0.769481 0.462585 0.103896 0.017007
0 0.120130 0.483418 0.178571 0.016156
0 0.302760 0.482993 0.089286 0.017007
0 0.408279 0.482568 0.027597 0.016156
0 0.484578 0.482993 0.021104 0.015306
0 0.542208 0.482993 0.022727 0.017007
0 0.627435 0.482993 0.043831 0.017007
0 0.770292 0.482993 0.102273 0.017007
0 0.473214 0.519558 0.358766 0.035714
0 0.772727 0.517432 0.100649 0.028061
0 0.129058 0.552721 0.199675 0.018707
0 0.301948 0.553571 0.084416 0.017007
0 0.408279 0.553571 0.027597 0.015306
0 0.484578 0.553571 0.024351 0.018707
0 0.540584 0.553571 0.029221 0.017007
0 0.627435 0.553571 0.043831 0.017007
0 0.771916 0.553997 0.102273 0.016156
0 0.142045 0.572704 0.228896 0.019558
0 0.301136 0.573980 0.082792 0.017007
0 0.397727 0.573980 0.045455 0.015306
0 0.484578 0.573554 0.027597 0.016156
0 0.542208 0.573554 0.025974 0.016156
0 0.629058 0.573980 0.043831 0.017007
0 0.773539 0.573980 0.099026 0.017007
0 0.356331 0.607568 0.586039 0.034864
0 0.774351 0.605867 0.110390 0.031463
0 0.605519 0.645833 0.081169 0.029762
0 0.780032 0.645833 0.086039 0.029762
0 0.359578 0.690901 0.550325 0.039966
0 0.772727 0.688776 0.107143 0.030612
0 0.469968 0.730017 0.352273 0.034864
0 0.773539 0.728741 0.102273 0.028912
0 0.512987 0.774660 0.279221 0.034014
0 0.771916 0.772959 0.102273 0.028912
0 0.118506 0.818027 0.155844 0.022109
0 0.472403 0.839286 0.863636 0.020408
0 0.417208 0.859694 0.756494 0.020408
0 0.469968 0.880102 0.868506 0.018707
0 0.400162 0.900935 0.725649 0.021259
0 0.412338 0.920918 0.762987 0.018707
0 0.185877 0.940901 0.310065 0.019558
0 0.499188 0.963010 0.394481 0.019558
0 0.659091 0.131378 0.298701 0.017857
0 0.387175 0.431973 0.060065 0.017007
0 0.464286 0.432398 0.061688 0.016156
0 0.608766 0.431973 0.077922 0.017007
