0 0.529412 0.066913 0.540305 0.034773
0 0.484749 0.181243 0.564270 0.023182
0 0.497821 0.204953 0.398693 0.020021
0 0.479303 0.225501 0.745098 0.027397
0 0.481481 0.249737 0.701525 0.018967
0 0.494553 0.271865 0.684096 0.018967
0 0.486928 0.293467 0.468410 0.022129
0 0.483660 0.315068 0.200436 0.018967
0 0.405229 0.357745 0.749455 0.024236
0 0.189542 0.379874 0.309368 0.024236
0 0.125272 0.402529 0.163399 0.023182
0 0.553377 0.403583 0.021786 0.021075
0 0.596950 0.405163 0.034858 0.017914
0 0.689542 0.405163 0.115468 0.022129
0 0.838780 0.406217 0.117647 0.022129
0 0.420479 0.427292 0.775599 0.024236
0 0.166667 0.447313 0.259259 0.024236
0 0.116558 0.469968 0.172113 0.021075
0 0.547930 0.472076 0.028322 0.021075
0 0.595861 0.472603 0.037037 0.024236
0 0.696078 0.473130 0.102397 0.021075
0 0.846405 0.472076 0.106754 0.025290
0 0.380174 0.493151 0.686275 0.023182
0 0.175381 0.513172 0.285403 0.021075
0 0.192810 0.538462 0.307190 0.021075
0 0.549020 0.537408 0.030501 0.025290
0 0.599129 0.537408 0.034858 0.016860
0 0.694989 0.540042 0.108932 0.022129
0 0.849673 0.540042 0.095861 0.022129
0 0.320261 0.558483 0.570806 0.018967
0 0.157952 0.580084 0.224401 0.017914
0 0.189542 0.603793 0.296296 0.021075
0 0.545752 0.602740 0.023965 0.023182
0 0.595861 0.604847 0.037037 0.025290
0 0.692810 0.605901 0.095861 0.029505
0 0.861656 0.605374 0.124183 0.024236
0 0.166667 0.646997 0.241830 0.021075
0 0.827887 0.650685 0.222222 0.022129
0 0.104575 0.689146 0.135076 0.023182
0 0.848584 0.694415 0.185185 0.018967
0 0.252723 0.713909 0.435730 0.022129
0 0.850763 0.714436 0.198257 0.023182
0 0.186275 0.737092 0.302832 0.024236
0 0.847495 0.737619 0.183007 0.025290
0 0.084967 0.757640 0.100218 0.018967
0 0.847495 0.758693 0.200436 0.018967
0 0.108932 0.781876 0.152505 0.025290
0 0.850763 0.782929 0.180828 0.021075
0 0.316993 0.824025 0.538126 0.018967
0 0.793028 0.825079 0.291939 0.023182
0 0.312636 0.846154 0.546841 0.018967
0 0.482571 0.890411 0.607843 0.021075
0 0.486928 0.913593 0.442266 0.018967
0 0.488017 0.935722 0.535948 0.023182
