0 0.455177 0.207148 0.463384 0.034589
0 0.460859 0.234819 0.386364 0.031514
0 0.448232 0.261722 0.686869 0.039201
0 0.449495 0.287855 0.648990 0.037663
0 0.462753 0.313605 0.632576 0.039969
0 0.458333 0.339739 0.520202 0.033820
0 0.459596 0.364335 0.280303 0.027671
0 0.462121 0.390469 0.272727 0.026134
0 0.233586 0.450038 0.358586 0.028440
0 0.876894 0.430054 0.044192 0.023828
0 0.199495 0.476941 0.287879 0.029977
0 0.133838 0.504612 0.146465 0.026902
0 0.554924 0.493467 0.064394 0.021522
0 0.669192 0.488086 0.085859 0.021522
0 0.813763 0.484243 0.087121 0.023059
0 0.191288 0.529593 0.256313 0.027671
0 0.881944 0.508839 0.041667 0.024596
0 0.116793 0.556111 0.107323 0.026902
0 0.558712 0.544197 0.061869 0.021522
0 0.674242 0.541122 0.085859 0.023059
0 0.818813 0.536510 0.084596 0.023059
0 0.186237 0.606841 0.231061 0.028440
0 0.804924 0.589931 0.218434 0.028440
0 0.266414 0.657187 0.378788 0.032283
0 0.841540 0.640277 0.152778 0.023059
0 0.119949 0.688317 0.085859 0.026902
0 0.832071 0.666795 0.169192 0.025365
0 0.143939 0.712529 0.128788 0.024596
0 0.842803 0.691776 0.152778 0.023059
0 0.345960 0.759032 0.525253 0.034589
0 0.783460 0.745965 0.147727 0.022291
0 0.342803 0.810530 0.498737 0.034589
0 0.788510 0.797463 0.276515 0.026902
0 0.375631 0.836280 0.569444 0.035357
0 0.505051 0.884704 0.570707 0.036895
0 0.506944 0.908916 0.400253 0.029977
0 0.515783 0.936972 0.498737 0.036895
