0 0.181716 0.033480 0.318284 0.036224
0 0.537246 0.118002 0.532731 0.027442
0 0.519187 0.148189 0.645598 0.030735
0 0.515801 0.180022 0.706546 0.026345
0 0.532731 0.210757 0.744921 0.028540
0 0.503386 0.271131 0.821670 0.028540
0 0.498871 0.301317 0.826185 0.027442
0 0.514673 0.330955 0.636569 0.027442
0 0.529345 0.362239 0.742664 0.032931
0 0.142212 0.418771 0.108352 0.023052
0 0.439052 0.420966 0.354402 0.025247
0 0.744921 0.422064 0.167043 0.025247
0 0.154628 0.449506 0.137698 0.027442
0 0.511287 0.451701 0.214447 0.027442
0 0.827314 0.453348 0.218962 0.026345
0 0.312641 0.512075 0.471783 0.029638
0 0.386005 0.543908 0.040632 0.023052
0 0.827314 0.546652 0.209932 0.024149
0 0.617381 0.574094 0.137698 0.024149
0 0.362302 0.631723 0.349887 0.025247
0 0.826185 0.634468 0.221219 0.021954
0 0.294582 0.659166 0.218962 0.027442
0 0.826185 0.662459 0.216704 0.025247
0 0.273138 0.717344 0.176072 0.025247
0 0.712190 0.719539 0.426637 0.027442
0 0.326185 0.748628 0.295711 0.026345
0 0.821670 0.751372 0.212190 0.025247
0 0.253950 0.777717 0.151242 0.025247
0 0.819413 0.781010 0.216704 0.025247
0 0.468397 0.837541 0.634312 0.030735
0 0.462754 0.896817 0.636569 0.026345
0 0.463883 0.926454 0.358916 0.026345
