0 0.489270 0.119108 0.817597 0.027369
0 0.494099 0.147238 0.177039 0.020781
0 0.497854 0.171566 0.478541 0.023822
0 0.494635 0.192854 0.186695 0.019767
0 0.486052 0.217942 0.433476 0.018246
0 0.488734 0.240497 0.337983 0.019767
0 0.492489 0.270907 0.403433 0.021794
0 0.497854 0.297263 0.497854 0.019767
0 0.101395 0.334009 0.114807 0.017233
0 0.108906 0.360872 0.140558 0.017233
0 0.403970 0.362139 0.273605 0.019767
0 0.639485 0.359858 0.094421 0.017233
0 0.806867 0.361125 0.190987 0.021794
0 0.111588 0.384947 0.130901 0.018753
0 0.346030 0.385454 0.144850 0.019767
0 0.642167 0.384440 0.104077 0.019767
0 0.790773 0.385707 0.156652 0.018246
0 0.167382 0.412823 0.251073 0.020781
0 0.648605 0.410289 0.116953 0.025849
0 0.083155 0.456158 0.082618 0.016219
0 0.396996 0.455905 0.070815 0.021794
0 0.554185 0.454891 0.136266 0.019767
0 0.741953 0.456412 0.142704 0.020781
0 0.890021 0.455398 0.076180 0.018753
0 0.090129 0.480740 0.100858 0.018753
0 0.402361 0.480740 0.036481 0.019767
0 0.565451 0.481247 0.090129 0.020781
0 0.773069 0.480993 0.076180 0.017233
0 0.887876 0.481500 0.048283 0.018246
0 0.250536 0.504055 0.417382 0.019767
0 0.092811 0.529650 0.080472 0.017233
0 0.394850 0.529904 0.030043 0.019767
0 0.565451 0.531424 0.090129 0.020781
0 0.761266 0.531171 0.104077 0.018246
0 0.890558 0.531424 0.068670 0.020781
0 0.399678 0.554739 0.711373 0.019767
0 0.217275 0.580588 0.168455 0.022808
0 0.394313 0.580081 0.046137 0.019767
0 0.766094 0.579828 0.100858 0.018246
0 0.381438 0.614293 0.481760 0.017233
0 0.763412 0.614546 0.104077 0.021794
0 0.536481 0.644197 0.182403 0.017233
0 0.773069 0.644957 0.080472 0.020781
0 0.528433 0.668779 0.207082 0.019767
0 0.774142 0.671820 0.082618 0.018753
0 0.533798 0.699189 0.196352 0.020781
0 0.773069 0.696908 0.076180 0.018246
0 0.347639 0.730360 0.570815 0.026356
0 0.765558 0.728586 0.101931 0.020781
0 0.553648 0.761024 0.150215 0.022808
0 0.765021 0.757476 0.100858 0.019767
0 0.539700 0.785352 0.180258 0.020781
0 0.775215 0.782818 0.084764 0.020781
0 0.257511 0.834516 0.311159 0.023822
0 0.201180 0.863406 0.168455 0.015712
0 0.152361 0.884947 0.060086 0.018246
0 0.384657 0.864420 0.028970 0.015712
0 0.384120 0.884947 0.036481 0.016219
0 0.568133 0.864927 0.162017 0.015712
0 0.598176 0.885960 0.104077 0.017233
0 0.793455 0.863659 0.151288 0.016219
0 0.837446 0.884693 0.084764 0.018753
0 0.372318 0.914850 0.113734 0.017233
0 0.604614 0.914597 0.112661 0.021794
0 0.835300 0.916371 0.076180 0.018246
0 0.488734 0.964014 0.780043 0.017233
