0 0.420064 0.164561 0.348712 0.021252
0 0.411481 0.189259 0.211373 0.021252
0 0.416309 0.215106 0.527897 0.024698
0 0.424893 0.238943 0.624464 0.024124
0 0.418991 0.263067 0.419528 0.022975
0 0.417918 0.287478 0.458155 0.022401
0 0.399142 0.336875 0.416309 0.023550
0 0.194742 0.384549 0.310086 0.021252
0 0.520923 0.386272 0.286481 0.021252
0 0.076180 0.409248 0.079399 0.021252
0 0.375000 0.410684 0.395923 0.024124
0 0.143240 0.459219 0.213519 0.022401
0 0.351395 0.460655 0.061159 0.022975
0 0.521996 0.461229 0.136266 0.024124
0 0.670601 0.460942 0.094421 0.022401
0 0.769850 0.460655 0.063305 0.021827
0 0.105687 0.508041 0.134120 0.024698
0 0.335300 0.533027 0.061159 0.020678
0 0.512339 0.533027 0.080472 0.021827
0 0.680794 0.533314 0.078326 0.022401
0 0.766094 0.534176 0.060086 0.021827
0 0.112124 0.556289 0.151288 0.023550
0 0.333155 0.580414 0.056867 0.018955
0 0.512339 0.581275 0.080472 0.020678
0 0.682940 0.581562 0.078326 0.021252
0 0.768777 0.581850 0.056867 0.021827
0 0.122318 0.605112 0.171674 0.022401
0 0.332082 0.628949 0.059013 0.021827
0 0.512339 0.629523 0.078326 0.020678
0 0.681867 0.630672 0.078326 0.021827
0 0.766631 0.630385 0.059013 0.020103
0 0.151288 0.677197 0.233906 0.022975
0 0.245708 0.701895 0.418455 0.024124
0 0.759120 0.703906 0.082618 0.020103
0 0.272532 0.726594 0.469957 0.025273
0 0.758047 0.728604 0.078326 0.020103
0 0.148069 0.750718 0.218884 0.022975
0 0.717811 0.751867 0.152361 0.021827
0 0.093348 0.799828 0.113734 0.021252
0 0.757511 0.800115 0.079399 0.020678
0 0.143777 0.872487 0.210300 0.021827
0 0.508047 0.874210 0.192060 0.021827
0 0.725322 0.873636 0.130901 0.021827
0 0.066524 0.896898 0.057940 0.021252
0 0.285408 0.897186 0.109442 0.021827
0 0.567060 0.897760 0.078326 0.019529
0 0.756974 0.897186 0.078326 0.019529
