0 0.449607 0.238027 0.271115 0.010832
0 0.450816 0.249359 0.101391 0.008694
0 0.450615 0.262115 0.064302 0.010832
0 0.450010 0.273161 0.230397 0.009550
0 0.448700 0.284849 0.176174 0.010405
0 0.448196 0.296323 0.075993 0.009122
0 0.386112 0.306941 0.166297 0.010405
0 0.313848 0.322905 0.023786 0.009265
0 0.406067 0.324758 0.019956 0.008979
0 0.583048 0.324259 0.029228 0.008552
0 0.396291 0.338227 0.187462 0.010262
0 0.317577 0.350057 0.032050 0.008552
0 0.399516 0.351197 0.006853 0.007982
0 0.580226 0.351055 0.029228 0.008552
0 0.392159 0.368230 0.181213 0.010975
0 0.316771 0.380630 0.031647 0.008979
0 0.398206 0.381343 0.006249 0.008979
0 0.578916 0.382412 0.030639 0.009977
0 0.540919 0.403079 0.106632 0.009977
0 0.548478 0.414339 0.093530 0.010262
0 0.551703 0.426525 0.089095 0.010690
0 0.339851 0.441990 0.079419 0.009692
0 0.573473 0.443629 0.044346 0.008979
0 0.317779 0.455103 0.033663 0.008552
0 0.577807 0.456528 0.029631 0.007982
0 0.321004 0.467574 0.042935 0.010690
0 0.578008 0.468501 0.031647 0.008552
0 0.333602 0.495724 0.068131 0.008552
0 0.474300 0.497149 0.046362 0.007982
0 0.577908 0.497007 0.030639 0.008267
0 0.334308 0.509478 0.071558 0.008979
0 0.486192 0.509763 0.018545 0.007554
0 0.583350 0.510334 0.018948 0.007269
0 0.445273 0.527366 0.140294 0.009692
0 0.444064 0.539339 0.191494 0.010262
0 0.444064 0.551383 0.126184 0.010975
0 0.443459 0.563355 0.140697 0.010690
0 0.443661 0.574686 0.173352 0.009977
0 0.442854 0.587158 0.154001 0.010975
