0 0.507353 0.068182 0.903595 0.018341
0 0.503268 0.087321 0.441176 0.018341
0 0.501634 0.104864 0.486928 0.018341
0 0.347222 0.121611 0.302288 0.018341
0 0.508987 0.141946 0.397059 0.019139
0 0.508170 0.179825 0.571895 0.031100
0 0.615196 0.226077 0.436275 0.031100
0 0.111928 0.251196 0.138889 0.019139
0 0.679739 0.253190 0.316993 0.016746
0 0.324346 0.281100 0.566993 0.029506
0 0.274510 0.309011 0.473856 0.021531
0 0.187092 0.327352 0.295752 0.018341
0 0.304739 0.345295 0.531046 0.017544
0 0.236928 0.362440 0.388889 0.018341
0 0.543301 0.380781 0.256536 0.018341
0 0.755719 0.381180 0.096405 0.019139
0 0.147059 0.404306 0.222222 0.017544
0 0.414216 0.403907 0.063725 0.015152
0 0.644608 0.403907 0.027778 0.015152
0 0.857026 0.405104 0.142157 0.017544
0 0.132353 0.433812 0.199346 0.017544
0 0.402778 0.433812 0.083333 0.017544
0 0.509804 0.434211 0.026144 0.016746
0 0.589052 0.433812 0.027778 0.015949
0 0.645425 0.434211 0.026144 0.016746
0 0.741013 0.433812 0.027778 0.015949
0 0.887255 0.434211 0.081699 0.016746
0 0.123366 0.451356 0.184641 0.017544
0 0.403595 0.452552 0.081699 0.015152
0 0.510621 0.453349 0.021242 0.015152
0 0.585784 0.453349 0.024510 0.015152
0 0.644608 0.453349 0.024510 0.015152
0 0.742647 0.452951 0.027778 0.015949
0 0.888072 0.453349 0.083333 0.015152
0 0.126634 0.471292 0.181373 0.015949
0 0.404412 0.470893 0.086601 0.015152
0 0.510621 0.471691 0.024510 0.015152
0 0.588235 0.470494 0.029412 0.015949
0 0.643791 0.471691 0.029412 0.015152
0 0.742647 0.470893 0.027778 0.015152
0 0.887255 0.471691 0.084967 0.016746
0 0.477941 0.503589 0.348039 0.034290
0 0.780229 0.503589 0.102941 0.027911
0 0.192810 0.535486 0.316993 0.018341
0 0.402778 0.535486 0.083333 0.018341
0 0.510621 0.535885 0.024510 0.015949
0 0.587418 0.536284 0.027778 0.015152
0 0.644608 0.535486 0.024510 0.015152
0 0.741013 0.535885 0.027778 0.015949
0 0.888072 0.535885 0.086601 0.015949
0 0.143791 0.553828 0.222222 0.018341
0 0.405229 0.554226 0.091503 0.015949
0 0.502451 0.554226 0.047386 0.015949
0 0.587418 0.553828 0.027778 0.015152
0 0.643791 0.554226 0.026144 0.015949
0 0.731209 0.554625 0.044118 0.015152
0 0.888072 0.553828 0.083333 0.016746
0 0.136438 0.573764 0.200980 0.016746
0 0.405229 0.573764 0.088235 0.016746
0 0.504085 0.573764 0.044118 0.015152
0 0.586601 0.573764 0.029412 0.015152
0 0.644608 0.574163 0.024510 0.015949
0 0.731209 0.573764 0.040850 0.015152
0 0.888072 0.573764 0.083333 0.015152
0 0.137255 0.592105 0.202614 0.018341
0 0.405229 0.592105 0.088235 0.015152
0 0.510621 0.591707 0.031046 0.015949
0 0.588235 0.592903 0.026144 0.015152
0 0.643791 0.592105 0.026144 0.015152
0 0.738562 0.592105 0.026144 0.016746
0 0.886438 0.592903 0.086601 0.016746
0 0.364379 0.625997 0.584967 0.033493
0 0.781046 0.623206 0.107843 0.027911
0 0.616013 0.661085 0.081699 0.028708
0 0.794118 0.661483 0.088235 0.027911
0 0.370915 0.702951 0.562092 0.034290
0 0.781046 0.701754 0.104575 0.027113
0 0.481209 0.740431 0.357843 0.032695
0 0.781046 0.738836 0.101307 0.026316
0 0.520425 0.781100 0.279412 0.034290
0 0.781046 0.779506 0.101307 0.027911
0 0.119281 0.822568 0.160131 0.018341
0 0.476307 0.843301 0.864379 0.018341
0 0.424837 0.862440 0.764706 0.016746
0 0.479575 0.880781 0.870915 0.016746
0 0.406046 0.899123 0.727124 0.016746
0 0.422386 0.917464 0.759804 0.018341
0 0.191176 0.936204 0.300654 0.017544
0 0.510621 0.956938 0.403595 0.020734
0 0.672386 0.123206 0.299020 0.018341
0 0.490196 0.404306 0.065359 0.015949
0 0.569444 0.404306 0.063725 0.015949
0 0.713235 0.404306 0.083333 0.015949
