0 0.468927 0.147418 0.827684 0.023673
0 0.440678 0.175395 0.774011 0.025108
0 0.256356 0.204089 0.408192 0.023673
0 0.197740 0.232783 0.274011 0.020803
0 0.310028 0.261478 0.501412 0.023673
0 0.750706 0.258608 0.295198 0.022238
0 0.299435 0.290531 0.483051 0.021521
0 0.278249 0.318149 0.144068 0.022238
0 0.590395 0.316714 0.341808 0.022238
0 0.258475 0.345050 0.398305 0.022956
0 0.703390 0.343974 0.409605 0.022238
0 0.202684 0.374103 0.298023 0.020803
0 0.569209 0.373027 0.149718 0.021521
0 0.115113 0.431851 0.086158 0.021521
0 0.307203 0.432209 0.086158 0.020803
0 0.485876 0.433286 0.067797 0.024390
0 0.604520 0.431133 0.048023 0.021521
0 0.689266 0.428981 0.045198 0.024390
0 0.807203 0.429340 0.072034 0.022238
0 0.245763 0.488522 0.338983 0.022956
0 0.465395 0.486729 0.021186 0.022238
0 0.582627 0.487805 0.088983 0.021521
0 0.681497 0.488522 0.026836 0.020086
0 0.831215 0.486011 0.156780 0.022238
0 0.293785 0.546270 0.062147 0.023673
0 0.463983 0.544835 0.021186 0.020803
0 0.807910 0.544835 0.104520 0.022238
0 0.564266 0.576040 0.261299 0.024390
0 0.819209 0.573171 0.087571 0.021521
0 0.470339 0.630560 0.064972 0.021521
0 0.811441 0.628766 0.111582 0.022238
0 0.463277 0.660689 0.062147 0.022956
0 0.806497 0.656743 0.107345 0.020803
0 0.497175 0.717719 0.127119 0.026542
0 0.817797 0.714491 0.093220 0.020086
0 0.489407 0.772956 0.699153 0.025108
0 0.464689 0.799857 0.833333 0.022956
0 0.396186 0.827834 0.682203 0.022956
0 0.350989 0.857245 0.588983 0.021521
0 0.469633 0.888092 0.831921 0.028694
