0 0.498737 0.141012 0.535354 0.031659
0 0.498737 0.164847 0.366162 0.011645
0 0.460227 0.189956 0.597222 0.013828
0 0.344066 0.203785 0.150253 0.011645
0 0.460859 0.219978 0.426768 0.012737
0 0.469697 0.235990 0.613636 0.013464
0 0.470328 0.252183 0.453283 0.013828
0 0.461490 0.268195 0.390152 0.014556
0 0.460859 0.283115 0.780303 0.013828
0 0.449495 0.298763 0.234848 0.013100
0 0.448232 0.314774 0.406566 0.013100
0 0.127525 0.330058 0.194444 0.012373
0 0.767677 0.330240 0.232323 0.013464
0 0.116162 0.359534 0.176768 0.012373
0 0.820707 0.360990 0.133838 0.011645
0 0.462121 0.375546 0.393939 0.012373
0 0.042929 0.405386 0.017677 0.010917
0 0.247475 0.405932 0.260101 0.012009
0 0.779672 0.406841 0.130051 0.011645
0 0.043561 0.420852 0.023990 0.011281
0 0.339646 0.421761 0.452020 0.013828
0 0.768308 0.421579 0.147727 0.012009
0 0.041667 0.436681 0.022727 0.011645
0 0.191288 0.437045 0.112374 0.012373
0 0.834596 0.437591 0.025253 0.009825
0 0.042298 0.451237 0.029040 0.010189
0 0.342172 0.452693 0.406566 0.013828
0 0.833965 0.452511 0.023990 0.012009
0 0.267045 0.467977 0.213384 0.013100
0 0.267677 0.483079 0.217172 0.012737
0 0.268939 0.498908 0.219697 0.013100
0 0.267045 0.514556 0.218434 0.013828
0 0.041035 0.529112 0.026515 0.013100
0 0.350379 0.529476 0.460859 0.013100
0 0.770202 0.529658 0.148990 0.012737
0 0.041667 0.545306 0.027778 0.011281
0 0.193182 0.545124 0.103535 0.013828
0 0.833333 0.546215 0.025253 0.011645
0 0.041667 0.560408 0.027778 0.010917
0 0.287247 0.560953 0.306818 0.012737
0 0.834596 0.561317 0.025253 0.011281
0 0.187500 0.591157 0.195707 0.014192
0 0.739899 0.592249 0.121212 0.012009
0 0.241162 0.611900 0.303030 0.022926
0 0.655303 0.613173 0.247475 0.025473
0 0.170455 0.631186 0.161616 0.014192
0 0.758838 0.632278 0.085859 0.012009
0 0.447601 0.663028 0.405303 0.013828
0 0.450126 0.678857 0.574495 0.014192
0 0.460859 0.693413 0.482323 0.013464
0 0.449495 0.709607 0.502525 0.012373
0 0.446338 0.725073 0.582071 0.014192
0 0.460227 0.740539 0.342172 0.013100
0 0.458965 0.770560 0.397727 0.014192
0 0.457702 0.786026 0.205808 0.013100
0 0.453914 0.816048 0.582071 0.014192
0 0.459596 0.830422 0.772727 0.015284
0 0.203914 0.875546 0.218434 0.013100
0 0.458965 0.876092 0.213384 0.014192
0 0.684343 0.876092 0.156566 0.014192
0 0.202020 0.890648 0.214646 0.012009
0 0.418561 0.890648 0.125000 0.011281
0 0.650253 0.890648 0.090909 0.012009
0 0.203914 0.905568 0.220960 0.013464
0 0.395833 0.905568 0.084596 0.012009
0 0.652146 0.905932 0.089646 0.010553
