0 0.480556 0.233312 0.266667 0.011126
0 0.480093 0.243783 0.099074 0.008508
0 0.481944 0.256217 0.060185 0.009817
0 0.482407 0.267670 0.231481 0.009162
0 0.481019 0.280105 0.175000 0.009162
0 0.480556 0.290249 0.075926 0.008508
0 0.417130 0.301047 0.163889 0.009162
0 0.345833 0.317408 0.025000 0.007853
0 0.437500 0.318717 0.019444 0.009162
0 0.614352 0.318063 0.028704 0.009162
0 0.432870 0.331806 0.197222 0.009162
0 0.349074 0.343914 0.029630 0.008508
0 0.430556 0.344241 0.007407 0.009162
0 0.611574 0.344895 0.028704 0.009162
0 0.429630 0.362238 0.188889 0.011126
0 0.349537 0.375000 0.028704 0.007853
0 0.430556 0.375327 0.005556 0.007199
0 0.612037 0.375982 0.029630 0.008508
0 0.574074 0.396597 0.103704 0.009162
0 0.581019 0.408377 0.093519 0.009162
0 0.583796 0.419830 0.086111 0.008508
0 0.372685 0.435537 0.080556 0.009817
0 0.604630 0.436191 0.042593 0.008508
0 0.350463 0.448298 0.036111 0.007853
0 0.610648 0.449280 0.030556 0.008508
0 0.354167 0.461060 0.043519 0.009817
0 0.610648 0.461060 0.030556 0.009817
0 0.365741 0.489856 0.066667 0.008508
0 0.506481 0.490183 0.046296 0.007853
0 0.611574 0.490183 0.028704 0.007853
0 0.366204 0.502291 0.069444 0.008508
0 0.519907 0.502618 0.017593 0.006545
0 0.615741 0.502618 0.020370 0.006545
0 0.477778 0.520288 0.138889 0.009162
0 0.478241 0.532395 0.189815 0.011126
0 0.476389 0.544503 0.126852 0.010471
0 0.477315 0.555628 0.137963 0.010471
0 0.476389 0.567081 0.171296 0.009817
0 0.475463 0.579516 0.152778 0.011126
