0 0.480458 0.175167 0.570081 0.024247
0 0.480458 0.209448 0.583558 0.025920
0 0.478437 0.240803 0.665768 0.028428
0 0.479784 0.272157 0.385445 0.027592
0 0.478437 0.304348 0.506739 0.028428
0 0.481132 0.349080 0.188679 0.020903
0 0.818733 0.328177 0.314016 0.040970
0 0.157008 0.378344 0.171159 0.020903
0 0.374663 0.379599 0.202156 0.020067
0 0.108491 0.408445 0.079515 0.022575
0 0.129380 0.439799 0.118598 0.023411
0 0.484501 0.410953 0.419137 0.022575
0 0.316038 0.440635 0.087601 0.020067
0 0.235849 0.510033 0.183288 0.023411
0 0.535040 0.510033 0.056604 0.020067
0 0.673854 0.507107 0.083558 0.022575
0 0.831536 0.505017 0.126685 0.018395
0 0.097035 0.537625 0.016173 0.018395
0 0.142183 0.537625 0.041779 0.018395
0 0.299865 0.538043 0.219677 0.019231
0 0.553908 0.539298 0.016173 0.016722
0 0.675202 0.537207 0.078167 0.019231
0 0.855795 0.534699 0.078167 0.019231
0 0.415094 0.568144 0.606469 0.020903
0 0.510782 0.615803 0.075472 0.019231
0 0.497978 0.646739 0.130728 0.019231
0 0.314690 0.678930 0.500000 0.023411
0 0.447439 0.708612 0.229111 0.020903
0 0.490566 0.741221 0.107817 0.022575
0 0.853774 0.612876 0.076819 0.018395
0 0.863881 0.643395 0.067385 0.017559
0 0.854447 0.678094 0.075472 0.018395
0 0.853100 0.705268 0.080863 0.019231
0 0.853774 0.737458 0.082210 0.018395
0 0.195418 0.786789 0.210243 0.023411
0 0.390836 0.785953 0.035040 0.018395
0 0.599730 0.786371 0.177898 0.020903
0 0.804582 0.785953 0.123989 0.021739
0 0.117251 0.816890 0.040431 0.018395
0 0.377358 0.816472 0.064690 0.017559
0 0.649596 0.817726 0.080863 0.018395
0 0.837601 0.816054 0.063342 0.018395
0 0.495957 0.877508 0.832884 0.024247
0 0.493261 0.906355 0.797844 0.023411
0 0.488544 0.934365 0.707547 0.024247
