0 0.510552 0.072470 0.900974 0.021441
0 0.509740 0.092196 0.441558 0.021441
0 0.506494 0.112350 0.483766 0.020583
0 0.350649 0.129931 0.298701 0.019726
0 0.673701 0.130789 0.301948 0.018010
0 0.512987 0.150086 0.392857 0.018868
0 0.508929 0.192967 0.563312 0.029160
0 0.617695 0.243139 0.426948 0.028302
0 0.118506 0.268439 0.139610 0.020583
0 0.683442 0.271441 0.314935 0.018010
0 0.326299 0.301458 0.568182 0.030017
0 0.284091 0.331904 0.470779 0.020583
0 0.194805 0.351630 0.285714 0.017153
0 0.309253 0.371784 0.524351 0.018010
0 0.245942 0.390652 0.397727 0.021441
0 0.546266 0.409949 0.254870 0.018868
0 0.756494 0.410377 0.090909 0.018010
0 0.147727 0.434391 0.220779 0.018010
0 0.322240 0.433533 0.063312 0.016295
0 0.398539 0.433962 0.056818 0.017153
0 0.476461 0.434391 0.063312 0.014580
0 0.551136 0.433962 0.021104 0.015437
0 0.620942 0.433962 0.079545 0.015437
0 0.760552 0.434820 0.141234 0.018868
0 0.139610 0.463979 0.194805 0.018868
0 0.311688 0.465266 0.081169 0.016295
0 0.414773 0.464837 0.024351 0.015437
0 0.493506 0.465695 0.025974 0.015437
0 0.551948 0.465695 0.019481 0.013722
0 0.646104 0.466123 0.022727 0.018010
0 0.782468 0.466552 0.097403 0.018868
0 0.129058 0.485849 0.180195 0.018010
0 0.309253 0.484563 0.079545 0.017153
0 0.415584 0.484991 0.022727 0.016295
0 0.492695 0.486278 0.030844 0.017153
0 0.550325 0.485849 0.025974 0.016295
0 0.646916 0.487136 0.024351 0.017153
0 0.781656 0.487136 0.102273 0.017153
0 0.131494 0.505575 0.181818 0.016295
0 0.311688 0.505575 0.081169 0.016295
0 0.414773 0.506003 0.024351 0.015437
0 0.493506 0.506003 0.025974 0.015437
0 0.551136 0.506003 0.021104 0.013722
0 0.646104 0.506003 0.022727 0.015437
0 0.780844 0.507290 0.097403 0.016295
0 0.480519 0.542024 0.340909 0.041166
0 0.780844 0.540309 0.097403 0.027444
0 0.131494 0.574614 0.175325 0.020583
0 0.309253 0.575472 0.082792 0.017153
0 0.408279 0.576329 0.043831 0.015437
0 0.491071 0.575901 0.021104 0.016295
0 0.550325 0.575901 0.022727 0.016295
0 0.638799 0.576329 0.040584 0.018868
0 0.781656 0.576758 0.099026 0.014580
0 0.366071 0.611492 0.576299 0.037736
0 0.783279 0.610635 0.095779 0.032590
0 0.616883 0.650943 0.077922 0.029160
0 0.790584 0.652230 0.081169 0.030017
0 0.373377 0.696398 0.555195 0.036021
0 0.782468 0.696827 0.103896 0.030017
0 0.478896 0.734563 0.350649 0.035163
0 0.780032 0.734991 0.105519 0.029160
0 0.517045 0.779160 0.271104 0.038593
0 0.781656 0.777873 0.105519 0.030875
0 0.121753 0.825043 0.152597 0.020583
0 0.482955 0.846484 0.868506 0.020583
0 0.422078 0.866209 0.753247 0.020583
0 0.478896 0.885935 0.873377 0.020583
0 0.408279 0.906089 0.719156 0.019726
0 0.422890 0.926672 0.758117 0.018010
0 0.195617 0.945111 0.303571 0.018868
0 0.512175 0.968268 0.384740 0.020583
