0 0.470128 0.207455 0.516358 0.024849
0 0.472262 0.232304 0.412518 0.023343
0 0.458037 0.258660 0.768137 0.026355
0 0.457326 0.283886 0.721195 0.025602
0 0.470128 0.308358 0.701280 0.021837
0 0.460171 0.333584 0.578947 0.024096
0 0.458748 0.358810 0.297297 0.023343
0 0.458748 0.384036 0.300142 0.019578
0 0.343528 0.434864 0.678521 0.023343
0 0.916785 0.435617 0.046942 0.023343
0 0.108819 0.458961 0.209104 0.020331
0 0.157895 0.484940 0.301565 0.021084
0 0.625178 0.486069 0.209104 0.021837
0 0.837127 0.485693 0.112376 0.022590
0 0.202703 0.509036 0.394026 0.021084
0 0.916074 0.510542 0.051209 0.021084
0 0.228307 0.536521 0.442390 0.024849
0 0.088193 0.559864 0.162162 0.020331
0 0.625178 0.560617 0.206259 0.020331
0 0.847795 0.561370 0.091038 0.020331
0 0.137269 0.611069 0.254623 0.021837
0 0.821479 0.612575 0.231863 0.023343
0 0.216927 0.660392 0.419630 0.021084
0 0.845661 0.661145 0.186344 0.019578
0 0.052632 0.685994 0.091038 0.022590
0 0.846373 0.687123 0.184922 0.021837
0 0.077525 0.711596 0.140825 0.019578
0 0.857752 0.712349 0.162162 0.019578
0 0.296586 0.762048 0.578947 0.024096
0 0.786629 0.762425 0.165007 0.023343
0 0.286629 0.811747 0.559033 0.021084
0 0.789474 0.813630 0.301565 0.023343
0 0.288762 0.837726 0.557610 0.021837
0 0.465149 0.888554 0.625889 0.021084
0 0.460882 0.913404 0.432432 0.021084
0 0.472262 0.938630 0.549075 0.021837
