0 0.447273 0.115434 0.465455 0.020408
0 0.441818 0.136480 0.364848 0.022959
0 0.430909 0.159120 0.660606 0.023597
0 0.430909 0.180166 0.621818 0.022321
0 0.446667 0.201531 0.609697 0.021684
0 0.434545 0.223214 0.505455 0.021684
0 0.440000 0.243941 0.261818 0.021046
0 0.438182 0.265625 0.265455 0.018495
0 0.380606 0.309311 0.671515 0.024235
0 0.833939 0.304209 0.046061 0.017857
0 0.141212 0.333227 0.183030 0.019770
0 0.175152 0.353954 0.272727 0.019133
0 0.584848 0.350128 0.183030 0.019133
0 0.766061 0.346620 0.101818 0.021046
0 0.224242 0.375638 0.349091 0.021684
0 0.836364 0.367666 0.041212 0.021046
0 0.183030 0.396684 0.266667 0.020408
0 0.122424 0.419005 0.143030 0.019133
0 0.529091 0.414541 0.059394 0.019133
0 0.637576 0.411990 0.084848 0.019133
0 0.778788 0.410714 0.081212 0.020408
0 0.246061 0.438776 0.385455 0.021684
0 0.838788 0.431122 0.043636 0.021684
0 0.186061 0.461416 0.265455 0.019770
0 0.186667 0.481505 0.261818 0.020408
0 0.532121 0.478316 0.058182 0.019133
0 0.640000 0.477041 0.080000 0.021684
0 0.781818 0.473852 0.080000 0.020408
0 0.229091 0.502870 0.344242 0.021046
0 0.843636 0.496811 0.043636 0.020408
0 0.240000 0.524235 0.366061 0.020408
0 0.190909 0.545918 0.265455 0.020408
0 0.533939 0.541773 0.059394 0.017219
0 0.643030 0.541454 0.081212 0.019133
0 0.784848 0.539222 0.081212 0.019770
0 0.181818 0.567921 0.244848 0.019770
0 0.845455 0.559311 0.044848 0.020408
0 0.110303 0.589923 0.101818 0.019133
0 0.536364 0.585140 0.061818 0.018495
0 0.644848 0.584184 0.082424 0.019133
0 0.785455 0.582270 0.082424 0.020408
0 0.174545 0.632653 0.225455 0.020408
0 0.113939 0.587054 0.111515 0.017219
0 0.248485 0.674745 0.368485 0.022959
0 0.789697 0.667730 0.166061 0.019133
0 0.106667 0.697066 0.084848 0.019133
0 0.780000 0.688457 0.185455 0.019770
0 0.126667 0.718750 0.122424 0.020408
0 0.790303 0.709184 0.162424 0.019133
0 0.318788 0.759247 0.509091 0.024872
0 0.742424 0.753508 0.139394 0.019770
0 0.315758 0.801977 0.483636 0.023597
0 0.746061 0.795599 0.263030 0.019770
0 0.314545 0.822704 0.490909 0.024235
0 0.468485 0.864158 0.549091 0.025510
0 0.466667 0.884247 0.383030 0.022321
0 0.475758 0.906569 0.483636 0.024872
