0 0.491071 0.143401 0.865260 0.024535
0 0.485390 0.172166 0.246753 0.021151
0 0.481331 0.197970 0.605519 0.023689
0 0.484578 0.226311 0.573052 0.021151
0 0.487825 0.252538 0.641234 0.021151
0 0.521104 0.295685 0.357143 0.024535
0 0.103896 0.328680 0.155844 0.024535
0 0.146916 0.365482 0.222403 0.025381
0 0.633929 0.366328 0.144481 0.023689
0 0.190747 0.390863 0.329545 0.025381
0 0.632305 0.391709 0.141234 0.020305
0 0.137175 0.417090 0.196429 0.027073
0 0.086039 0.462775 0.110390 0.023689
0 0.422078 0.464890 0.090909 0.022843
0 0.646916 0.464890 0.082792 0.021151
0 0.867695 0.467005 0.186688 0.020305
0 0.112825 0.492809 0.173701 0.017766
0 0.426136 0.491963 0.047078 0.019459
0 0.648539 0.494501 0.082792 0.019459
0 0.215097 0.519882 0.368506 0.017766
0 0.105519 0.549069 0.155844 0.020305
0 0.424513 0.548646 0.024351 0.017766
0 0.643669 0.550338 0.108766 0.022843
0 0.899351 0.549492 0.077922 0.022843
0 0.301136 0.576988 0.540584 0.023689
0 0.146104 0.606599 0.243506 0.023689
0 0.427760 0.608714 0.040584 0.021151
0 0.464286 0.645516 0.279221 0.023689
0 0.900162 0.646785 0.095779 0.022843
0 0.529221 0.679357 0.142857 0.027073
0 0.893669 0.681472 0.095779 0.017766
0 0.532468 0.713621 0.129870 0.026227
0 0.892045 0.713621 0.105519 0.021151
0 0.473214 0.749154 0.264610 0.022843
0 0.900162 0.746616 0.099026 0.016074
0 0.261364 0.783418 0.188312 0.027073
0 0.883117 0.786379 0.110390 0.024535
0 0.245942 0.817682 0.154221 0.026227
0 0.857955 0.817682 0.147727 0.024535
0 0.282468 0.855330 0.240260 0.027073
0 0.872565 0.857445 0.141234 0.024535
0 0.486201 0.922589 0.660714 0.021151
0 0.486201 0.952200 0.193182 0.019459
0 0.900162 0.494924 0.086039 0.020305
0 0.411526 0.365482 0.254870 0.028765
0 0.840097 0.365482 0.222403 0.025381
0 0.412338 0.391709 0.090909 0.020305
0 0.817370 0.391709 0.170455 0.027073
0 0.353084 0.417936 0.125000 0.018613
