0 0.447496 0.103051 0.752827 0.027119
0 0.445880 0.132542 0.743134 0.016949
0 0.231826 0.147797 0.321486 0.014915
0 0.382876 0.166102 0.620355 0.017627
0 0.249596 0.186102 0.353796 0.016949
0 0.294830 0.204068 0.450727 0.016271
0 0.139742 0.225085 0.163166 0.014915
0 0.333603 0.241017 0.550889 0.015593
0 0.276252 0.278644 0.423263 0.020339
0 0.810178 0.214237 0.292407 0.020339
0 0.195477 0.321356 0.229402 0.018983
0 0.215670 0.362034 0.192246 0.014915
0 0.697900 0.322034 0.520194 0.014915
0 0.499192 0.338983 0.116317 0.013559
0 0.813409 0.362373 0.075929 0.014237
0 0.917609 0.362712 0.045234 0.014915
0 0.297254 0.385424 0.507270 0.015593
0 0.462843 0.406102 0.147011 0.016271
0 0.434572 0.435593 0.093700 0.018305
0 0.477383 0.455932 0.179321 0.016949
0 0.474960 0.483051 0.174475 0.016949
0 0.434572 0.522034 0.096931 0.014915
0 0.459612 0.543390 0.140549 0.015593
0 0.810985 0.387797 0.074313 0.013559
0 0.815024 0.408814 0.079160 0.013559
0 0.815832 0.437627 0.084006 0.015593
0 0.814216 0.456949 0.077544 0.012203
0 0.816640 0.484746 0.079160 0.014915
0 0.807754 0.524407 0.090468 0.014237
0 0.819063 0.546102 0.071082 0.014237
0 0.163166 0.575254 0.229402 0.018305
0 0.520194 0.574915 0.219709 0.016271
0 0.841680 0.575254 0.138934 0.016949
0 0.126010 0.593559 0.158320 0.015593
0 0.585622 0.593559 0.075929 0.015593
0 0.878029 0.594237 0.075929 0.015593
0 0.255250 0.647458 0.416801 0.016271
0 0.567851 0.648136 0.105008 0.016271
0 0.742326 0.648475 0.189015 0.015593
0 0.512924 0.746780 0.809370 0.018305
0 0.518578 0.781356 0.672052 0.015593
0 0.516963 0.801017 0.410339 0.018305
0 0.517771 0.836271 0.673667 0.019661
0 0.512116 0.872881 0.823910 0.015593
0 0.515347 0.894576 0.862682 0.018305
0 0.516963 0.915593 0.239095 0.016949
0 0.513732 0.952542 0.739903 0.018983
