0 0.488622 0.200669 0.762326 0.017837
0 0.480405 0.221572 0.204804 0.018395
0 0.489254 0.243311 0.761062 0.019509
0 0.487990 0.264214 0.455120 0.018952
0 0.489254 0.284560 0.528445 0.019509
0 0.469027 0.306299 0.414665 0.020624
0 0.260430 0.326644 0.300885 0.018952
0 0.306574 0.347269 0.322377 0.018952
0 0.698483 0.349498 0.266751 0.018952
0 0.147914 0.370123 0.078382 0.015608
0 0.445638 0.370959 0.393173 0.017280
0 0.298989 0.392140 0.385588 0.018395
0 0.726296 0.392419 0.132743 0.018952
0 0.860303 0.392140 0.024020 0.016165
0 0.138432 0.433946 0.061947 0.019509
0 0.329330 0.435061 0.213654 0.018395
0 0.785082 0.433946 0.174463 0.018395
0 0.175727 0.475195 0.015171 0.015050
0 0.616941 0.476589 0.022756 0.015608
0 0.736410 0.476031 0.158028 0.017837
0 0.224399 0.496656 0.231353 0.018952
0 0.180152 0.517001 0.018963 0.016165
0 0.613148 0.517001 0.025284 0.015050
0 0.737674 0.517001 0.155499 0.017280
0 0.197219 0.538183 0.174463 0.018395
0 0.176991 0.557692 0.015171 0.017280
0 0.614412 0.558807 0.025284 0.016165
0 0.737042 0.558528 0.156764 0.017837
0 0.317952 0.580268 0.420986 0.018952
0 0.176991 0.601171 0.015171 0.015050
0 0.613780 0.602007 0.024020 0.016722
0 0.747788 0.602285 0.135272 0.018395
0 0.184576 0.624303 0.156764 0.018952
0 0.320480 0.663601 0.415929 0.019509
0 0.821745 0.664437 0.098609 0.015608
0 0.222503 0.685340 0.230088 0.019509
0 0.831226 0.685061 0.077118 0.017837
0 0.347661 0.705128 0.470291 0.018952
0 0.823641 0.705964 0.094817 0.016165
0 0.235145 0.726031 0.250316 0.019509
0 0.823641 0.726867 0.097345 0.015608
0 0.221871 0.746656 0.213654 0.018395
0 0.774968 0.746934 0.187105 0.016722
0 0.195954 0.787625 0.174463 0.017837
0 0.567636 0.787904 0.194690 0.017280
0 0.793300 0.788462 0.158028 0.017280
0 0.291403 0.807692 0.362832 0.016722
0 0.166245 0.828317 0.109987 0.017837
0 0.822377 0.829989 0.097345 0.016722
0 0.215550 0.871237 0.208597 0.018952
0 0.584071 0.870959 0.187105 0.017280
0 0.803413 0.870959 0.130215 0.019509
0 0.130215 0.890747 0.042984 0.016722
0 0.356511 0.891026 0.111252 0.018395
0 0.633375 0.891026 0.098609 0.017280
0 0.831226 0.891862 0.074589 0.016722
0 0.481669 0.953735 0.361568 0.017837
0 0.500632 0.975195 0.328698 0.018395
