0 0.490343 0.124511 0.173820 0.021037
0 0.493562 0.144814 0.467811 0.015656
0 0.495172 0.166341 0.189914 0.017613
0 0.489807 0.185665 0.625536 0.017123
0 0.492489 0.205235 0.148069 0.015166
0 0.493026 0.226272 0.501073 0.018102
0 0.493026 0.245841 0.290773 0.016145
0 0.502146 0.267613 0.403433 0.019569
0 0.495708 0.294276 0.321888 0.022994
0 0.164700 0.359589 0.086910 0.015656
0 0.364270 0.360078 0.187768 0.018591
0 0.520923 0.359589 0.095494 0.015656
0 0.742489 0.358611 0.175966 0.015656
0 0.255901 0.384295 0.273605 0.018102
0 0.171674 0.409247 0.103004 0.019080
0 0.280579 0.434442 0.316524 0.016634
0 0.165773 0.458904 0.095494 0.016634
0 0.214056 0.496086 0.183476 0.016634
0 0.201180 0.518591 0.155579 0.015656
0 0.412554 0.518346 0.217811 0.015166
0 0.820279 0.517613 0.131974 0.016634
0 0.928112 0.508072 0.060086 0.015166
0 0.932403 0.527397 0.066524 0.015656
0 0.347103 0.552104 0.449571 0.018102
0 0.189914 0.576566 0.137339 0.015166
0 0.321888 0.576321 0.021459 0.013699
0 0.418455 0.576321 0.075107 0.015656
0 0.856223 0.575832 0.175966 0.016634
0 0.348712 0.605675 0.450644 0.017613
0 0.190987 0.629403 0.139485 0.016145
0 0.322425 0.629403 0.022532 0.015166
0 0.419528 0.627935 0.077253 0.016145
0 0.859979 0.628669 0.179185 0.015656
0 0.158262 0.656311 0.067597 0.018102
0 0.285944 0.655088 0.026824 0.014677
0 0.520386 0.658513 0.231760 0.018591
0 0.834227 0.658268 0.127682 0.015166
0 0.557940 0.680039 0.156652 0.014677
0 0.833691 0.679305 0.124464 0.013209
0 0.513948 0.700832 0.242489 0.016145
0 0.835300 0.701076 0.123391 0.013699
0 0.422747 0.722114 0.429185 0.017613
0 0.835300 0.721869 0.121245 0.016145
0 0.597639 0.740705 0.081545 0.015656
0 0.832618 0.740215 0.124464 0.015656
0 0.493026 0.761252 0.282189 0.017613
0 0.835837 0.760519 0.124464 0.015166
0 0.361052 0.789384 0.252146 0.020059
0 0.808476 0.789873 0.183476 0.022016
0 0.568133 0.824119 0.228541 0.018102
0 0.794528 0.823386 0.200644 0.017613
0 0.611588 0.849070 0.201717 0.022016
0 0.812768 0.847847 0.170601 0.018591
0 0.244635 0.895793 0.238197 0.017613
0 0.531116 0.894814 0.274678 0.016634
0 0.831545 0.894569 0.135193 0.016145
0 0.206545 0.917074 0.153433 0.016145
0 0.623391 0.916341 0.077253 0.015656
0 0.858369 0.916341 0.077253 0.014677
0 0.515558 0.943982 0.571888 0.018102
0 0.516631 0.963063 0.625536 0.016145
0 0.397532 0.413650 0.262876 0.024951
0 0.369099 0.457926 0.195279 0.016634
