0 0.474104 0.151211 0.486056 0.028374
0 0.473440 0.176817 0.391766 0.025606
0 0.459495 0.200346 0.722444 0.028374
0 0.458167 0.223183 0.677291 0.029758
0 0.471448 0.246713 0.664011 0.026990
0 0.460159 0.269550 0.548473 0.025606
0 0.458167 0.293772 0.281541 0.022837
0 0.454847 0.316955 0.290837 0.022145
0 0.156707 0.358478 0.268260 0.023529
0 0.887118 0.369204 0.045153 0.020069
0 0.176627 0.381661 0.316069 0.022837
0 0.101594 0.402422 0.173971 0.022837
0 0.543825 0.409689 0.067729 0.017993
0 0.662683 0.411073 0.087649 0.020761
0 0.818725 0.413841 0.091633 0.020761
0 0.363214 0.430796 0.683931 0.026990
0 0.883798 0.438408 0.046481 0.021453
0 0.154050 0.451557 0.270916 0.021453
0 0.162683 0.474394 0.285525 0.022837
0 0.539841 0.479585 0.067729 0.020761
0 0.659363 0.481315 0.091633 0.021453
0 0.813413 0.483391 0.088977 0.021453
0 0.317397 0.500346 0.592297 0.026298
0 0.881142 0.507612 0.046481 0.022837
0 0.158699 0.520761 0.288181 0.022837
0 0.157371 0.544291 0.290837 0.022837
0 0.538513 0.549135 0.070385 0.021453
0 0.660027 0.550519 0.092961 0.021453
0 0.812749 0.553633 0.092961 0.020761
0 0.147410 0.567474 0.268260 0.022145
0 0.877822 0.576125 0.047809 0.021453
0 0.068393 0.589965 0.110226 0.020069
0 0.538513 0.595848 0.067729 0.019377
0 0.656042 0.597578 0.092961 0.021453
0 0.811421 0.598962 0.090305 0.021453
0 0.134794 0.637370 0.243028 0.023529
0 0.784861 0.645329 0.225764 0.024221
0 0.211155 0.684083 0.406375 0.024221
0 0.805445 0.692042 0.179283 0.022145
0 0.054449 0.706228 0.092961 0.021453
0 0.805445 0.715225 0.179283 0.021453
0 0.282869 0.754325 0.549801 0.026298
0 0.746348 0.761246 0.154050 0.022145
0 0.272908 0.800000 0.527224 0.024913
0 0.745684 0.805536 0.290837 0.023529
0 0.272908 0.823529 0.532537 0.024913
0 0.435591 0.871972 0.600266 0.026298
0 0.430279 0.895502 0.416999 0.024913
0 0.440903 0.919723 0.525896 0.026298
