0 0.286962 0.183682 0.471774 0.026527
0 0.301075 0.211013 0.505376 0.028135
0 0.353495 0.235129 0.604839 0.024920
0 0.213710 0.263264 0.330645 0.021704
0 0.266801 0.287781 0.434140 0.024116
0 0.108199 0.341640 0.111559 0.020900
0 0.278898 0.392685 0.455645 0.024920
0 0.684140 0.391479 0.327957 0.020900
0 0.211022 0.420820 0.319892 0.023312
0 0.604839 0.418006 0.274194 0.020900
0 0.157930 0.447749 0.211022 0.022508
0 0.098118 0.500402 0.091398 0.021704
0 0.338710 0.499598 0.083333 0.021704
0 0.466398 0.498794 0.067204 0.021704
0 0.615591 0.497588 0.172043 0.020900
0 0.196237 0.526527 0.290323 0.020900
0 0.416667 0.525723 0.053763 0.020900
0 0.533602 0.523714 0.088710 0.020096
0 0.667339 0.522910 0.100806 0.018489
0 0.505376 0.549839 0.924731 0.024116
0 0.192204 0.577572 0.287634 0.021704
0 0.405242 0.578376 0.028226 0.023312
0 0.520833 0.577974 0.081989 0.024116
0 0.653898 0.577170 0.081989 0.020900
0 0.231855 0.604502 0.369624 0.020900
0 0.213038 0.657958 0.326613 0.021704
0 0.509409 0.656350 0.048387 0.023312
0 0.159274 0.687299 0.216398 0.022508
0 0.370968 0.687701 0.099462 0.020096
0 0.098790 0.713023 0.092742 0.020900
0 0.305108 0.712621 0.083333 0.018489
0 0.091398 0.739550 0.080645 0.019293
0 0.303091 0.739148 0.081989 0.018489
0 0.086694 0.765273 0.076613 0.020900
0 0.298387 0.766077 0.080645 0.020900
0 0.156586 0.791399 0.221774 0.021704
0 0.380376 0.791801 0.080645 0.019293
0 0.112231 0.817122 0.125000 0.021704
0 0.318548 0.818328 0.099462 0.019293
0 0.108199 0.843248 0.111559 0.022508
0 0.323253 0.844453 0.103495 0.018489
0 0.136425 0.870177 0.168011 0.021704
0 0.360215 0.870177 0.080645 0.021704
0 0.420027 0.900723 0.737903 0.023312
0 0.166667 0.926447 0.239247 0.021704
