0 0.479730 0.216152 0.572072 0.026128
0 0.483108 0.245249 0.536036 0.028504
0 0.480293 0.275831 0.282658 0.023159
0 0.493806 0.305819 0.424550 0.024941
0 0.491554 0.334323 0.422297 0.023753
0 0.492117 0.365499 0.506757 0.024347
0 0.502252 0.423100 0.585586 0.024347
0 0.176239 0.483076 0.145270 0.024347
0 0.504505 0.484264 0.123874 0.023159
0 0.825450 0.483967 0.180180 0.028504
0 0.375000 0.543349 0.542793 0.023753
0 0.265203 0.573337 0.244369 0.021971
0 0.406532 0.631829 0.605856 0.024941
0 0.632883 0.663302 0.144144 0.022565
0 0.615428 0.692993 0.185811 0.022565
0 0.215653 0.752969 0.228604 0.030879
0 0.518018 0.753266 0.204955 0.025534
0 0.811374 0.751485 0.147523 0.025534
0 0.163288 0.782363 0.130631 0.025534
0 0.571509 0.781770 0.111486 0.021971
0 0.843468 0.783254 0.087838 0.020190
0 0.485360 0.871734 0.572072 0.027316
0 0.488739 0.901425 0.788288 0.024941
0 0.815315 0.544240 0.184685 0.023159
0 0.813063 0.632423 0.105856 0.021378
0 0.813063 0.663599 0.103604 0.023159
0 0.813063 0.691508 0.108108 0.023159
