0 0.494635 0.083666 0.407725 0.014647
0 0.490343 0.102752 0.366953 0.016423
0 0.489807 0.120728 0.325107 0.015091
0 0.491416 0.138926 0.364807 0.015979
0 0.494635 0.156458 0.495708 0.014647
0 0.305794 0.201509 0.474249 0.015091
0 0.236052 0.219929 0.332618 0.014647
0 0.247854 0.239237 0.356223 0.015979
0 0.130365 0.255659 0.119099 0.013316
0 0.250536 0.281181 0.359442 0.025300
0 0.399678 0.330670 0.576180 0.017754
0 0.214592 0.349534 0.218884 0.017310
0 0.295064 0.368176 0.364807 0.016423
0 0.285408 0.385930 0.354077 0.013759
0 0.292918 0.404572 0.373391 0.014647
0 0.311159 0.423879 0.334764 0.015979
0 0.851395 0.330892 0.136266 0.014647
0 0.852468 0.348202 0.138412 0.014647
0 0.851931 0.366400 0.139485 0.015535
0 0.850858 0.385264 0.141631 0.015979
0 0.855150 0.403462 0.137339 0.014203
0 0.473712 0.462273 0.170601 0.013759
0 0.502682 0.479805 0.112661 0.012428
0 0.515558 0.514647 0.095494 0.015535
0 0.491416 0.534842 0.128755 0.015979
0 0.862124 0.462273 0.114807 0.014647
0 0.798820 0.488238 0.239270 0.023080
0 0.861052 0.514647 0.116953 0.012872
0 0.839056 0.541056 0.158798 0.024856
0 0.486588 0.596538 0.215665 0.015979
0 0.151288 0.613848 0.163090 0.015979
0 0.122318 0.632268 0.100858 0.016423
0 0.607296 0.613404 0.118026 0.012428
0 0.618562 0.631158 0.097639 0.014203
0 0.892704 0.613626 0.062232 0.014647
0 0.880901 0.631602 0.083691 0.015091
0 0.482833 0.692854 0.287554 0.012428
0 0.496245 0.712605 0.468884 0.017310
0 0.497854 0.730803 0.450644 0.018198
0 0.496245 0.764758 0.312232 0.015979
0 0.497318 0.784288 0.606223 0.016866
0 0.497318 0.800932 0.430258 0.015535
0 0.496245 0.819574 0.451717 0.015535
0 0.497854 0.837328 0.527897 0.012872
0 0.490343 0.874168 0.560086 0.016423
0 0.312768 0.918109 0.368026 0.015535
0 0.689914 0.917443 0.341202 0.014203
