0 0.442149 0.154290 0.192905 0.015536
0 0.441846 0.168828 0.207216 0.014681
0 0.437412 0.182725 0.172546 0.013683
0 0.436908 0.196693 0.189276 0.013683
0 0.439528 0.211089 0.150978 0.013113
0 0.442350 0.225271 0.099778 0.013255
0 0.438621 0.238883 0.193509 0.015108
0 0.438319 0.253492 0.192502 0.014396
0 0.374017 0.266605 0.193308 0.014966
0 0.350333 0.295111 0.106027 0.012685
0 0.368071 0.309293 0.104011 0.013683
0 0.350030 0.323831 0.107438 0.013113
0 0.366055 0.337942 0.102399 0.013398
0 0.349325 0.351767 0.108043 0.013683
0 0.366761 0.365807 0.102600 0.011830
0 0.361117 0.379561 0.093731 0.013113
0 0.347410 0.393600 0.107035 0.011830
0 0.366257 0.408067 0.112880 0.013683
0 0.345193 0.422392 0.107035 0.014111
0 0.364342 0.436716 0.106632 0.013683
0 0.353255 0.451254 0.085265 0.013683
0 0.343983 0.465080 0.106229 0.013113
0 0.358496 0.479048 0.100585 0.013113
0 0.342068 0.492873 0.105624 0.013398
0 0.354767 0.507055 0.092723 0.012115
0 0.296513 0.534778 0.064100 0.013683
0 0.335114 0.549530 0.142512 0.014396
0 0.349123 0.563925 0.171336 0.014966
0 0.277464 0.577466 0.030841 0.012115
0 0.304777 0.591790 0.085467 0.013398
0 0.530135 0.538697 0.037492 0.012400
0 0.529933 0.552665 0.038299 0.012115
0 0.529127 0.566918 0.037492 0.012685
0 0.524088 0.581385 0.046765 0.011688
0 0.530941 0.595852 0.031042 0.011260
0 0.399617 0.607184 0.221931 0.013683
0 0.299536 0.620296 0.080226 0.013683
0 0.285124 0.633481 0.052207 0.011830
0 0.284318 0.647734 0.052610 0.012970
0 0.275650 0.661559 0.037291 0.012685
0 0.314453 0.676525 0.114896 0.014396
0 0.313445 0.691562 0.115299 0.013683
0 0.485588 0.679732 0.114493 0.013683
0 0.389841 0.720710 0.127797 0.014111
0 0.374420 0.734963 0.099778 0.014396
0 0.373816 0.749074 0.099778 0.015251
0 0.535578 0.297891 0.051199 0.013113
0 0.534066 0.326326 0.048982 0.012400
0 0.532554 0.354832 0.053618 0.011830
0 0.524390 0.382768 0.037291 0.012400
0 0.533864 0.396594 0.045757 0.011830
0 0.533058 0.425314 0.046160 0.013113
0 0.520560 0.453962 0.039307 0.011688
0 0.527817 0.467717 0.049385 0.012400
0 0.526104 0.496152 0.051602 0.013398
0 0.424914 0.593999 0.072566 0.014396
0 0.422899 0.621722 0.043943 0.011117
0 0.534066 0.623503 0.024390 0.012115
0 0.426124 0.635761 0.039105 0.012400
0 0.529430 0.637329 0.029631 0.011830
0 0.429047 0.649800 0.030841 0.011117
0 0.528623 0.652010 0.030841 0.012400
0 0.425015 0.664552 0.036081 0.014111
0 0.527615 0.665978 0.030437 0.012400
0 0.478936 0.722206 0.009675 0.011117
0 0.450010 0.737172 0.005442 0.008552
0 0.478734 0.736602 0.009675 0.011688
0 0.450312 0.751069 0.007257 0.009550
0 0.477525 0.750143 0.010079 0.011688
