0 0.471074 0.200043 0.270107 0.009835
0 0.470974 0.210448 0.101794 0.008694
0 0.472082 0.222705 0.063294 0.009835
0 0.471478 0.234179 0.232614 0.009122
0 0.471276 0.245653 0.177384 0.008694
0 0.470570 0.256913 0.080427 0.009835
0 0.406672 0.268387 0.167103 0.010262
0 0.335819 0.285490 0.024189 0.007982
0 0.427636 0.286203 0.020359 0.009407
0 0.604717 0.284920 0.029430 0.011403
0 0.420379 0.299458 0.191292 0.010262
0 0.339045 0.311574 0.030639 0.010262
0 0.421790 0.312144 0.008668 0.008267
0 0.602499 0.311146 0.032655 0.009407
0 0.422495 0.329818 0.198750 0.010262
0 0.338742 0.342503 0.030034 0.009122
0 0.421387 0.343786 0.007055 0.009407
0 0.602096 0.343073 0.030639 0.010262
0 0.389740 0.360319 0.134449 0.009122
0 0.338843 0.373361 0.032655 0.010975
0 0.420984 0.373147 0.007055 0.008267
0 0.602499 0.372791 0.032655 0.009835
0 0.559665 0.394242 0.113082 0.010262
0 0.571357 0.405644 0.093731 0.010262
0 0.569744 0.417189 0.093731 0.009122
0 0.362125 0.433865 0.079218 0.009122
0 0.595948 0.433580 0.042935 0.009407
0 0.340153 0.447406 0.035275 0.008267
0 0.597158 0.447406 0.038097 0.009122
0 0.343983 0.459949 0.041725 0.010547
0 0.599375 0.458737 0.031647 0.009835
0 0.356279 0.488455 0.067527 0.009407
0 0.497178 0.488099 0.048176 0.008694
0 0.601189 0.488027 0.030034 0.009122
0 0.357488 0.501283 0.070752 0.008267
0 0.507962 0.500926 0.025801 0.007554
0 0.606531 0.501140 0.019351 0.007982
0 0.467547 0.518814 0.141302 0.008552
0 0.469159 0.531072 0.192905 0.010262
0 0.466539 0.543330 0.127595 0.011403
0 0.466841 0.554304 0.140697 0.009977
0 0.466841 0.565636 0.174965 0.009265
0 0.466942 0.578178 0.153396 0.010690
