0 0.465834 0.232255 0.260835 0.011260
0 0.468252 0.244940 0.070550 0.012115
0 0.464221 0.259835 0.177384 0.010547
0 0.468051 0.273945 0.314453 0.012828
0 0.467043 0.288270 0.311631 0.012685
0 0.463415 0.302665 0.065713 0.010975
0 0.467245 0.315636 0.199153 0.012115
0 0.465834 0.329960 0.262447 0.013968
0 0.462508 0.344284 0.159847 0.012115
0 0.466539 0.357968 0.090103 0.012115
0 0.468958 0.385547 0.080427 0.011403
0 0.389236 0.413056 0.163274 0.011117
0 0.452127 0.428022 0.292683 0.012828
0 0.340959 0.442132 0.066317 0.011403
0 0.372606 0.456670 0.094537 0.011688
0 0.380972 0.470496 0.079823 0.011688
0 0.420581 0.483823 0.127192 0.010690
0 0.443661 0.497363 0.175368 0.010975
0 0.379460 0.511403 0.078815 0.011688
0 0.386515 0.525869 0.065511 0.012115
0 0.375025 0.538626 0.071155 0.011688
0 0.600484 0.442417 0.039911 0.011403
0 0.600282 0.455887 0.039508 0.010690
0 0.396593 0.568344 0.183632 0.012685
0 0.357388 0.581385 0.104818 0.011688
0 0.357186 0.595211 0.105624 0.013113
0 0.328764 0.609820 0.048780 0.012115
0 0.388027 0.637970 0.166499 0.013683
0 0.598166 0.567845 0.038903 0.011403
0 0.598266 0.581742 0.038702 0.012115
0 0.597561 0.595852 0.038500 0.011545
0 0.599778 0.610604 0.035275 0.010547
0 0.599476 0.637757 0.032655 0.010690
0 0.453437 0.679518 0.257408 0.011545
