0 0.478618 0.074959 0.717105 0.021417
0 0.486020 0.101318 0.192434 0.026359
0 0.475329 0.130148 0.503289 0.024712
0 0.482730 0.156919 0.870066 0.023888
0 0.486842 0.183690 0.888158 0.028007
0 0.471217 0.211697 0.199013 0.026359
0 0.481086 0.237644 0.547697 0.023888
0 0.467928 0.265239 0.593750 0.026359
0 0.498355 0.290774 0.503289 0.021417
0 0.479441 0.318369 0.245066 0.023888
0 0.495066 0.371499 0.223684 0.024712
0 0.273026 0.422570 0.460526 0.024712
0 0.359375 0.453048 0.613487 0.023064
0 0.777138 0.453048 0.185855 0.021417
0 0.147204 0.479819 0.195724 0.022241
0 0.850329 0.478995 0.121711 0.023888
0 0.236020 0.506178 0.291118 0.022241
0 0.865132 0.503707 0.128289 0.023888
0 0.229441 0.534185 0.189145 0.022241
0 0.244243 0.559720 0.199013 0.018946
0 0.226151 0.587315 0.277961 0.029654
0 0.865132 0.585667 0.095395 0.024712
0 0.315789 0.641680 0.523026 0.024712
0 0.851974 0.640033 0.111842 0.019769
0 0.194901 0.667216 0.287829 0.023064
0 0.852796 0.668040 0.106908 0.018122
0 0.197368 0.694811 0.286184 0.022241
0 0.849507 0.695222 0.116776 0.021417
0 0.116776 0.723229 0.134868 0.023064
0 0.860197 0.721993 0.092105 0.025535
0 0.281250 0.776771 0.460526 0.023064
0 0.861020 0.776359 0.093750 0.022241
0 0.492599 0.857908 0.639803 0.025535
0 0.477796 0.885091 0.820724 0.027183
