0 0.511364 0.063758 0.899351 0.020134
0 0.506494 0.083893 0.441558 0.018456
0 0.504058 0.102768 0.485390 0.019295
0 0.349838 0.120805 0.300325 0.020134
0 0.673701 0.121225 0.298701 0.017617
0 0.506494 0.140101 0.392857 0.018456
0 0.506494 0.181208 0.568182 0.030201
0 0.616071 0.229446 0.433442 0.029362
0 0.114448 0.257970 0.134740 0.020973
0 0.681006 0.258389 0.319805 0.020134
0 0.326299 0.289430 0.568182 0.028523
0 0.275974 0.318372 0.467532 0.017617
0 0.189935 0.336829 0.285714 0.017617
0 0.306006 0.356124 0.517857 0.017617
0 0.206169 0.373742 0.327922 0.019295
0 0.541396 0.392617 0.261364 0.020134
0 0.754870 0.393037 0.090909 0.017617
0 0.145292 0.417366 0.215909 0.017617
0 0.318182 0.417785 0.064935 0.015101
0 0.394481 0.417785 0.058442 0.016779
0 0.471591 0.416946 0.063312 0.016779
0 0.547890 0.417366 0.024351 0.017617
0 0.616071 0.417366 0.079545 0.017617
0 0.757305 0.417785 0.134740 0.018456
0 0.135552 0.448406 0.199675 0.017617
0 0.310877 0.448406 0.086039 0.015940
0 0.406656 0.447987 0.040584 0.016779
0 0.491071 0.447987 0.024351 0.016779
0 0.547890 0.448826 0.024351 0.013423
0 0.642045 0.449245 0.017857 0.014262
0 0.786526 0.447567 0.082792 0.015940
0 0.126623 0.467282 0.178571 0.015101
0 0.307630 0.468121 0.079545 0.016779
0 0.413149 0.467282 0.024351 0.015101
0 0.491071 0.467701 0.024351 0.014262
0 0.547078 0.467282 0.025974 0.016779
0 0.636364 0.467701 0.045455 0.015940
0 0.781656 0.467701 0.099026 0.014262
0 0.126623 0.486158 0.178571 0.017617
0 0.307630 0.487416 0.082792 0.016779
0 0.406656 0.487416 0.037338 0.016779
0 0.489448 0.486577 0.024351 0.016779
0 0.547890 0.486997 0.024351 0.014262
0 0.640422 0.486158 0.021104 0.017617
0 0.784903 0.486577 0.079545 0.016779
0 0.477273 0.520973 0.347403 0.036913
0 0.786526 0.518876 0.086039 0.031040
0 0.125812 0.555789 0.176948 0.017617
0 0.307630 0.556628 0.079545 0.017617
0 0.405032 0.554950 0.043831 0.015940
0 0.490260 0.555789 0.025974 0.015940
0 0.545455 0.555789 0.025974 0.015940
0 0.633117 0.555369 0.042208 0.016779
0 0.779221 0.555369 0.094156 0.016779
0 0.113636 0.574245 0.155844 0.017617
0 0.309253 0.575503 0.082792 0.016779
0 0.417208 0.575084 0.029221 0.014262
0 0.488636 0.575923 0.025974 0.015940
0 0.546266 0.575084 0.024351 0.014262
0 0.643669 0.575923 0.027597 0.014262
0 0.786526 0.576342 0.079545 0.016779
0 0.366883 0.611158 0.577922 0.032718
0 0.775162 0.608221 0.099026 0.026846
0 0.610390 0.648070 0.074675 0.024329
0 0.785714 0.645973 0.081169 0.030201
0 0.373377 0.692114 0.561688 0.031879
0 0.773539 0.689178 0.099026 0.031040
0 0.480519 0.730705 0.344156 0.033557
0 0.787338 0.728188 0.081169 0.030201
0 0.517045 0.773490 0.267857 0.035235
0 0.776786 0.770554 0.092532 0.026007
0 0.120942 0.817953 0.150974 0.016779
0 0.474026 0.838926 0.863636 0.018456
0 0.419643 0.857383 0.745130 0.020134
0 0.477273 0.878775 0.870130 0.017617
0 0.399351 0.898490 0.717532 0.020134
0 0.400974 0.917366 0.717532 0.017617
0 0.189935 0.936242 0.295455 0.015101
0 0.501623 0.957215 0.383117 0.020134
