0 0.492908 0.149211 0.832624 0.027260
0 0.394326 0.179699 0.638298 0.023673
0 0.421277 0.207317 0.678014 0.025825
0 0.436879 0.234577 0.723404 0.024390
0 0.316312 0.264706 0.465248 0.021521
0 0.318440 0.294118 0.475177 0.022956
0 0.514184 0.321377 0.557447 0.018651
0 0.276596 0.350430 0.397163 0.022238
0 0.724823 0.346485 0.408511 0.021521
0 0.241135 0.379842 0.314894 0.020803
0 0.601418 0.376614 0.144681 0.018651
0 0.146099 0.436155 0.082270 0.018651
0 0.336170 0.435438 0.085106 0.015782
0 0.517021 0.436155 0.063830 0.022956
0 0.636170 0.433644 0.043972 0.017934
0 0.720567 0.432927 0.042553 0.019369
0 0.836170 0.431133 0.066667 0.017217
0 0.273050 0.491392 0.339007 0.018651
0 0.494326 0.491033 0.018440 0.020803
0 0.614894 0.491033 0.086525 0.020803
0 0.709929 0.490674 0.021277 0.018651
0 0.870922 0.488164 0.136170 0.020803
0 0.322695 0.549139 0.063830 0.022238
0 0.495035 0.546987 0.017021 0.017934
0 0.846809 0.545911 0.087943 0.018651
0 0.580142 0.578192 0.255319 0.024390
0 0.841135 0.574247 0.087943 0.017934
0 0.487234 0.631994 0.063830 0.018651
0 0.841135 0.631994 0.085106 0.018651
0 0.493617 0.662841 0.065248 0.021521
0 0.838298 0.660330 0.107801 0.019369
0 0.526241 0.719871 0.130496 0.023673
0 0.840426 0.717360 0.103546 0.020086
0 0.519858 0.774390 0.696454 0.023673
0 0.490071 0.801650 0.829787 0.020803
0 0.390071 0.829268 0.609929 0.021521
0 0.395035 0.857963 0.634043 0.021521
0 0.502128 0.889168 0.836879 0.026542
