0 0.501613 0.147277 0.458065 0.022277
0 0.504032 0.174092 0.262903 0.021452
0 0.501613 0.198845 0.487097 0.019802
0 0.505645 0.222772 0.414516 0.021452
0 0.503226 0.246700 0.587097 0.021452
0 0.503226 0.270627 0.322581 0.019802
0 0.504032 0.301568 0.408065 0.020627
0 0.504032 0.339109 0.498387 0.019802
0 0.106452 0.376238 0.106452 0.016502
0 0.120161 0.404703 0.130645 0.018977
0 0.119355 0.431931 0.129032 0.018977
0 0.156452 0.457508 0.206452 0.020627
0 0.416935 0.405528 0.253226 0.017327
0 0.354839 0.431106 0.141935 0.015677
0 0.759677 0.405941 0.300000 0.018152
0 0.737903 0.430693 0.262903 0.019802
0 0.650000 0.455446 0.093548 0.021452
0 0.090323 0.502475 0.080645 0.018152
0 0.405645 0.503300 0.066129 0.019802
0 0.570161 0.504125 0.130645 0.018152
0 0.754032 0.504125 0.146774 0.018152
0 0.897581 0.504950 0.069355 0.019802
0 0.096774 0.527228 0.083871 0.018152
0 0.405645 0.527640 0.017742 0.015677
0 0.572581 0.528053 0.096774 0.018152
0 0.777419 0.528053 0.096774 0.018152
0 0.899194 0.528053 0.053226 0.016502
0 0.479839 0.553218 0.850000 0.020627
0 0.225806 0.580858 0.154839 0.023102
0 0.404032 0.578795 0.017742 0.015677
0 0.778226 0.580858 0.095161 0.019802
0 0.391129 0.610149 0.485484 0.023927
0 0.775000 0.608911 0.098387 0.018152
0 0.545161 0.636964 0.177419 0.019802
0 0.535484 0.666254 0.200000 0.020627
0 0.540323 0.696782 0.190323 0.020627
0 0.358065 0.728548 0.561290 0.023102
0 0.565323 0.759076 0.140323 0.019802
0 0.549194 0.787541 0.175806 0.022277
0 0.787097 0.637789 0.077419 0.018152
0 0.788710 0.666667 0.070968 0.019802
0 0.785484 0.695957 0.074194 0.017327
0 0.772581 0.728135 0.093548 0.018977
0 0.773387 0.759488 0.095161 0.017327
0 0.774194 0.786716 0.093548 0.017327
0 0.264516 0.828383 0.300000 0.019802
0 0.208065 0.860974 0.167742 0.017327
0 0.154839 0.883663 0.054839 0.018152
0 0.395968 0.863036 0.030645 0.018152
0 0.397581 0.885314 0.030645 0.019802
0 0.579032 0.861799 0.164516 0.018977
0 0.610484 0.885314 0.104839 0.018152
0 0.806452 0.863036 0.158065 0.018152
0 0.845968 0.886139 0.079032 0.018152
0 0.379839 0.917492 0.120968 0.019802
0 0.610484 0.918729 0.104839 0.018977
0 0.846774 0.919554 0.080645 0.018977
0 0.499194 0.961221 0.785484 0.018152
