0 0.449919 0.103390 0.767367 0.026441
0 0.443457 0.133559 0.741519 0.014915
0 0.235057 0.148814 0.327948 0.015593
0 0.382068 0.167458 0.621971 0.016271
0 0.247981 0.187119 0.366721 0.018983
0 0.294830 0.205085 0.450727 0.014237
0 0.138934 0.225763 0.164782 0.014915
0 0.333603 0.243729 0.550889 0.016949
0 0.273829 0.280000 0.421648 0.017627
0 0.811793 0.215932 0.298869 0.019661
0 0.196284 0.322034 0.237480 0.016271
0 0.218901 0.362373 0.182553 0.015593
0 0.701939 0.323051 0.528271 0.014237
0 0.497577 0.340678 0.119548 0.016949
0 0.813409 0.363390 0.079160 0.014915
0 0.918417 0.363390 0.046850 0.016271
0 0.295638 0.386441 0.510501 0.014915
0 0.460420 0.407458 0.142165 0.014915
0 0.428110 0.435593 0.090468 0.014237
0 0.474960 0.459322 0.171244 0.016949
0 0.473344 0.486780 0.168013 0.014915
0 0.812601 0.388475 0.077544 0.013559
0 0.811793 0.409492 0.079160 0.013559
0 0.817447 0.438305 0.077544 0.014237
0 0.817447 0.459661 0.080775 0.016271
0 0.815024 0.487797 0.079160 0.014237
0 0.436995 0.524068 0.098546 0.013559
0 0.460420 0.546102 0.142165 0.015593
0 0.806139 0.526780 0.093700 0.013559
0 0.818255 0.547797 0.075929 0.013559
0 0.162359 0.574576 0.237480 0.016949
0 0.126817 0.594915 0.163166 0.015593
0 0.516963 0.574576 0.213247 0.015593
0 0.584814 0.594915 0.077544 0.015593
0 0.842488 0.575254 0.143780 0.015593
0 0.878029 0.595593 0.079160 0.014237
0 0.252019 0.648814 0.420032 0.017627
0 0.674475 0.649831 0.324717 0.015593
0 0.513732 0.748136 0.817447 0.016949
0 0.512924 0.780678 0.660743 0.016949
0 0.514540 0.803051 0.395800 0.016949
0 0.511309 0.840000 0.651050 0.017627
0 0.513732 0.874237 0.810985 0.018305
0 0.511309 0.896271 0.864297 0.016271
0 0.515347 0.918983 0.242326 0.016949
0 0.515347 0.955254 0.739903 0.018983
