0 0.590308 0.054116 0.590308 0.031088
0 0.559471 0.118883 0.731278 0.036269
0 0.495595 0.172712 0.430250 0.021877
0 0.494860 0.195740 0.505140 0.021877
0 0.492658 0.217617 0.679883 0.020725
0 0.491924 0.241508 0.555066 0.020150
0 0.461821 0.263385 0.418502 0.017847
0 0.490455 0.308290 0.402349 0.017847
0 0.226872 0.352044 0.280470 0.017847
0 0.627019 0.354059 0.399413 0.018423
0 0.188693 0.374208 0.204112 0.018423
0 0.674009 0.376511 0.258443 0.017271
0 0.200441 0.420841 0.218796 0.016120
0 0.768722 0.422855 0.127753 0.015544
0 0.246696 0.467473 0.320117 0.018423
0 0.251101 0.489925 0.223201 0.017271
0 0.814244 0.491652 0.142438 0.017271
0 0.279001 0.512666 0.340675 0.020150
0 0.795888 0.513529 0.093979 0.016120
0 0.293686 0.556131 0.414097 0.018423
0 0.731278 0.558434 0.099853 0.014968
0 0.203377 0.579447 0.236417 0.018998
0 0.790015 0.579735 0.099853 0.016120
0 0.164464 0.600173 0.161527 0.015544
0 0.792217 0.604778 0.107195 0.014393
0 0.122614 0.623489 0.074890 0.013817
0 0.781204 0.626367 0.123348 0.017271
0 0.144640 0.647381 0.121880 0.014393
0 0.790015 0.649683 0.093979 0.014393
0 0.185756 0.692286 0.201175 0.014393
0 0.109398 0.714162 0.060206 0.014393
0 0.390602 0.717329 0.340675 0.014968
0 0.699706 0.719056 0.160059 0.017271
0 0.774596 0.695740 0.024963 0.015544
0 0.144640 0.737478 0.121880 0.016120
0 0.508811 0.739206 0.101322 0.017271
0 0.737151 0.740069 0.082232 0.015544
0 0.207783 0.784398 0.259912 0.020150
0 0.792952 0.784686 0.099853 0.017271
0 0.477974 0.829016 0.480176 0.018423
0 0.469897 0.851468 0.543319 0.016120
0 0.464758 0.875072 0.580029 0.018423
0 0.473568 0.898676 0.365639 0.017271
0 0.476505 0.919689 0.474302 0.015544
0 0.475037 0.945020 0.480176 0.017847
