0 0.539773 0.050831 0.545455 0.014302
0 0.542614 0.066100 0.588068 0.013143
0 0.529830 0.082141 0.485795 0.013529
0 0.534091 0.097990 0.528409 0.012756
0 0.543324 0.113259 0.427557 0.012370
0 0.553977 0.129107 0.284091 0.012370
0 0.543324 0.144376 0.546875 0.012756
0 0.544744 0.160031 0.546875 0.013143
0 0.362926 0.175300 0.546875 0.012756
0 0.306818 0.206030 0.303977 0.012370
0 0.313210 0.221106 0.205966 0.011596
0 0.828835 0.206223 0.137784 0.012756
0 0.305398 0.236181 0.298295 0.011596
0 0.362216 0.251836 0.303977 0.011983
0 0.828835 0.236954 0.143466 0.011596
0 0.303977 0.266911 0.301136 0.011983
0 0.362926 0.282567 0.302557 0.011596
0 0.835938 0.267685 0.123580 0.011983
0 0.303267 0.298029 0.296875 0.012370
0 0.360085 0.314070 0.302557 0.012756
0 0.835938 0.298995 0.123580 0.013529
0 0.304688 0.328179 0.311080 0.012370
0 0.360795 0.343835 0.303977 0.012756
0 0.835227 0.329532 0.122159 0.011983
0 0.304688 0.359490 0.302557 0.011596
0 0.352273 0.374952 0.284091 0.013916
0 0.837358 0.360649 0.123580 0.011596
0 0.304688 0.390414 0.299716 0.011596
0 0.363636 0.406455 0.306818 0.013529
0 0.835938 0.390993 0.123580 0.011983
0 0.306108 0.421337 0.299716 0.011596
0 0.342330 0.436993 0.264205 0.011210
0 0.350142 0.451875 0.282670 0.013143
0 0.836648 0.421917 0.125000 0.011983
0 0.804688 0.452261 0.103693 0.011596
0 0.306818 0.467337 0.303977 0.012370
0 0.352273 0.482799 0.284091 0.012370
0 0.837358 0.468303 0.123580 0.010437
0 0.304688 0.497874 0.302557 0.012370
0 0.356534 0.513143 0.278409 0.011210
0 0.352983 0.529184 0.282670 0.012370
0 0.835938 0.498454 0.129261 0.012756
0 0.804688 0.529957 0.106534 0.011596
0 0.308949 0.543873 0.302557 0.012370
0 0.825994 0.545226 0.137784 0.011983
0 0.303267 0.559528 0.186080 0.012756
0 0.363636 0.574990 0.306818 0.013529
0 0.804688 0.575570 0.106534 0.012370
0 0.301136 0.590452 0.301136 0.012756
0 0.835938 0.591419 0.123580 0.012370
0 0.332386 0.605528 0.244318 0.013529
0 0.181108 0.636258 0.180398 0.013143
0 0.294744 0.651720 0.404830 0.013916
0 0.210227 0.667569 0.244318 0.013916
0 0.334517 0.683031 0.478693 0.014689
0 0.133523 0.697719 0.088068 0.012370
0 0.222301 0.713375 0.265625 0.012756
0 0.551136 0.714727 0.201705 0.013916
0 0.844460 0.637804 0.106534 0.013143
0 0.844460 0.653073 0.098011 0.011210
0 0.847301 0.668728 0.103693 0.011596
0 0.846591 0.684383 0.105114 0.012756
0 0.838068 0.699845 0.119318 0.012756
0 0.847301 0.714534 0.100852 0.011983
0 0.484375 0.729030 0.625000 0.013143
0 0.202415 0.744105 0.225852 0.013916
0 0.164773 0.759181 0.147727 0.013143
0 0.141335 0.774642 0.103693 0.012370
0 0.553267 0.744685 0.123580 0.012756
0 0.563210 0.760340 0.103693 0.011596
0 0.562500 0.776189 0.105114 0.011596
0 0.866477 0.745458 0.062500 0.011983
0 0.855824 0.761693 0.080966 0.013529
0 0.855114 0.777348 0.079545 0.011596
0 0.247159 0.790491 0.321023 0.013916
0 0.737216 0.791844 0.321023 0.012756
0 0.239347 0.806146 0.299716 0.013529
0 0.562500 0.838423 0.386364 0.013916
0 0.531250 0.854078 0.482955 0.013529
0 0.530540 0.869540 0.569602 0.013529
0 0.522017 0.885002 0.345170 0.012756
