0 0.406269 0.071052 0.196936 0.012685
0 0.408083 0.084521 0.206612 0.013113
0 0.404354 0.099059 0.171740 0.012258
0 0.404455 0.113455 0.187664 0.012543
0 0.408285 0.127494 0.150978 0.011545
0 0.410502 0.140964 0.107438 0.013113
0 0.402540 0.156001 0.197541 0.012115
0 0.399617 0.169969 0.196936 0.012115
0 0.345696 0.185219 0.198347 0.014111
0 0.321004 0.212728 0.110260 0.010690
0 0.324027 0.270168 0.106632 0.012685
0 0.324229 0.340507 0.107035 0.011973
0 0.341463 0.226269 0.103205 0.011260
0 0.341060 0.241377 0.100786 0.012685
0 0.311530 0.254917 0.043338 0.012400
0 0.345394 0.283424 0.116307 0.012685
0 0.353558 0.297677 0.130216 0.012115
0 0.339145 0.312072 0.105422 0.010690
0 0.315057 0.325328 0.051199 0.012970
0 0.340456 0.353834 0.101996 0.011830
0 0.355977 0.367660 0.130619 0.012685
0 0.339851 0.382697 0.104011 0.013683
0 0.315461 0.396879 0.052006 0.012685
0 0.507257 0.211802 0.051804 0.011688
0 0.499899 0.240023 0.038702 0.011403
0 0.504636 0.268743 0.059464 0.012115
0 0.496069 0.296180 0.047571 0.011403
0 0.500000 0.311003 0.037291 0.011117
0 0.503931 0.338868 0.058053 0.012115
0 0.493247 0.367660 0.050393 0.012115
0 0.496876 0.381628 0.046765 0.012115
0 0.279480 0.425100 0.065108 0.012685
0 0.320198 0.439709 0.144527 0.011688
0 0.290466 0.454675 0.085467 0.013398
0 0.332594 0.467930 0.172143 0.013113
0 0.262145 0.481970 0.030437 0.011830
0 0.290667 0.496579 0.088692 0.011688
0 0.509474 0.423817 0.042532 0.012115
0 0.509877 0.437999 0.042935 0.011688
0 0.513505 0.452252 0.036485 0.010832
0 0.510381 0.465864 0.043943 0.012115
0 0.510381 0.480259 0.044346 0.012115
0 0.513505 0.494655 0.037291 0.012400
0 0.385809 0.509906 0.222536 0.012685
0 0.286636 0.525442 0.079419 0.012400
0 0.273231 0.539054 0.052610 0.011688
0 0.264765 0.552879 0.036888 0.011117
0 0.306087 0.567489 0.113888 0.011830
0 0.367869 0.580601 0.243096 0.012970
0 0.272526 0.594855 0.051199 0.012970
0 0.381778 0.622149 0.127394 0.013968
0 0.366962 0.636973 0.099778 0.013113
0 0.366761 0.651297 0.100181 0.012970
0 0.381778 0.679518 0.258416 0.012400
0 0.261036 0.695339 0.028220 0.012400
0 0.391252 0.708238 0.235840 0.013113
0 0.389236 0.721850 0.072566 0.011830
0 0.395888 0.750356 0.114090 0.012115
0 0.402741 0.764039 0.172949 0.012685
0 0.403044 0.778720 0.199758 0.012685
0 0.399113 0.793258 0.124572 0.012400
0 0.399113 0.848703 0.190687 0.012685
0 0.391957 0.877566 0.249345 0.012258
0 0.391756 0.891747 0.278774 0.012970
0 0.387926 0.905716 0.285628 0.015251
0 0.398508 0.933865 0.149970 0.013398
0 0.399819 0.949188 0.192502 0.010120
0 0.410905 0.496080 0.071558 0.012400
0 0.410603 0.524373 0.044749 0.011117
0 0.520056 0.522662 0.022979 0.011403
0 0.410603 0.538127 0.044749 0.012400
0 0.513707 0.537557 0.036888 0.011830
0 0.411308 0.552737 0.045354 0.011117
0 0.513606 0.551810 0.037492 0.010405
0 0.475408 0.565564 0.112679 0.011117
0 0.468353 0.622078 0.013505 0.012400
0 0.442854 0.638113 0.006047 0.009407
0 0.470974 0.635761 0.008668 0.011830
0 0.442753 0.651582 0.005039 0.009550
0 0.467950 0.651155 0.013908 0.012115
