0 0.455128 0.199523 0.559829 0.026603
0 0.458689 0.226808 0.544160 0.027967
0 0.450855 0.252046 0.283476 0.019782
0 0.457265 0.280696 0.433048 0.023874
0 0.459402 0.305935 0.226496 0.021146
0 0.457265 0.333561 0.509972 0.023192
0 0.465100 0.387790 0.562678 0.018417
0 0.134615 0.443383 0.146724 0.021828
0 0.464387 0.442360 0.122507 0.021146
0 0.784900 0.443042 0.162393 0.022510
0 0.334758 0.496930 0.547009 0.018417
0 0.752137 0.495566 0.142450 0.021146
0 0.856125 0.498295 0.019943 0.014325
0 0.222934 0.523533 0.240741 0.019782
0 0.264245 0.552183 0.405983 0.019782
0 0.756410 0.551501 0.145299 0.022510
0 0.857550 0.551501 0.025641 0.015689
0 0.364672 0.607094 0.606838 0.019100
0 0.774929 0.605389 0.102564 0.021146
0 0.441595 0.636767 0.450142 0.023874
0 0.794872 0.632674 0.059829 0.021146
0 0.552707 0.662005 0.225071 0.023874
0 0.774929 0.657913 0.102564 0.019782
0 0.574074 0.686221 0.185185 0.019100
0 0.772792 0.684516 0.103989 0.021146
0 0.576211 0.712824 0.186610 0.019100
0 0.796296 0.711460 0.065527 0.020464
0 0.168803 0.771828 0.226496 0.021146
0 0.121083 0.795703 0.125356 0.019782
0 0.123219 0.824352 0.123932 0.018417
0 0.480769 0.766371 0.200855 0.019782
0 0.542735 0.793315 0.085470 0.020464
0 0.533476 0.821623 0.109687 0.018417
0 0.772080 0.765007 0.142450 0.021146
0 0.816952 0.792292 0.066952 0.019782
0 0.819088 0.820259 0.065527 0.021146
0 0.441595 0.906207 0.566952 0.022510
0 0.453704 0.933834 0.787749 0.024557
