0 0.438841 0.162931 0.354077 0.021264
0 0.428648 0.187644 0.215665 0.022414
0 0.436695 0.215230 0.527897 0.023563
0 0.445815 0.238506 0.623391 0.022989
0 0.437768 0.264368 0.418455 0.022989
0 0.437768 0.288218 0.465665 0.022414
0 0.416309 0.337069 0.418455 0.021264
0 0.210300 0.384770 0.309013 0.021264
0 0.553112 0.385920 0.312232 0.021264
0 0.097103 0.411494 0.080472 0.021839
0 0.393240 0.409483 0.395923 0.020115
0 0.163627 0.460632 0.213519 0.021264
0 0.370708 0.460057 0.065451 0.023563
0 0.541845 0.461207 0.139485 0.023563
0 0.693133 0.459483 0.103004 0.021264
0 0.789700 0.460345 0.060086 0.021839
0 0.132511 0.508333 0.155579 0.024713
0 0.354614 0.531609 0.059013 0.019540
0 0.533798 0.532759 0.080472 0.020690
0 0.702790 0.533333 0.079399 0.020690
0 0.787017 0.533621 0.061159 0.021264
0 0.161481 0.557471 0.211373 0.022989
0 0.354614 0.580172 0.061159 0.020115
0 0.533798 0.581322 0.074034 0.020115
0 0.704399 0.582184 0.076180 0.019540
0 0.790236 0.581609 0.061159 0.020690
0 0.144313 0.605747 0.174893 0.024138
0 0.354614 0.629885 0.059013 0.021839
0 0.532725 0.630460 0.086910 0.019540
0 0.703326 0.629598 0.078326 0.018966
0 0.788627 0.629885 0.057940 0.021839
0 0.171674 0.677874 0.238197 0.020115
0 0.264485 0.703161 0.413090 0.023563
0 0.778433 0.703161 0.080472 0.018966
0 0.293991 0.727586 0.472103 0.024138
0 0.779506 0.728161 0.076180 0.020690
0 0.165773 0.751724 0.215665 0.022989
0 0.740343 0.752874 0.150215 0.021839
0 0.111588 0.800287 0.113734 0.021264
0 0.779506 0.800287 0.078326 0.023563
0 0.162554 0.874425 0.209227 0.022414
0 0.531652 0.873851 0.187768 0.021264
0 0.749464 0.874425 0.129828 0.022414
0 0.086373 0.897989 0.059013 0.022414
0 0.305258 0.897701 0.110515 0.024138
0 0.588519 0.898276 0.082618 0.020690
0 0.777897 0.898851 0.083691 0.019540
