0 0.501623 0.072635 0.905844 0.021959
0 0.497565 0.093328 0.449675 0.019426
0 0.495130 0.113176 0.487013 0.020270
0 0.340909 0.130068 0.298701 0.018581
0 0.500812 0.150760 0.394481 0.019426
0 0.501623 0.192145 0.577922 0.032939
0 0.607955 0.240709 0.426948 0.030405
0 0.107143 0.267736 0.139610 0.020270
0 0.672890 0.270693 0.313312 0.017736
0 0.317370 0.298564 0.566558 0.029561
0 0.270292 0.328125 0.465909 0.019426
0 0.184253 0.347551 0.297078 0.017736
0 0.300325 0.367821 0.525974 0.017736
0 0.236201 0.385980 0.394481 0.018581
0 0.536526 0.404983 0.258117 0.017736
0 0.746753 0.405405 0.090909 0.016892
0 0.138799 0.429899 0.215909 0.016892
0 0.311688 0.429476 0.061688 0.017736
0 0.540584 0.429476 0.022727 0.016047
0 0.750000 0.430321 0.139610 0.017736
0 0.129058 0.460726 0.196429 0.017736
0 0.298701 0.460304 0.077922 0.016892
0 0.406656 0.461571 0.027597 0.016047
0 0.484578 0.460304 0.024351 0.016892
0 0.541396 0.461149 0.024351 0.016892
0 0.635552 0.461993 0.021104 0.016892
0 0.777597 0.461571 0.084416 0.016047
0 0.117695 0.479307 0.180195 0.016047
0 0.298701 0.480997 0.081169 0.016047
0 0.406656 0.481841 0.027597 0.014358
0 0.484578 0.481419 0.024351 0.015203
0 0.540584 0.480997 0.025974 0.014358
0 0.635552 0.480574 0.027597 0.015203
0 0.771916 0.480997 0.099026 0.016047
0 0.120130 0.500422 0.181818 0.017736
0 0.300325 0.500422 0.081169 0.016047
0 0.407468 0.500000 0.022727 0.015203
0 0.482955 0.499578 0.024351 0.014358
0 0.541396 0.500422 0.024351 0.014358
0 0.635552 0.500422 0.021104 0.016047
0 0.771916 0.500422 0.095779 0.016047
0 0.473214 0.535895 0.349026 0.034628
0 0.769481 0.533784 0.107143 0.028716
0 0.127435 0.567568 0.202922 0.021959
0 0.300325 0.568412 0.084416 0.016892
0 0.398539 0.567568 0.043831 0.016892
0 0.483766 0.567990 0.022727 0.016047
0 0.541396 0.567990 0.024351 0.016047
0 0.627435 0.567990 0.043831 0.016047
0 0.772727 0.567990 0.097403 0.016047
0 0.357955 0.604307 0.582792 0.036318
0 0.772727 0.601774 0.100649 0.027872
0 0.606331 0.642314 0.076299 0.029561
0 0.781656 0.642314 0.086039 0.029561
0 0.367695 0.687922 0.566558 0.036318
0 0.771916 0.685389 0.102273 0.029561
0 0.472403 0.726351 0.353896 0.035473
0 0.770292 0.724240 0.099026 0.027872
0 0.508929 0.768581 0.271104 0.035473
0 0.769481 0.766470 0.103896 0.027872
0 0.113636 0.812500 0.152597 0.018581
0 0.466721 0.834037 0.862013 0.019426
0 0.413961 0.853885 0.750000 0.018581
0 0.469968 0.873733 0.875000 0.017736
0 0.394481 0.892736 0.711039 0.018581
0 0.415584 0.913007 0.753247 0.018581
0 0.180195 0.933277 0.295455 0.016892
0 0.504058 0.955659 0.394481 0.019426
0 0.663961 0.131334 0.295455 0.017736
0 0.387175 0.428632 0.060065 0.016047
0 0.465097 0.429054 0.060065 0.016892
0 0.608766 0.429899 0.081169 0.016892
