0 0.542510 0.098741 0.518219 0.019881
0 0.539811 0.123923 0.553306 0.021206
0 0.531039 0.149768 0.462888 0.021206
0 0.531039 0.174288 0.503374 0.019881
0 0.524291 0.201789 0.408907 0.021869
0 0.509447 0.225315 0.273954 0.025182
0 0.531039 0.252154 0.524966 0.025845
0 0.336032 0.303181 0.234818 0.020543
0 0.819838 0.304175 0.130904 0.022531
0 0.365047 0.330020 0.292848 0.022531
0 0.195682 0.380053 0.183536 0.025845
0 0.836032 0.381047 0.087719 0.025182
0 0.298246 0.406892 0.394062 0.025182
0 0.831309 0.406229 0.089069 0.021206
0 0.341430 0.432074 0.472335 0.023857
0 0.833333 0.432074 0.087719 0.023857
0 0.147099 0.457919 0.097166 0.025182
0 0.831309 0.460239 0.110661 0.020543
0 0.220648 0.485752 0.238866 0.025182
0 0.543860 0.484095 0.199730 0.025845
0 0.838057 0.484095 0.091768 0.025845
0 0.481781 0.510934 0.609987 0.022531
0 0.213900 0.535454 0.225371 0.025182
0 0.551957 0.537442 0.118758 0.017230
0 0.848178 0.534129 0.068826 0.023857
0 0.176788 0.560968 0.140351 0.017893
0 0.568151 0.562293 0.075574 0.021869
0 0.838057 0.562293 0.078273 0.016567
0 0.156545 0.588138 0.097166 0.025845
0 0.566127 0.587144 0.082321 0.023857
0 0.837382 0.587144 0.087719 0.023857
0 0.205128 0.612989 0.199730 0.023857
0 0.371795 0.613651 0.098516 0.021206
0 0.724696 0.614977 0.307692 0.019881
0 0.413630 0.639496 0.630229 0.025182
0 0.539136 0.716700 0.414305 0.025845
0 0.531714 0.742545 0.469636 0.025845
0 0.531039 0.768058 0.554656 0.029158
0 0.522267 0.792578 0.345479 0.023857
