0 0.465923 0.038849 0.753408 0.038849
0 0.456629 0.069424 0.504337 0.020863
0 0.459727 0.095683 0.416357 0.020144
0 0.465304 0.120863 0.164808 0.020144
0 0.455390 0.145683 0.147460 0.019424
0 0.469641 0.197122 0.215613 0.020144
0 0.215613 0.247482 0.245353 0.020144
0 0.477695 0.942446 0.328377 0.030216
0 0.475217 0.916906 0.392813 0.032374
0 0.160471 0.273741 0.135068 0.019424
0 0.343866 0.273022 0.152416 0.020863
0 0.819083 0.883094 0.081784 0.028058
0 0.159851 0.298561 0.136307 0.020144
0 0.381660 0.298201 0.230483 0.022302
0 0.643123 0.870504 0.044610 0.023022
0 0.133209 0.324101 0.080545 0.019424
0 0.500620 0.326619 0.465923 0.024460
0 0.312887 0.859353 0.120198 0.022302
0 0.143123 0.349281 0.097893 0.020863
0 0.312268 0.348921 0.091698 0.020144
0 0.810409 0.854676 0.099133 0.028777
0 0.142503 0.374101 0.096654 0.021583
0 0.312887 0.374460 0.090458 0.020863
0 0.641264 0.843165 0.043371 0.023022
0 0.113383 0.424460 0.038414 0.020144
0 0.333333 0.424820 0.059480 0.022302
0 0.457249 0.426259 0.128872 0.022302
0 0.599752 0.428417 0.057001 0.020863
0 0.762082 0.434173 0.091698 0.025180
0 0.157373 0.475899 0.126394 0.019424
0 0.333953 0.501079 0.016109 0.019424
0 0.460347 0.501799 0.090458 0.020863
0 0.620198 0.506115 0.023544 0.019424
0 0.774473 0.513309 0.146221 0.029496
0 0.193928 0.551079 0.194548 0.021583
0 0.335812 0.550360 0.022305 0.011511
0 0.434325 0.552158 0.073110 0.020863
0 0.179678 0.577338 0.161090 0.022302
0 0.337051 0.575899 0.024783 0.009353
0 0.433086 0.577698 0.073110 0.021583
0 0.340149 0.627338 0.159851 0.020144
0 0.656134 0.635971 0.040892 0.020144
0 0.809789 0.644604 0.087980 0.025899
0 0.333953 0.653957 0.147460 0.020144
0 0.655514 0.661511 0.042131 0.020863
0 0.816605 0.671942 0.076828 0.025899
0 0.415737 0.707554 0.330855 0.025180
0 0.638786 0.713669 0.043371 0.023022
0 0.807311 0.723741 0.097893 0.028777
0 0.309789 0.730576 0.118959 0.020863
0 0.640025 0.739568 0.043371 0.023022
0 0.814746 0.750000 0.080545 0.026619
0 0.416976 0.759353 0.330855 0.026619
0 0.640025 0.765827 0.043371 0.022302
0 0.807931 0.776259 0.099133 0.028777
0 0.330855 0.783453 0.158612 0.023022
0 0.640025 0.791367 0.043371 0.023022
0 0.817224 0.803597 0.083024 0.027338
0 0.294300 0.833813 0.080545 0.021583
0 0.210657 0.425540 0.017348 0.017986
