0 0.443133 0.139254 0.474249 0.025585
0 0.443670 0.173246 0.591202 0.027778
0 0.451180 0.206871 0.734979 0.029240
0 0.452790 0.238304 0.693133 0.026316
0 0.443670 0.273026 0.217811 0.029971
0 0.444206 0.304825 0.390558 0.026316
0 0.444742 0.369152 0.226395 0.026316
0 0.238734 0.498173 0.387339 0.024123
0 0.300966 0.531433 0.513948 0.027778
0 0.782189 0.498173 0.165236 0.025585
0 0.187232 0.595760 0.288627 0.030702
0 0.208155 0.627558 0.330472 0.027047
0 0.650215 0.595395 0.025751 0.025585
0 0.650215 0.626462 0.015021 0.023392
0 0.793991 0.594298 0.141631 0.026316
0 0.793991 0.627558 0.143777 0.024123
0 0.482296 0.714547 0.222103 0.028509
0 0.738734 0.703947 0.241416 0.046784
0 0.403970 0.777047 0.709227 0.032164
0 0.556867 0.839547 0.083691 0.027047
0 0.535944 0.874269 0.119099 0.030702
0 0.792382 0.840278 0.140558 0.025585
0 0.793455 0.874635 0.142704 0.027047
0 0.208691 0.934576 0.327253 0.019737
0 0.468884 0.935307 0.137339 0.021199
0 0.668991 0.934576 0.202790 0.021199
