0 0.859130 0.010127 0.093913 0.009114
0 0.174783 0.024557 0.245217 0.015696
0 0.482609 0.074430 0.728696 0.016203
0 0.481739 0.093165 0.462609 0.014177
0 0.480000 0.127089 0.636522 0.014177
0 0.470435 0.144810 0.575652 0.015190
0 0.470435 0.277215 0.627826 0.014684
0 0.428696 0.294937 0.398261 0.014684
0 0.487826 0.311899 0.794783 0.016203
0 0.500000 0.328101 0.728696 0.016203
0 0.409565 0.344051 0.412174 0.012658
0 0.426087 0.360506 0.448696 0.013165
0 0.426087 0.377468 0.445217 0.014684
0 0.426087 0.394684 0.441739 0.013671
0 0.152174 0.427848 0.213913 0.013165
0 0.520000 0.428861 0.375652 0.013165
0 0.129565 0.445570 0.161739 0.013165
0 0.426957 0.445823 0.182609 0.011646
0 0.173913 0.462025 0.243478 0.012658
0 0.141739 0.478481 0.175652 0.013165
0 0.372174 0.478228 0.073043 0.011646
0 0.172174 0.494684 0.243478 0.014177
0 0.444348 0.528101 0.579130 0.015190
0 0.460870 0.563544 0.775652 0.017215
0 0.153913 0.578987 0.074783 0.012658
0 0.415652 0.580253 0.295652 0.015190
0 0.871304 0.579747 0.111304 0.013165
0 0.146087 0.617215 0.142609 0.022278
0 0.853913 0.617975 0.135652 0.022785
0 0.211304 0.649114 0.325217 0.027342
0 0.862609 0.647595 0.111304 0.021266
0 0.156522 0.707342 0.222609 0.029367
0 0.853913 0.705316 0.132174 0.024304
0 0.209565 0.735190 0.328696 0.023291
0 0.867826 0.735190 0.118261 0.021266
0 0.555652 0.760000 0.095652 0.013165
0 0.871304 0.760253 0.114783 0.012658
0 0.577391 0.776709 0.135652 0.012152
0 0.882609 0.776709 0.088696 0.012152
0 0.282609 0.809114 0.464348 0.013165
0 0.752174 0.809620 0.095652 0.012152
0 0.238261 0.841772 0.375652 0.015696
0 0.173043 0.909367 0.241739 0.015190
0 0.532174 0.909367 0.219130 0.015190
0 0.828696 0.909620 0.154783 0.015696
0 0.151304 0.926076 0.198261 0.015190
0 0.589565 0.925063 0.111304 0.012152
0 0.860870 0.925316 0.086957 0.011646
0 0.460000 0.462278 0.245217 0.013165
0 0.460870 0.494937 0.243478 0.012658
0 0.674783 0.580759 0.160000 0.015190
