0 0.472458 0.202632 0.512712 0.024812
0 0.474576 0.227444 0.412429 0.023308
0 0.460452 0.253759 0.762712 0.024812
0 0.458333 0.279323 0.718927 0.024812
0 0.473870 0.303383 0.699153 0.021805
0 0.463277 0.330451 0.576271 0.023308
0 0.461864 0.353759 0.296610 0.023308
0 0.461864 0.378947 0.302260 0.021053
0 0.417373 0.430451 0.812147 0.023308
0 0.918785 0.430451 0.052260 0.020301
0 0.112994 0.454887 0.209040 0.019549
0 0.158898 0.480075 0.298023 0.020301
0 0.533898 0.481579 0.019774 0.018797
0 0.670904 0.481203 0.115819 0.021053
0 0.835452 0.481955 0.117232 0.021053
0 0.370056 0.506767 0.723164 0.022556
0 0.918785 0.506767 0.046610 0.021053
0 0.147599 0.530827 0.278249 0.021053
0 0.090395 0.556015 0.161017 0.020301
0 0.627825 0.556015 0.207627 0.021805
0 0.836158 0.557519 0.112994 0.020301
0 0.137712 0.606391 0.255650 0.018797
0 0.824859 0.609023 0.231638 0.022556
0 0.218927 0.657895 0.418079 0.022556
0 0.845339 0.658647 0.182203 0.021053
0 0.055791 0.683083 0.094633 0.020301
0 0.846045 0.683459 0.183616 0.021053
0 0.077684 0.707895 0.138418 0.020301
0 0.858051 0.709398 0.162429 0.021805
0 0.298729 0.759398 0.577684 0.022556
0 0.789548 0.759774 0.161017 0.020301
0 0.288842 0.810150 0.557910 0.021805
0 0.789548 0.810526 0.299435 0.021053
0 0.288842 0.835338 0.560734 0.022556
0 0.465395 0.886842 0.628531 0.021805
0 0.461158 0.912030 0.439266 0.022556
0 0.473164 0.937218 0.553672 0.023308
