0 0.491416 0.125790 0.643777 0.019422
0 0.491416 0.143857 0.272532 0.014905
0 0.489807 0.166441 0.443133 0.014905
0 0.493562 0.186766 0.506438 0.014905
0 0.308476 0.220190 0.316524 0.014905
0 0.672210 0.221771 0.320815 0.016260
0 0.490880 0.243677 0.398069 0.014905
0 0.490343 0.270099 0.257511 0.015357
0 0.106760 0.290425 0.116953 0.016260
0 0.319742 0.313008 0.547210 0.015357
0 0.224249 0.333107 0.354077 0.014002
0 0.219957 0.351626 0.347639 0.014905
0 0.232833 0.374435 0.371245 0.016260
0 0.157189 0.396116 0.224249 0.016260
0 0.112124 0.415989 0.131974 0.014453
0 0.275751 0.416441 0.012876 0.013550
0 0.410944 0.416893 0.214592 0.016260
0 0.789163 0.416441 0.299356 0.015357
0 0.109979 0.437669 0.134120 0.015357
0 0.278433 0.438799 0.011803 0.011292
0 0.357833 0.438347 0.108369 0.012195
0 0.769850 0.439476 0.262876 0.015357
0 0.144313 0.461608 0.204936 0.018970
0 0.275215 0.462060 0.016094 0.012647
0 0.690987 0.462060 0.079399 0.015357
0 0.077253 0.508582 0.072961 0.013550
0 0.332618 0.509711 0.060086 0.015808
0 0.465129 0.508130 0.110515 0.013550
0 0.607296 0.492547 0.094421 0.014905
0 0.794528 0.494128 0.095494 0.015357
0 0.610515 0.507227 0.107296 0.012647
0 0.780579 0.507904 0.119099 0.014002
0 0.916309 0.510388 0.053648 0.013550
0 0.099785 0.525971 0.105150 0.014002
0 0.162554 0.548103 0.239270 0.014002
0 0.331545 0.527326 0.019313 0.011292
0 0.467811 0.526874 0.060086 0.012195
0 0.608369 0.528004 0.064378 0.013550
0 0.799893 0.528455 0.084764 0.011743
0 0.922747 0.528229 0.040773 0.012195
0 0.099249 0.572267 0.108369 0.014453
0 0.160408 0.593496 0.228541 0.016260
0 0.332082 0.571816 0.020386 0.011743
0 0.466738 0.572719 0.081545 0.013550
0 0.610515 0.573622 0.083691 0.012647
0 0.794528 0.573622 0.095494 0.013550
0 0.924356 0.574074 0.039700 0.011743
0 0.165236 0.615854 0.152361 0.017615
0 0.335837 0.616305 0.042918 0.014905
0 0.789163 0.616531 0.110515 0.014453
0 0.399142 0.652665 0.446352 0.018970
0 0.653433 0.652665 0.019313 0.012647
0 0.791845 0.652665 0.113734 0.014453
0 0.553112 0.677507 0.144850 0.014453
0 0.655579 0.678862 0.015021 0.011743
0 0.810622 0.678636 0.074034 0.013098
0 0.545064 0.703930 0.169528 0.014002
0 0.656116 0.705510 0.016094 0.011743
0 0.802575 0.704607 0.090129 0.012647
0 0.548820 0.730578 0.155579 0.017615
0 0.653433 0.729675 0.015021 0.011292
0 0.811159 0.730804 0.070815 0.013550
0 0.365343 0.756549 0.520386 0.018970
0 0.653433 0.757678 0.015021 0.009485
0 0.792382 0.757904 0.114807 0.016260
0 0.573498 0.781617 0.108369 0.014905
0 0.655043 0.783198 0.018240 0.010840
0 0.791845 0.784327 0.113734 0.014002
0 0.556330 0.804652 0.142704 0.017615
0 0.655043 0.803523 0.011803 0.010840
0 0.812768 0.803749 0.074034 0.014905
0 0.247854 0.848690 0.287554 0.015357
0 0.198498 0.873080 0.169528 0.014453
0 0.398605 0.875113 0.033262 0.014002
0 0.589056 0.875565 0.165236 0.014905
0 0.827790 0.876016 0.159871 0.016712
0 0.141631 0.892728 0.053648 0.014002
0 0.397532 0.893857 0.024678 0.014453
0 0.615343 0.895438 0.110515 0.014905
0 0.859979 0.895890 0.089056 0.012195
0 0.378755 0.915989 0.115880 0.014453
0 0.609979 0.916215 0.110515 0.014905
0 0.861588 0.918022 0.094421 0.014905
0 0.493562 0.953930 0.785408 0.015357
