0 0.447222 0.226261 0.268519 0.011133
0 0.447222 0.235756 0.098148 0.009168
0 0.447685 0.249509 0.062037 0.011788
0 0.446759 0.259987 0.230556 0.010478
0 0.445370 0.272430 0.175926 0.011788
0 0.445370 0.283563 0.075926 0.009168
0 0.381019 0.293386 0.165741 0.010478
0 0.310185 0.309758 0.024074 0.007859
0 0.402315 0.311395 0.021296 0.009823
0 0.579167 0.312050 0.030556 0.008513
0 0.393981 0.324820 0.191667 0.011788
0 0.312963 0.336280 0.031481 0.009823
0 0.394907 0.337590 0.006481 0.007204
0 0.576389 0.339227 0.030556 0.009168
0 0.376852 0.355272 0.159259 0.011133
0 0.311574 0.367387 0.030556 0.010478
0 0.393981 0.369024 0.004630 0.008513
0 0.575000 0.370334 0.031481 0.009823
0 0.537500 0.390308 0.106481 0.010478
0 0.543519 0.402423 0.094444 0.009823
0 0.546296 0.413883 0.087037 0.009168
0 0.333796 0.429273 0.080556 0.009823
0 0.567130 0.431238 0.043519 0.008513
0 0.312037 0.441061 0.035185 0.008513
0 0.572685 0.444008 0.030556 0.009168
0 0.315741 0.454813 0.042593 0.009823
0 0.572222 0.456451 0.031481 0.011788
0 0.327315 0.483301 0.069444 0.009168
0 0.467593 0.484283 0.046296 0.008513
0 0.572685 0.485265 0.030556 0.009168
0 0.328241 0.495743 0.071296 0.009168
0 0.481481 0.496398 0.020370 0.006549
0 0.577315 0.497708 0.021296 0.007859
0 0.437963 0.514407 0.142593 0.009823
0 0.438889 0.527177 0.190741 0.011788
0 0.437963 0.538638 0.127778 0.011133
0 0.437500 0.550753 0.139815 0.011788
0 0.436574 0.561559 0.173148 0.009823
0 0.437037 0.574329 0.153704 0.010478
