0 0.426728 0.179376 0.295102 0.012685
0 0.426225 0.192702 0.261036 0.009977
0 0.425217 0.203535 0.162669 0.010262
0 0.425922 0.215080 0.196331 0.009977
0 0.426225 0.226554 0.105825 0.010120
0 0.426023 0.237457 0.169925 0.009977
0 0.426124 0.253064 0.131425 0.013255
0 0.342068 0.273446 0.118928 0.010975
0 0.524390 0.271950 0.088087 0.011403
0 0.324229 0.287201 0.085265 0.010262
0 0.479238 0.286203 0.073977 0.011688
0 0.307902 0.301596 0.054626 0.009977
0 0.311026 0.319128 0.058053 0.013398
0 0.407075 0.321551 0.033259 0.016819
0 0.296311 0.343572 0.030639 0.010690
0 0.358395 0.343714 0.027011 0.011545
0 0.403548 0.342360 0.052006 0.011117
0 0.461298 0.342788 0.032856 0.011117
0 0.541927 0.342075 0.058254 0.010547
0 0.294396 0.356471 0.026809 0.009692
0 0.404253 0.355259 0.067527 0.012970
0 0.367466 0.370368 0.009272 0.009265
0 0.417658 0.369014 0.030639 0.009977
0 0.462306 0.368301 0.033259 0.009692
0 0.545455 0.368372 0.049184 0.010690
0 0.294598 0.385334 0.028825 0.010690
0 0.408990 0.382910 0.077404 0.010975
0 0.367063 0.397662 0.009272 0.009977
0 0.413324 0.397449 0.038500 0.010975
0 0.462911 0.397021 0.034469 0.010690
0 0.541826 0.396807 0.054021 0.009692
0 0.294497 0.413056 0.023786 0.009692
0 0.423100 0.411916 0.105624 0.010262
0 0.367164 0.425812 0.008668 0.009265
0 0.417759 0.426026 0.031647 0.010262
0 0.461500 0.425242 0.033663 0.009265
0 0.545051 0.424458 0.048780 0.009977
0 0.294396 0.441135 0.028825 0.010262
0 0.408083 0.439353 0.075590 0.010690
0 0.366761 0.454034 0.008668 0.008979
0 0.417960 0.453392 0.032050 0.009977
0 0.465934 0.453036 0.021971 0.009265
0 0.544144 0.453107 0.047773 0.009977
0 0.330276 0.468358 0.101391 0.011688
0 0.321508 0.485889 0.070147 0.010262
0 0.547974 0.485319 0.038903 0.010262
0 0.338944 0.499644 0.106229 0.012115
0 0.551199 0.499501 0.031647 0.008979
0 0.311732 0.514253 0.052610 0.010262
0 0.550796 0.513540 0.032050 0.009692
0 0.372405 0.533709 0.173957 0.014111
0 0.543136 0.531642 0.045757 0.011403
0 0.311228 0.555231 0.049587 0.014396
0 0.542834 0.552665 0.049184 0.012115
0 0.324934 0.580316 0.081838 0.015821
0 0.542935 0.577466 0.048176 0.012115
0 0.332191 0.605402 0.074985 0.012115
0 0.467345 0.603620 0.040516 0.009977
0 0.550595 0.603763 0.029631 0.011688
0 0.356783 0.646879 0.133038 0.012400
0 0.353558 0.688997 0.147148 0.011403
0 0.486999 0.439495 0.034670 0.012400
0 0.362629 0.551668 0.035477 0.010690
