0 0.506452 0.062500 0.896774 0.021259
0 0.498387 0.082908 0.441935 0.019558
0 0.498387 0.103316 0.477419 0.021259
0 0.345161 0.120748 0.300000 0.020408
0 0.504839 0.140731 0.390323 0.019558
0 0.504032 0.182398 0.553226 0.029762
0 0.611290 0.232143 0.429032 0.030612
0 0.112097 0.258078 0.137097 0.019558
0 0.676613 0.260629 0.317742 0.019558
0 0.323387 0.289541 0.556452 0.028061
0 0.274194 0.320153 0.458065 0.019558
0 0.187903 0.340561 0.285484 0.019558
0 0.301613 0.358844 0.519355 0.017007
0 0.240323 0.378401 0.393548 0.020408
0 0.537903 0.397534 0.259677 0.019558
0 0.143548 0.421769 0.216129 0.017007
0 0.315323 0.421769 0.062903 0.015306
0 0.391935 0.420918 0.061290 0.015306
0 0.470161 0.421344 0.062903 0.016156
0 0.544355 0.421769 0.027419 0.015306
0 0.612903 0.420918 0.080645 0.017007
0 0.751613 0.423044 0.138710 0.017857
0 0.135484 0.452381 0.196774 0.018707
0 0.306452 0.452806 0.080645 0.017857
0 0.411290 0.452381 0.022581 0.017007
0 0.486290 0.451956 0.024194 0.016156
0 0.543548 0.452381 0.025806 0.017007
0 0.638710 0.452806 0.019355 0.016156
0 0.782258 0.453231 0.080645 0.015306
0 0.130645 0.472364 0.190323 0.017857
0 0.305645 0.472789 0.082258 0.017007
0 0.410484 0.472789 0.024194 0.017007
0 0.487903 0.472364 0.024194 0.016156
0 0.543548 0.472364 0.025806 0.016156
0 0.638710 0.472789 0.025806 0.015306
0 0.782258 0.472789 0.083871 0.017007
0 0.124194 0.492772 0.177419 0.016156
0 0.305645 0.492772 0.082258 0.017857
0 0.409677 0.492772 0.022581 0.016156
0 0.487097 0.492347 0.022581 0.017007
0 0.544355 0.492772 0.024194 0.016156
0 0.629839 0.492347 0.043548 0.015306
0 0.770968 0.493197 0.100000 0.017007
0 0.475806 0.528912 0.345161 0.035714
0 0.782258 0.527636 0.087097 0.028061
0 0.125000 0.562075 0.182258 0.018707
0 0.305645 0.563350 0.079032 0.017857
0 0.400806 0.562075 0.043548 0.017007
0 0.486290 0.562500 0.027419 0.016156
0 0.544355 0.562500 0.024194 0.016156
0 0.631452 0.562075 0.043548 0.015306
0 0.771774 0.562075 0.101613 0.017007
0 0.361290 0.597789 0.580645 0.035714
0 0.772581 0.597364 0.103226 0.029762
0 0.607258 0.636054 0.075806 0.028912
0 0.782258 0.636054 0.087097 0.028912
0 0.368548 0.680697 0.556452 0.036565
0 0.772581 0.679422 0.106452 0.028912
0 0.479032 0.721939 0.354839 0.035714
0 0.782258 0.720238 0.083871 0.028912
0 0.512097 0.763605 0.269355 0.035714
0 0.771774 0.763180 0.108065 0.031463
0 0.117742 0.809949 0.151613 0.017857
0 0.470968 0.830782 0.861290 0.020408
0 0.415323 0.850340 0.746774 0.018707
0 0.476613 0.870748 0.862903 0.018707
0 0.397581 0.890306 0.711290 0.018707
0 0.417742 0.910714 0.754839 0.018707
0 0.187097 0.930272 0.290323 0.018707
0 0.504839 0.954082 0.396774 0.018707
0 0.666129 0.122024 0.296774 0.017857
0 0.749194 0.398384 0.091935 0.017857
