0 0.484417 0.162763 0.456640 0.021809
0 0.392954 0.187399 0.205962 0.021002
0 0.611789 0.185380 0.139566 0.015347
0 0.483740 0.208805 0.371274 0.016963
0 0.481030 0.231826 0.536585 0.019386
0 0.477642 0.252827 0.340108 0.016155
0 0.487805 0.277464 0.224932 0.018578
0 0.346883 0.317447 0.509485 0.017771
0 0.157182 0.348950 0.127371 0.014540
0 0.308266 0.348142 0.120596 0.014540
0 0.808266 0.311389 0.128726 0.020194
0 0.808266 0.341276 0.131436 0.020194
0 0.346883 0.393780 0.506775 0.016963
0 0.222222 0.425283 0.227642 0.016963
0 0.410569 0.468094 0.631436 0.018578
0 0.222900 0.498788 0.226287 0.015347
0 0.311653 0.542811 0.436314 0.017771
0 0.161924 0.571890 0.101626 0.014540
0 0.632791 0.424475 0.097561 0.015347
0 0.633469 0.497577 0.098916 0.014540
0 0.630759 0.571082 0.093496 0.016155
0 0.817751 0.419628 0.098916 0.018578
0 0.810976 0.494750 0.115176 0.016963
0 0.810298 0.569063 0.119241 0.015347
0 0.188347 0.657512 0.018970 0.014540
0 0.214770 0.953554 0.234417 0.015347
0 0.482385 0.976979 0.766938 0.018578
0 0.145664 0.628433 0.104336 0.014540
0 0.117886 0.659935 0.048780 0.017771
0 0.180217 0.691438 0.176152 0.019386
0 0.349593 0.690630 0.062331 0.014540
0 0.510163 0.626414 0.304878 0.016963
0 0.594173 0.659128 0.131436 0.017771
0 0.626016 0.689015 0.070461 0.016155
0 0.611789 0.719709 0.098916 0.014540
0 0.487127 0.753231 0.348238 0.016963
0 0.605691 0.786349 0.105691 0.018578
0 0.825881 0.625202 0.079946 0.014540
0 0.833333 0.655493 0.065041 0.015347
0 0.825203 0.687803 0.081301 0.015347
0 0.828591 0.750000 0.082656 0.015347
0 0.836043 0.783522 0.065041 0.014540
0 0.187669 0.819871 0.180217 0.021002
0 0.398374 0.818659 0.089431 0.015347
0 0.575203 0.818659 0.172087 0.013732
0 0.184282 0.850969 0.105691 0.016963
0 0.184959 0.884895 0.107046 0.015347
0 0.406504 0.850969 0.075881 0.015347
0 0.402439 0.883683 0.078591 0.017771
0 0.629404 0.849758 0.058266 0.016155
0 0.629404 0.882876 0.063686 0.017771
0 0.279133 0.930533 0.363144 0.016155
