0 0.476573 0.047450 0.556894 0.026912
0 0.475234 0.075779 0.238286 0.025496
0 0.475234 0.098088 0.722892 0.024788
0 0.472557 0.125708 0.500669 0.023371
0 0.471888 0.155453 0.475234 0.021955
0 0.470549 0.179533 0.204819 0.019122
0 0.471218 0.211402 0.538153 0.023371
0 0.468541 0.242918 0.457831 0.024079
0 0.465863 0.280099 0.227577 0.019122
0 0.176037 0.312677 0.186078 0.020538
0 0.412985 0.315510 0.156627 0.017705
0 0.131861 0.342776 0.097724 0.019830
0 0.469210 0.345255 0.274431 0.017705
0 0.165997 0.373584 0.168675 0.020538
0 0.411647 0.377125 0.159304 0.017705
0 0.657296 0.410411 0.069612 0.020538
0 0.801874 0.409348 0.099063 0.021246
0 0.267068 0.439802 0.378849 0.021246
0 0.153949 0.467422 0.064257 0.016997
0 0.350736 0.470255 0.024096 0.015581
0 0.451138 0.469547 0.088353 0.016997
0 0.643909 0.469901 0.088353 0.017705
0 0.822624 0.468130 0.054886 0.018414
0 0.318608 0.502125 0.152610 0.018414
0 0.642570 0.502833 0.085676 0.016997
0 0.253681 0.536473 0.279786 0.020538
0 0.641901 0.538952 0.089692 0.016997
0 0.257697 0.566926 0.269076 0.021955
0 0.641901 0.569405 0.089692 0.018414
0 0.242972 0.599504 0.298527 0.020538
0 0.637885 0.601275 0.087015 0.015581
0 0.311914 0.630312 0.160643 0.022663
0 0.638554 0.629249 0.091031 0.017705
0 0.283133 0.657224 0.212851 0.024079
0 0.637216 0.656870 0.091031 0.017705
0 0.198795 0.691926 0.236948 0.025496
0 0.096386 0.723442 0.029451 0.017705
0 0.250335 0.728754 0.125837 0.021246
0 0.461178 0.727337 0.204819 0.021246
0 0.714859 0.726983 0.147256 0.023371
0 0.111780 0.757082 0.052209 0.016997
0 0.258367 0.760623 0.101740 0.022663
0 0.518072 0.760977 0.085676 0.016289
0 0.751004 0.760623 0.072289 0.016997
