0 0.451320 0.204889 0.268897 0.013540
0 0.452328 0.216149 0.099980 0.009835
0 0.452731 0.228193 0.067728 0.011688
0 0.450816 0.239096 0.229994 0.010975
0 0.449305 0.251212 0.176980 0.010405
0 0.448297 0.262685 0.075791 0.008552
0 0.384398 0.273304 0.164886 0.009550
0 0.313646 0.289339 0.025398 0.009407
0 0.397299 0.304447 0.191091 0.011688
0 0.315662 0.315778 0.031445 0.009550
0 0.379460 0.332526 0.157428 0.011688
0 0.314755 0.346351 0.030437 0.009407
0 0.540718 0.369370 0.111873 0.010405
0 0.546261 0.381129 0.094336 0.012258
0 0.548680 0.393458 0.087482 0.008979
0 0.336928 0.407426 0.081234 0.010690
0 0.314654 0.420753 0.034670 0.009407
0 0.318283 0.433367 0.043943 0.010405
0 0.330478 0.461374 0.068333 0.009122
0 0.330175 0.473774 0.069744 0.009122
0 0.439931 0.492731 0.142915 0.010262
0 0.443560 0.504561 0.199758 0.011688
0 0.439024 0.517104 0.131022 0.011688
0 0.442149 0.528934 0.145737 0.012258
0 0.438924 0.540265 0.175973 0.009835
0 0.437613 0.553449 0.153598 0.013113
0 0.405664 0.291263 0.020359 0.010690
0 0.582040 0.291690 0.027615 0.008409
0 0.398307 0.316705 0.007257 0.009407
0 0.579319 0.318201 0.031445 0.009835
0 0.397601 0.347349 0.007861 0.008837
0 0.578109 0.349344 0.031848 0.008837
0 0.570147 0.410348 0.042935 0.008837
0 0.574985 0.423532 0.030437 0.008409
0 0.574683 0.435219 0.031445 0.009550
0 0.469966 0.463227 0.045757 0.008837
0 0.573977 0.464082 0.030841 0.009122
0 0.483471 0.475841 0.019956 0.007839
0 0.579218 0.477409 0.021165 0.007269
