0 0.474099 0.216458 0.560811 0.026237
0 0.479167 0.242099 0.458333 0.021467
0 0.486486 0.273703 0.495495 0.025045
0 0.497748 0.303220 0.430180 0.025641
0 0.484234 0.332141 0.371622 0.025045
0 0.502252 0.361360 0.518018 0.025045
0 0.501126 0.421288 0.572072 0.029219
0 0.176239 0.479428 0.147523 0.022660
0 0.503378 0.480620 0.123874 0.022660
0 0.824887 0.480918 0.165541 0.024448
0 0.376689 0.540549 0.541667 0.024448
0 0.826577 0.539654 0.168919 0.022660
0 0.265203 0.569171 0.246622 0.024448
0 0.408784 0.628503 0.617117 0.022660
0 0.636261 0.657126 0.146396 0.026237
0 0.618243 0.687537 0.200450 0.021467
0 0.828266 0.630888 0.093468 0.023852
0 0.831644 0.659511 0.097973 0.026237
0 0.835586 0.687537 0.112613 0.021467
0 0.217342 0.748062 0.227477 0.028026
0 0.524212 0.745975 0.206081 0.023852
0 0.813626 0.746571 0.143018 0.022660
0 0.166667 0.775194 0.126126 0.021467
0 0.586712 0.775194 0.085586 0.023852
0 0.860360 0.776983 0.076577 0.021467
0 0.485923 0.865832 0.564189 0.028623
0 0.493243 0.895349 0.783784 0.025641
