0 0.508871 0.067881 0.898387 0.019868
0 0.500000 0.087748 0.445161 0.019868
0 0.501613 0.108444 0.480645 0.019868
0 0.348387 0.126656 0.296774 0.016556
0 0.505645 0.144868 0.388710 0.019868
0 0.506452 0.184603 0.564516 0.029801
0 0.612903 0.233444 0.425806 0.028146
0 0.115323 0.259520 0.133871 0.017384
0 0.677419 0.262003 0.309677 0.017384
0 0.325000 0.291391 0.562903 0.028146
0 0.275806 0.320364 0.458065 0.018212
0 0.189516 0.338576 0.279032 0.018212
0 0.308871 0.358030 0.524194 0.017384
0 0.245968 0.375000 0.398387 0.016556
0 0.541935 0.394040 0.254839 0.018212
0 0.147581 0.418460 0.214516 0.017384
0 0.316935 0.417632 0.062903 0.015728
0 0.398387 0.418874 0.061290 0.016556
0 0.471774 0.418046 0.062903 0.014901
0 0.547581 0.418460 0.024194 0.015728
0 0.616129 0.418046 0.080645 0.016556
0 0.754032 0.419288 0.140323 0.017384
0 0.137903 0.448675 0.201613 0.016556
0 0.308065 0.447848 0.083871 0.014901
0 0.412903 0.448262 0.029032 0.015728
0 0.491129 0.449089 0.020968 0.014073
0 0.548387 0.448675 0.025806 0.014901
0 0.643548 0.448675 0.022581 0.014901
0 0.786290 0.448262 0.079032 0.015728
0 0.125806 0.468129 0.177419 0.017384
0 0.308871 0.468543 0.079032 0.016556
0 0.414516 0.468129 0.022581 0.015728
0 0.489516 0.468129 0.024194 0.014073
0 0.547581 0.468543 0.024194 0.014901
0 0.642742 0.468543 0.024194 0.016556
0 0.784677 0.468129 0.082258 0.015728
0 0.137097 0.487583 0.196774 0.016556
0 0.308871 0.487583 0.082258 0.014901
0 0.413710 0.487997 0.020968 0.015728
0 0.488710 0.487583 0.025806 0.016556
0 0.546774 0.487583 0.022581 0.014901
0 0.640323 0.487583 0.022581 0.014901
0 0.784677 0.487997 0.082258 0.015728
0 0.478226 0.523179 0.346774 0.034768
0 0.776613 0.521523 0.098387 0.028146
0 0.126613 0.556291 0.175806 0.018212
0 0.308871 0.555877 0.082258 0.015728
0 0.404839 0.555464 0.041935 0.014901
0 0.489516 0.555464 0.020968 0.016556
0 0.547581 0.555464 0.027419 0.014901
0 0.632258 0.555877 0.041935 0.014073
0 0.778226 0.555877 0.095161 0.015728
0 0.137903 0.575331 0.195161 0.016556
0 0.310484 0.574503 0.085484 0.016556
0 0.406452 0.575331 0.041935 0.014901
0 0.492742 0.574917 0.020968 0.014073
0 0.548387 0.574503 0.025806 0.014901
0 0.642742 0.574503 0.020968 0.013245
0 0.785484 0.574917 0.080645 0.015728
0 0.363710 0.609685 0.569355 0.033940
0 0.775806 0.606788 0.103226 0.026490
0 0.610484 0.645695 0.079032 0.028146
0 0.785484 0.646109 0.083871 0.027318
0 0.371774 0.691639 0.553226 0.035596
0 0.775000 0.688742 0.101613 0.026490
0 0.475806 0.730546 0.345161 0.033940
0 0.778226 0.728063 0.095161 0.027318
0 0.519355 0.771109 0.277419 0.035596
0 0.775000 0.769454 0.098387 0.027318
0 0.121774 0.814983 0.150000 0.017384
0 0.475000 0.835679 0.853226 0.019040
0 0.418548 0.855960 0.746774 0.018212
0 0.477419 0.875414 0.861290 0.017384
0 0.401613 0.895695 0.709677 0.019868
0 0.422581 0.915149 0.758065 0.017384
0 0.189516 0.934603 0.295161 0.018212
0 0.504839 0.955712 0.387097 0.017384
0 0.668548 0.126242 0.291935 0.017384
0 0.753226 0.393626 0.090323 0.017384
