0 0.420025 0.159406 0.343829 0.021782
0 0.415617 0.185149 0.224181 0.017822
0 0.418766 0.209241 0.525189 0.022442
0 0.428212 0.233993 0.619647 0.021782
0 0.420025 0.257756 0.416877 0.021782
0 0.421285 0.281188 0.457179 0.019802
0 0.400504 0.329703 0.415617 0.021782
0 0.194584 0.377558 0.303526 0.019802
0 0.534635 0.377558 0.303526 0.019802
0 0.081864 0.400660 0.078086 0.019802
0 0.378463 0.401320 0.396725 0.021122
0 0.149244 0.449175 0.210327 0.020462
0 0.355164 0.448845 0.055416 0.022442
0 0.525189 0.449835 0.133501 0.021782
0 0.676952 0.449175 0.091940 0.020462
0 0.772040 0.448845 0.060453 0.019802
0 0.110202 0.496040 0.132242 0.020462
0 0.338161 0.519472 0.059194 0.019802
0 0.515743 0.519472 0.076826 0.018482
0 0.685768 0.520462 0.074307 0.019142
0 0.779597 0.520132 0.042821 0.018482
0 0.139169 0.542244 0.190176 0.020462
0 0.338791 0.567987 0.052897 0.019142
0 0.519521 0.567987 0.074307 0.017822
0 0.688917 0.567657 0.075567 0.017162
0 0.780227 0.567327 0.039043 0.017822
0 0.131612 0.592409 0.167506 0.021782
0 0.336902 0.615182 0.061713 0.017162
0 0.516373 0.614851 0.075567 0.017822
0 0.686398 0.615842 0.078086 0.017162
0 0.782746 0.616502 0.039043 0.018482
0 0.157431 0.661386 0.226700 0.021122
0 0.250000 0.687789 0.411839 0.023762
0 0.762594 0.686799 0.081864 0.017822
0 0.203401 0.711551 0.318640 0.022442
0 0.761335 0.711221 0.079345 0.019142
0 0.279597 0.734983 0.473552 0.021782
0 0.760076 0.734983 0.079345 0.017822
0 0.153023 0.757756 0.215365 0.021122
0 0.722922 0.758086 0.161209 0.020462
0 0.099496 0.803960 0.110831 0.021122
0 0.760076 0.805611 0.079345 0.019142
0 0.146725 0.876238 0.207809 0.023102
0 0.515113 0.876238 0.191436 0.020462
0 0.729219 0.876568 0.130982 0.021122
0 0.066121 0.900000 0.039043 0.020462
0 0.291562 0.900000 0.109572 0.020462
0 0.573678 0.900660 0.079345 0.017822
0 0.761335 0.900000 0.076826 0.019142
