0 0.497565 0.070778 0.913961 0.019040
0 0.491883 0.090646 0.441558 0.019040
0 0.491883 0.110513 0.487013 0.019040
0 0.337662 0.127897 0.298701 0.017384
0 0.496753 0.146523 0.389610 0.018212
0 0.495942 0.187914 0.566558 0.029801
0 0.605519 0.234685 0.431818 0.028974
0 0.103084 0.263659 0.137987 0.017384
0 0.670455 0.264073 0.318182 0.018212
0 0.314935 0.293460 0.574675 0.030629
0 0.269481 0.322848 0.467532 0.018212
0 0.178571 0.342301 0.285714 0.017384
0 0.301136 0.360513 0.530844 0.017384
0 0.201299 0.377897 0.331169 0.019040
0 0.530844 0.396109 0.262987 0.017384
0 0.135552 0.421358 0.219156 0.016556
0 0.125812 0.451987 0.193182 0.018212
0 0.117695 0.472268 0.180195 0.017384
0 0.120130 0.491308 0.178571 0.017384
0 0.468344 0.525248 0.352273 0.035596
0 0.771916 0.523593 0.105519 0.028974
0 0.128247 0.557947 0.198052 0.016556
0 0.129058 0.577815 0.196429 0.018212
0 0.353896 0.612169 0.577922 0.035596
0 0.770292 0.609685 0.105519 0.028974
0 0.604708 0.649007 0.079545 0.028146
0 0.778409 0.649007 0.082792 0.028146
0 0.363636 0.692467 0.558442 0.033940
0 0.769481 0.691225 0.100649 0.028146
0 0.469968 0.731374 0.349026 0.037252
0 0.771916 0.729719 0.105519 0.028974
0 0.508929 0.773593 0.271104 0.033940
0 0.770292 0.771523 0.102273 0.028146
0 0.115260 0.818295 0.155844 0.017384
0 0.470779 0.838162 0.866883 0.019040
0 0.414773 0.857616 0.758117 0.018212
0 0.470779 0.877483 0.866883 0.018212
0 0.398539 0.897351 0.715909 0.019868
0 0.418831 0.916391 0.766234 0.018212
0 0.185065 0.936672 0.295455 0.017384
0 0.500812 0.956954 0.387987 0.016556
0 0.659091 0.127897 0.295455 0.017384
0 0.743506 0.396109 0.094156 0.017384
0 0.307630 0.419702 0.060065 0.016556
0 0.383929 0.419702 0.060065 0.014901
0 0.464286 0.420116 0.061688 0.015728
0 0.538961 0.420116 0.022727 0.015728
0 0.607955 0.420116 0.082792 0.015728
0 0.749188 0.420530 0.141234 0.018212
0 0.298701 0.451987 0.077922 0.014901
0 0.404221 0.451573 0.022727 0.014073
0 0.481331 0.451573 0.024351 0.014073
0 0.538961 0.451573 0.022727 0.015728
0 0.633929 0.451573 0.024351 0.015728
0 0.770292 0.451573 0.102273 0.015728
0 0.299513 0.471854 0.082792 0.014901
0 0.405032 0.471440 0.024351 0.015728
0 0.482143 0.471440 0.025974 0.015728
0 0.538961 0.471026 0.025974 0.014901
0 0.634740 0.471440 0.022727 0.015728
0 0.778409 0.471026 0.082792 0.014901
0 0.299513 0.491308 0.079545 0.015728
0 0.408279 0.490894 0.021104 0.014901
0 0.481331 0.490480 0.024351 0.015728
0 0.539773 0.490894 0.024351 0.014901
0 0.636364 0.490894 0.022727 0.016556
0 0.776786 0.490480 0.082792 0.017384
0 0.297890 0.557947 0.082792 0.014901
0 0.396104 0.558775 0.042208 0.016556
0 0.482143 0.558361 0.025974 0.017384
0 0.539773 0.558361 0.024351 0.015728
0 0.625000 0.557533 0.042208 0.017384
0 0.769481 0.557947 0.100649 0.014901
0 0.301948 0.577401 0.084416 0.015728
0 0.398539 0.576987 0.043831 0.014901
0 0.482143 0.576987 0.025974 0.014901
0 0.541396 0.577401 0.024351 0.015728
0 0.628247 0.576987 0.038961 0.014901
0 0.779221 0.576159 0.081169 0.014901
