0 0.469457 0.227614 0.556561 0.030683
0 0.480204 0.257984 0.537330 0.027552
0 0.473982 0.287101 0.280543 0.024421
0 0.488688 0.322167 0.427602 0.026925
0 0.478507 0.350971 0.402715 0.023168
0 0.490950 0.383219 0.504525 0.025047
0 0.498869 0.447088 0.561086 0.023795
0 0.170249 0.510958 0.141403 0.022542
0 0.501697 0.509393 0.123303 0.023168
0 0.824661 0.507827 0.162896 0.023795
0 0.371041 0.571697 0.542986 0.023795
0 0.783371 0.572010 0.161765 0.023168
0 0.898190 0.573262 0.022624 0.018159
0 0.371041 0.634314 0.538462 0.021290
0 0.605204 0.664997 0.083710 0.022542
0 0.584842 0.696932 0.122172 0.021290
0 0.684389 0.634314 0.042986 0.023795
0 0.683258 0.665936 0.045249 0.021916
0 0.685520 0.698497 0.045249 0.021916
0 0.805995 0.634941 0.121041 0.021290
0 0.806561 0.665310 0.122172 0.020664
0 0.816742 0.698184 0.104072 0.023795
0 0.214367 0.761428 0.225113 0.028804
0 0.163462 0.790858 0.127828 0.022542
0 0.522059 0.759862 0.202489 0.023168
0 0.565611 0.790858 0.122172 0.021290
0 0.813348 0.761115 0.140271 0.023168
0 0.845588 0.790232 0.082579 0.021290
0 0.483032 0.887602 0.563348 0.029430
0 0.490950 0.917971 0.785068 0.027552
