0 0.502016 0.195473 0.724462 0.023320
0 0.474462 0.221879 0.247312 0.022634
0 0.486559 0.246228 0.427419 0.019204
0 0.490591 0.271605 0.623656 0.021948
0 0.485887 0.293896 0.391129 0.019890
0 0.488575 0.317901 0.342742 0.019890
0 0.482527 0.342250 0.293011 0.024691
0 0.267473 0.391289 0.475806 0.021262
0 0.209005 0.415295 0.364247 0.024005
0 0.183468 0.438957 0.315860 0.024691
0 0.324597 0.462620 0.595430 0.022634
0 0.924059 0.459534 0.049731 0.023320
0 0.040995 0.511317 0.020161 0.024005
0 0.362231 0.509602 0.291667 0.021948
0 0.906586 0.506859 0.084677 0.023320
0 0.040995 0.559671 0.017473 0.023320
0 0.175403 0.557956 0.181452 0.022634
0 0.906586 0.555556 0.087366 0.021948
0 0.148522 0.582647 0.125000 0.022634
0 0.906586 0.580590 0.081989 0.019890
0 0.198925 0.605281 0.236559 0.021262
0 0.897177 0.604938 0.106183 0.023320
0 0.172043 0.670782 0.174731 0.020576
0 0.905914 0.661180 0.086022 0.035665
0 0.123656 0.692730 0.086022 0.020576
0 0.909946 0.690329 0.083333 0.021262
0 0.145161 0.734225 0.123656 0.022634
0 0.906586 0.724280 0.087366 0.035665
0 0.486559 0.802812 0.618280 0.021262
0 0.489919 0.826818 0.775538 0.021262
0 0.487903 0.850480 0.537634 0.023320
