0 0.451717 0.150466 0.665236 0.027357
0 0.330472 0.173749 0.416309 0.023865
0 0.377146 0.197905 0.511803 0.022119
0 0.330472 0.219441 0.409871 0.023283
0 0.353004 0.239814 0.450644 0.020955
0 0.238734 0.263388 0.226395 0.020373
0 0.363197 0.285506 0.477468 0.023865
0 0.340129 0.307334 0.435622 0.020955
0 0.401824 0.330035 0.559013 0.023283
0 0.410944 0.441793 0.583691 0.020955
0 0.421137 0.488650 0.438841 0.025029
0 0.236052 0.508149 0.233906 0.023283
0 0.658262 0.509313 0.048283 0.022119
0 0.872854 0.509313 0.144850 0.023283
0 0.259657 0.530268 0.105150 0.020955
0 0.459227 0.530268 0.229614 0.023283
0 0.172210 0.573050 0.099785 0.020373
0 0.657189 0.575087 0.050429 0.020955
0 0.851931 0.575087 0.107296 0.022119
0 0.163627 0.596333 0.086910 0.019208
0 0.657725 0.595460 0.051502 0.020955
0 0.852468 0.596042 0.104077 0.022119
0 0.222639 0.638242 0.207082 0.023865
0 0.422747 0.641444 0.025751 0.022119
0 0.657189 0.641444 0.043991 0.020955
0 0.864807 0.640279 0.083691 0.022119
0 0.239270 0.661816 0.229614 0.020955
0 0.421674 0.662107 0.023605 0.019208
0 0.657725 0.662689 0.051502 0.019208
0 0.852468 0.663271 0.112661 0.020373
0 0.204399 0.728172 0.170601 0.020955
0 0.193133 0.751455 0.148069 0.023283
0 0.163627 0.796275 0.089056 0.022119
0 0.349249 0.794820 0.086910 0.023865
0 0.461373 0.795693 0.066524 0.020955
0 0.689914 0.794529 0.272532 0.020955
0 0.416309 0.817520 0.583691 0.019208
0 0.769850 0.818102 0.061159 0.020373
0 0.471030 0.862340 0.708155 0.020373
0 0.483369 0.886205 0.722103 0.023865
0 0.441524 0.930442 0.644850 0.023865
