0 0.459391 0.169492 0.529611 0.015196
0 0.483926 0.188486 0.585448 0.015780
0 0.472927 0.208942 0.262267 0.016949
0 0.472927 0.227060 0.509306 0.015780
0 0.484772 0.246347 0.776650 0.018118
0 0.472927 0.265926 0.749577 0.016365
0 0.473773 0.284629 0.656514 0.017534
0 0.483926 0.303624 0.436548 0.014611
0 0.475465 0.342198 0.362098 0.013442
0 0.291032 0.380771 0.379019 0.013442
0 0.196277 0.419345 0.196277 0.013442
0 0.450085 0.419638 0.165821 0.012858
0 0.146362 0.438340 0.099831 0.012858
0 0.609983 0.439801 0.532995 0.014611
0 0.478003 0.918761 0.702200 0.014027
0 0.181049 0.457919 0.169205 0.013442
0 0.501692 0.457919 0.313029 0.013442
0 0.170051 0.477206 0.147208 0.012274
0 0.499154 0.479252 0.311337 0.016365
0 0.170897 0.496201 0.148900 0.012858
0 0.595601 0.497078 0.507614 0.014611
0 0.196277 0.535359 0.196277 0.014027
0 0.846024 0.536236 0.054146 0.013442
0 0.476311 0.574518 0.363790 0.014027
0 0.111675 0.593513 0.023689 0.013442
0 0.521997 0.594681 0.705584 0.015780
0 0.401015 0.614261 0.463621 0.016365
0 0.110829 0.632086 0.018613 0.012274
0 0.326565 0.633548 0.318105 0.016365
0 0.774112 0.632963 0.197970 0.014027
0 0.111675 0.651373 0.020305 0.012274
0 0.314721 0.651081 0.291032 0.014027
0 0.777496 0.652250 0.194585 0.014027
0 0.112521 0.670660 0.021997 0.013442
0 0.365482 0.671829 0.389171 0.016949
0 0.776650 0.670953 0.196277 0.014027
0 0.114213 0.708942 0.025381 0.012858
0 0.268190 0.709527 0.197970 0.014027
0 0.728426 0.709819 0.143824 0.012274
0 0.267343 0.728521 0.189509 0.013442
0 0.741117 0.728521 0.118443 0.013442
0 0.313875 0.749269 0.289340 0.016365
0 0.750423 0.748393 0.093063 0.013442
0 0.279188 0.767387 0.223350 0.014027
0 0.728426 0.767095 0.143824 0.013442
0 0.489002 0.805085 0.771574 0.013442
0 0.234349 0.842782 0.269036 0.016365
0 0.560068 0.842198 0.148900 0.014027
0 0.838409 0.843074 0.076142 0.014611
0 0.222504 0.860608 0.245347 0.013442
0 0.562606 0.860608 0.147208 0.013442
0 0.813875 0.861192 0.121827 0.013442
0 0.489002 0.899766 0.680203 0.014611
