0 0.486602 0.141721 0.730975 0.021803
0 0.439443 0.173542 0.503751 0.022982
0 0.434084 0.200059 0.634512 0.021803
0 0.442122 0.221273 0.183280 0.020625
0 0.440514 0.244255 0.467310 0.018268
0 0.439443 0.267236 0.231511 0.018268
0 0.441586 0.300825 0.574491 0.022982
0 0.441586 0.333235 0.486602 0.021803
0 0.441586 0.365056 0.244373 0.022982
0 0.132369 0.405716 0.193998 0.019446
0 0.384780 0.405716 0.171490 0.019446
0 0.092712 0.435769 0.114684 0.019446
0 0.443194 0.434590 0.292605 0.019446
0 0.123258 0.465822 0.175777 0.018268
0 0.338692 0.466411 0.075027 0.021803
0 0.131297 0.528874 0.187567 0.019446
0 0.646302 0.505303 0.068596 0.020625
0 0.797964 0.505303 0.103966 0.025339
0 0.165595 0.559517 0.189711 0.021803
0 0.339228 0.560106 0.031083 0.015910
0 0.441586 0.558338 0.077170 0.019446
0 0.646302 0.558928 0.081458 0.018268
0 0.817256 0.558928 0.056806 0.018268
0 0.297964 0.590159 0.150054 0.020625
0 0.642015 0.590159 0.081458 0.020625
0 0.233119 0.640837 0.286174 0.022982
0 0.643087 0.642015 0.070740 0.020625
0 0.291533 0.673247 0.160772 0.021803
0 0.644159 0.671479 0.077170 0.020625
0 0.262594 0.700354 0.225080 0.022982
0 0.645230 0.699764 0.079314 0.019446
0 0.182744 0.735121 0.277599 0.024160
0 0.170418 0.769888 0.244373 0.026517
0 0.451768 0.770477 0.215434 0.022982
0 0.717042 0.769888 0.160772 0.024160
0 0.078778 0.802887 0.056806 0.024160
0 0.237406 0.803477 0.108253 0.022982
0 0.520900 0.802298 0.081458 0.018268
0 0.755627 0.802887 0.083601 0.019446
0 0.433012 0.890689 0.216506 0.024160
0 0.434084 0.918975 0.383708 0.022982
0 0.435155 0.943724 0.711683 0.022982
