0 0.506739 0.194962 0.725067 0.020014
0 0.480458 0.219807 0.243935 0.022774
0 0.491914 0.244651 0.420485 0.020014
0 0.213612 0.267426 0.057951 0.020014
0 0.577493 0.267426 0.443396 0.020014
0 0.518194 0.291580 0.332884 0.021394
0 0.532345 0.316770 0.264151 0.019324
0 0.486523 0.339545 0.285714 0.022084
0 0.269542 0.389234 0.474394 0.019324
0 0.213612 0.412008 0.362534 0.024845
0 0.187332 0.437543 0.304582 0.020704
0 0.329515 0.461353 0.599730 0.022774
0 0.931267 0.461008 0.048518 0.020704
0 0.044474 0.509317 0.024259 0.023464
0 0.425876 0.510697 0.404313 0.020704
0 0.902965 0.508972 0.097035 0.022774
0 0.045148 0.556246 0.025606 0.020704
0 0.177224 0.556936 0.171159 0.019324
0 0.902965 0.556936 0.091644 0.017943
0 0.150270 0.582126 0.117251 0.020014
0 0.909704 0.581781 0.075472 0.017943
0 0.206199 0.606970 0.226415 0.020014
0 0.908356 0.606625 0.072776 0.019324
0 0.176550 0.669772 0.164420 0.020014
0 0.902965 0.662526 0.091644 0.033126
0 0.130054 0.693927 0.074124 0.020014
0 0.905660 0.692202 0.091644 0.017943
0 0.150270 0.733954 0.114555 0.020014
0 0.911725 0.724983 0.076819 0.032436
0 0.491240 0.802968 0.607817 0.020014
0 0.489218 0.826777 0.768194 0.020704
0 0.493935 0.851622 0.535040 0.019324
