0 0.500000 0.169512 0.671853 0.028455
0 0.475248 0.202439 0.229137 0.026016
0 0.483734 0.234959 0.639321 0.027642
0 0.485856 0.267073 0.810467 0.028455
0 0.370580 0.299187 0.489392 0.022764
0 0.775813 0.297154 0.145686 0.025203
0 0.475248 0.332927 0.486563 0.026829
0 0.487270 0.397561 0.465347 0.022764
0 0.283593 0.431301 0.442716 0.028455
0 0.768034 0.430081 0.299859 0.022764
0 0.114569 0.460569 0.107496 0.021951
0 0.457567 0.464634 0.021216 0.015447
0 0.606082 0.463008 0.024045 0.021951
0 0.840877 0.461382 0.145686 0.023577
0 0.318246 0.494715 0.512023 0.028455
0 0.231259 0.558943 0.340877 0.028455
0 0.251768 0.623577 0.124470 0.024390
0 0.487977 0.625203 0.251768 0.022764
0 0.809052 0.625203 0.200849 0.022764
0 0.509194 0.658943 0.209335 0.021951
0 0.805516 0.658130 0.213579 0.021951
0 0.464639 0.690244 0.295615 0.024390
0 0.806931 0.690650 0.213579 0.023577
0 0.176803 0.754878 0.237624 0.028455
0 0.464639 0.757317 0.210750 0.026829
0 0.775813 0.757317 0.145686 0.026829
0 0.164781 0.784146 0.128713 0.023577
0 0.519802 0.788211 0.106082 0.021951
0 0.809760 0.786992 0.083451 0.021138
0 0.168317 0.817886 0.130127 0.022764
0 0.531825 0.819512 0.084866 0.022764
0 0.807638 0.820325 0.084866 0.021138
0 0.457567 0.850407 0.666195 0.024390
0 0.272277 0.917480 0.422914 0.028455
0 0.774399 0.919919 0.275813 0.026829
0 0.252475 0.951220 0.380481 0.032520
