0 0.478604 0.110790 0.536036 0.016570
0 0.478041 0.128516 0.280405 0.015800
0 0.479167 0.148170 0.494369 0.015029
0 0.477477 0.166667 0.500000 0.017341
0 0.487613 0.187861 0.808559 0.017341
0 0.479730 0.207322 0.454955 0.016185
0 0.234234 0.265511 0.342342 0.014644
0 0.277027 0.303276 0.425676 0.018497
0 0.384572 0.342389 0.640766 0.015800
0 0.192568 0.362235 0.261261 0.014644
0 0.156532 0.381503 0.191441 0.015414
0 0.467905 0.382081 0.131757 0.014258
0 0.367117 0.420231 0.610360 0.015029
0 0.858108 0.420231 0.110360 0.015029
0 0.190315 0.440270 0.263514 0.014258
0 0.636824 0.440655 0.046171 0.014258
0 0.868243 0.440270 0.090090 0.013487
0 0.288288 0.478998 0.452703 0.014644
0 0.636261 0.479191 0.049550 0.014258
0 0.856982 0.479769 0.112613 0.015414
0 0.199887 0.517534 0.282658 0.014644
0 0.105293 0.537380 0.091216 0.015800
0 0.127252 0.556840 0.132883 0.014644
0 0.637950 0.557803 0.052928 0.014258
0 0.858671 0.537765 0.111486 0.015029
0 0.867680 0.557611 0.088964 0.014644
0 0.181306 0.596532 0.238739 0.016956
0 0.181869 0.615992 0.237613 0.015800
0 0.572635 0.597495 0.217342 0.015800
0 0.833896 0.597303 0.149775 0.016956
0 0.603041 0.615992 0.111486 0.014258
0 0.867117 0.615992 0.090090 0.014258
0 0.128378 0.673603 0.137387 0.016185
0 0.192005 0.692678 0.262387 0.014258
0 0.294482 0.711561 0.471847 0.014258
0 0.242680 0.731985 0.368243 0.014258
0 0.195946 0.770135 0.277027 0.015029
0 0.635135 0.770328 0.049550 0.014644
0 0.867117 0.770906 0.090090 0.014258
0 0.369932 0.808285 0.613739 0.019653
0 0.411599 0.827938 0.706081 0.015800
0 0.485360 0.847399 0.858108 0.014644
0 0.417793 0.866281 0.718468 0.015414
0 0.417793 0.886705 0.720721 0.015414
0 0.219032 0.923699 0.320946 0.014644
0 0.283221 0.944123 0.449324 0.014644
0 0.432995 0.963776 0.748874 0.015414
0 0.596847 0.264740 0.173423 0.014644
0 0.860360 0.342389 0.112613 0.015029
0 0.529842 0.362428 0.217342 0.015029
0 0.467905 0.381310 0.131757 0.015029
0 0.670608 0.381696 0.111486 0.015029
0 0.293919 0.673218 0.038288 0.015414
0 0.389640 0.673218 0.065315 0.013873
0 0.612050 0.673603 0.302928 0.014644
0 0.900338 0.674181 0.028153 0.015029
0 0.658221 0.712717 0.176802 0.014258
