0 0.482313 0.084962 0.308844 0.021906
0 0.469388 0.108940 0.269388 0.023683
0 0.478231 0.134399 0.605442 0.024867
0 0.478231 0.158378 0.518367 0.025459
0 0.465986 0.181172 0.232653 0.022499
0 0.476190 0.207223 0.557823 0.024867
0 0.470068 0.232682 0.755102 0.026051
0 0.483673 0.255773 0.706122 0.023683
0 0.481633 0.279751 0.604082 0.025459
0 0.469388 0.303138 0.321088 0.022499
0 0.481633 0.327413 0.742857 0.024867
0 0.470068 0.352279 0.572789 0.026051
0 0.165306 0.400533 0.243537 0.019538
0 0.648980 0.398461 0.413605 0.023683
0 0.295918 0.424216 0.502041 0.020722
0 0.469388 0.472469 0.152381 0.020130
0 0.197279 0.520722 0.304762 0.019538
0 0.881633 0.517762 0.068027 0.019538
0 0.091156 0.544109 0.089796 0.018946
0 0.402041 0.544405 0.066667 0.018354
0 0.533333 0.543517 0.157823 0.020130
0 0.800680 0.542037 0.210884 0.019538
0 0.059184 0.591474 0.020408 0.016578
0 0.382313 0.591178 0.549660 0.019538
0 0.880952 0.588810 0.072109 0.018354
0 0.112925 0.615157 0.138776 0.018946
0 0.371429 0.614269 0.046259 0.017170
0 0.568027 0.615453 0.085714 0.018354
0 0.770748 0.613973 0.110204 0.020130
0 0.891156 0.613381 0.048980 0.018946
0 0.221088 0.639432 0.352381 0.018946
0 0.770748 0.637951 0.112925 0.018354
0 0.560544 0.708999 0.253061 0.019538
0 0.880952 0.709295 0.074830 0.020130
0 0.399320 0.733274 0.578231 0.018354
0 0.857823 0.732978 0.112925 0.016578
0 0.453741 0.756957 0.469388 0.018354
0 0.857143 0.756661 0.114286 0.017762
0 0.527891 0.780639 0.323810 0.019538
0 0.851020 0.780935 0.129252 0.021314
0 0.604082 0.804026 0.165986 0.020130
0 0.855782 0.804322 0.114286 0.019538
0 0.168027 0.853760 0.240816 0.022499
0 0.471429 0.852575 0.251701 0.018946
0 0.809524 0.851687 0.190476 0.020722
0 0.123810 0.876850 0.157823 0.020130
0 0.555102 0.875370 0.108844 0.019538
0 0.867347 0.875666 0.091156 0.018946
0 0.479592 0.923327 0.869388 0.019538
