0 0.448578 0.050855 0.485777 0.033333
0 0.496718 0.099573 0.892779 0.023077
0 0.492341 0.118376 0.288840 0.017949
0 0.490153 0.141453 0.424508 0.019658
0 0.490153 0.161111 0.354486 0.017949
0 0.489059 0.182051 0.404814 0.020513
0 0.496718 0.202137 0.183807 0.019658
0 0.315098 0.222222 0.555799 0.017094
0 0.793217 0.221368 0.304158 0.013675
0 0.494530 0.243162 0.595186 0.014530
0 0.492341 0.262393 0.424508 0.017094
0 0.487965 0.288462 0.262582 0.014530
0 0.100656 0.314530 0.148796 0.020513
0 0.394967 0.314530 0.256018 0.015385
0 0.795405 0.312393 0.304158 0.016239
0 0.100656 0.335897 0.140044 0.013675
0 0.341357 0.336752 0.144420 0.013675
0 0.776805 0.335470 0.258206 0.016239
0 0.157549 0.359829 0.249453 0.013675
0 0.700219 0.358547 0.087527 0.016239
0 0.497812 0.981197 0.798687 0.020513
0 0.071116 0.396154 0.094092 0.014530
0 0.329322 0.395726 0.085339 0.020513
0 0.467177 0.394872 0.115974 0.023932
0 0.609409 0.395299 0.124726 0.019658
0 0.785558 0.394444 0.135667 0.017949
0 0.915755 0.392735 0.080963 0.019658
0 0.077681 0.415812 0.107221 0.019658
0 0.331510 0.414103 0.041575 0.014530
0 0.460613 0.414530 0.111597 0.017094
0 0.605033 0.413675 0.102845 0.020513
0 0.811816 0.412821 0.113786 0.017094
0 0.368709 0.435043 0.667396 0.011966
0 0.196937 0.457265 0.336980 0.013675
0 0.088621 0.476923 0.111597 0.020513
0 0.329322 0.476496 0.045952 0.017949
0 0.469365 0.473932 0.124726 0.017949
0 0.615974 0.475641 0.115974 0.017949
0 0.808534 0.471795 0.124726 0.020513
0 0.265864 0.494017 0.466083 0.017094
0 0.076586 0.519658 0.096280 0.017094
0 0.331510 0.516667 0.041575 0.014530
0 0.474836 0.518376 0.096280 0.017949
0 0.615974 0.520085 0.098468 0.023077
0 0.817287 0.516667 0.129103 0.023077
0 0.132385 0.540171 0.207877 0.017094
0 0.080963 0.561966 0.113786 0.017949
0 0.331510 0.563248 0.050328 0.017094
0 0.473742 0.561538 0.098468 0.017094
0 0.617068 0.563248 0.105033 0.017094
0 0.808534 0.560256 0.102845 0.017949
0 0.323851 0.585043 0.590810 0.016239
0 0.088621 0.606410 0.111597 0.017949
0 0.340263 0.606410 0.059081 0.014530
0 0.471554 0.605128 0.080963 0.017094
0 0.615974 0.603846 0.089716 0.014530
0 0.823851 0.602991 0.089716 0.017949
0 0.212254 0.626496 0.376368 0.017094
0 0.082057 0.650000 0.098468 0.017949
0 0.338074 0.650855 0.037199 0.014530
0 0.467177 0.650000 0.089716 0.019658
0 0.615974 0.649145 0.089716 0.016239
0 0.821663 0.645726 0.094092 0.023077
0 0.164114 0.672650 0.231947 0.015385
0 0.089716 0.694017 0.083151 0.017094
0 0.338074 0.692735 0.050328 0.016239
0 0.474836 0.691880 0.083151 0.012821
0 0.619256 0.691453 0.087527 0.011966
0 0.816193 0.691880 0.083151 0.012821
0 0.229759 0.714530 0.376368 0.013675
0 0.089716 0.738034 0.091904 0.017949
0 0.340263 0.737607 0.059081 0.017094
0 0.470460 0.735897 0.074398 0.011966
0 0.621444 0.735470 0.074398 0.014530
0 0.810722 0.736752 0.085339 0.013675
0 0.160832 0.758120 0.238512 0.015385
0 0.167396 0.780769 0.150985 0.017949
0 0.333698 0.777778 0.045952 0.017094
0 0.799781 0.778205 0.115974 0.012821
0 0.562363 0.811966 0.214442 0.017094
0 0.801969 0.811111 0.124726 0.015385
0 0.578775 0.838462 0.185996 0.015385
0 0.824945 0.837179 0.083151 0.012821
0 0.613786 0.862393 0.115974 0.015385
0 0.824945 0.861966 0.074398 0.012821
0 0.575492 0.889316 0.188184 0.014530
0 0.826039 0.888034 0.072210 0.011966
0 0.556893 0.914957 0.238512 0.017949
0 0.804158 0.913675 0.107221 0.011966
0 0.600656 0.939316 0.146608 0.013675
0 0.806346 0.939744 0.111597 0.014530
0 0.585339 0.959829 0.177243 0.015385
0 0.823851 0.958120 0.076586 0.011966
