0 0.480769 0.194505 0.561086 0.022307
0 0.481335 0.220892 0.451357 0.023939
0 0.484163 0.248640 0.490950 0.022851
0 0.495475 0.276931 0.434389 0.022851
0 0.495475 0.304135 0.436652 0.022851
0 0.495475 0.331882 0.504525 0.023939
0 0.505090 0.386017 0.566742 0.019042
0 0.177602 0.440424 0.144796 0.019042
0 0.504525 0.440152 0.126697 0.021763
0 0.825226 0.440152 0.166290 0.021763
0 0.343326 0.495375 0.483032 0.021219
0 0.268100 0.523939 0.248869 0.023939
0 0.372172 0.550871 0.552036 0.021219
0 0.814480 0.495647 0.192308 0.021763
0 0.814480 0.550871 0.190045 0.021219
0 0.405543 0.604733 0.605204 0.021219
0 0.486425 0.633841 0.445701 0.023939
0 0.593891 0.661045 0.226244 0.025027
0 0.635747 0.686616 0.147059 0.020675
0 0.614253 0.713819 0.187783 0.020675
0 0.213235 0.769859 0.227376 0.026115
0 0.165724 0.794886 0.139140 0.022851
0 0.522624 0.767682 0.203620 0.019587
0 0.809389 0.767410 0.143665 0.020131
0 0.575792 0.795430 0.117647 0.022851
0 0.846719 0.794614 0.100679 0.021219
0 0.491516 0.878672 0.578054 0.025027
0 0.500000 0.905060 0.798643 0.024483
0 0.815045 0.605550 0.098416 0.021763
0 0.839367 0.632481 0.067873 0.019042
0 0.814480 0.659140 0.106335 0.021219
0 0.816742 0.686072 0.104072 0.021763
0 0.835407 0.714091 0.066742 0.020131
