0 0.385406 0.260334 0.269301 0.011260
0 0.386212 0.271950 0.101592 0.009692
0 0.385205 0.284350 0.062487 0.009692
0 0.384801 0.295681 0.231405 0.010120
0 0.383995 0.307155 0.180206 0.012258
0 0.384499 0.317916 0.078008 0.010120
0 0.320701 0.329247 0.166499 0.008267
0 0.249849 0.346137 0.024793 0.008979
0 0.308506 0.360818 0.142108 0.010405
0 0.253276 0.373076 0.031647 0.010120
0 0.323120 0.390180 0.176577 0.011260
0 0.253074 0.404718 0.031647 0.010120
0 0.474400 0.424387 0.113485 0.008979
0 0.485588 0.436502 0.093933 0.010405
0 0.484177 0.448332 0.094739 0.010120
0 0.277968 0.465365 0.081435 0.010547
0 0.255493 0.478121 0.036081 0.009835
0 0.259222 0.490878 0.043540 0.010832
0 0.271215 0.518743 0.067930 0.008694
0 0.272223 0.532070 0.069946 0.008552
0 0.381274 0.549458 0.146140 0.008552
0 0.382987 0.561930 0.193106 0.010690
0 0.382483 0.573903 0.126789 0.011260
0 0.382483 0.585661 0.140496 0.010547
0 0.382080 0.596708 0.173151 0.008979
0 0.382383 0.609108 0.155211 0.010690
0 0.341967 0.346993 0.019553 0.009835
0 0.517839 0.345567 0.029833 0.008694
0 0.335215 0.373076 0.007257 0.008694
0 0.515924 0.372007 0.031647 0.009692
0 0.334308 0.403578 0.006249 0.009835
0 0.515823 0.403506 0.030236 0.009692
0 0.509877 0.464296 0.044547 0.007839
0 0.511893 0.477979 0.038097 0.008979
0 0.515017 0.489595 0.031848 0.009692
0 0.411510 0.518672 0.046563 0.008552
0 0.515521 0.518458 0.030841 0.008979
0 0.425116 0.531856 0.019754 0.007839
0 0.520762 0.531428 0.021165 0.007839
