0 0.182327 0.034973 0.060403 0.041530
0 0.439597 0.108197 0.686801 0.026230
0 0.409396 0.137705 0.630872 0.026230
0 0.465324 0.162842 0.747204 0.024044
0 0.205817 0.189071 0.223714 0.026230
0 0.625280 0.190164 0.261745 0.021858
0 0.223714 0.217486 0.255034 0.026230
0 0.410515 0.244262 0.628635 0.027322
0 0.421700 0.298361 0.203579 0.028415
0 0.480984 0.321311 0.774049 0.026230
0 0.510067 0.375956 0.604027 0.028415
0 0.237136 0.398907 0.281879 0.024044
0 0.552573 0.399454 0.058166 0.022951
0 0.768456 0.400546 0.203579 0.025137
0 0.281879 0.424590 0.147651 0.025137
0 0.165548 0.450820 0.143177 0.025137
0 0.552573 0.451366 0.062640 0.024044
0 0.740492 0.453005 0.143177 0.022951
0 0.149888 0.477596 0.116331 0.024044
0 0.552573 0.478142 0.062640 0.022951
0 0.739374 0.478142 0.145414 0.025137
0 0.222595 0.503825 0.257271 0.024044
0 0.522371 0.505464 0.118568 0.022951
0 0.750559 0.506011 0.114094 0.024044
0 0.251678 0.531148 0.310962 0.026230
0 0.523490 0.531694 0.116331 0.020765
0 0.739374 0.531694 0.145414 0.022951
0 0.350112 0.585246 0.516779 0.029508
0 0.323266 0.609836 0.458613 0.024044
0 0.293065 0.634973 0.402685 0.021858
0 0.577181 0.636066 0.058166 0.024044
0 0.148770 0.734973 0.114094 0.020765
0 0.409396 0.733880 0.116331 0.025137
0 0.423937 0.760109 0.659955 0.025137
0 0.406040 0.810929 0.628635 0.026230
0 0.466443 0.840437 0.749441 0.026230
0 0.425056 0.864481 0.657718 0.026230
0 0.222595 0.914754 0.261745 0.024044
0 0.348993 0.942077 0.514541 0.030601
0 0.522371 0.039891 0.409396 0.049180
0 0.448546 0.216940 0.078300 0.022951
0 0.638702 0.218579 0.225951 0.024044
0 0.437360 0.424590 0.060403 0.022951
0 0.626398 0.426230 0.201342 0.024044
0 0.565996 0.735519 0.089485 0.021858
0 0.736018 0.734973 0.089485 0.022951
