0 0.465957 0.111614 0.580142 0.016516
0 0.448227 0.132925 0.578723 0.015450
0 0.446099 0.153969 0.443972 0.018114
0 0.459574 0.175812 0.113475 0.013852
0 0.468794 0.198189 0.611348 0.020245
0 0.446809 0.238146 0.720567 0.014917
0 0.465248 0.261055 0.652482 0.019180
0 0.446809 0.282099 0.283688 0.013319
0 0.276596 0.323655 0.425532 0.014385
0 0.284397 0.344699 0.438298 0.014917
0 0.755319 0.326319 0.321986 0.025040
0 0.134043 0.407299 0.140426 0.014385
0 0.475887 0.408098 0.219858 0.015983
0 0.166667 0.428609 0.202837 0.014385
0 0.336879 0.430474 0.058156 0.017048
0 0.468794 0.427544 0.080851 0.014385
0 0.619149 0.427011 0.060993 0.013319
0 0.811348 0.427278 0.121986 0.014917
0 0.198582 0.470698 0.263830 0.014385
0 0.073759 0.492541 0.022695 0.013319
0 0.185106 0.492541 0.080851 0.014385
0 0.314894 0.492808 0.017021 0.014917
0 0.197872 0.513053 0.259574 0.014917
0 0.075177 0.534363 0.025532 0.017048
0 0.185816 0.534363 0.079433 0.013852
0 0.314184 0.535162 0.018440 0.014385
0 0.197163 0.555141 0.260993 0.012786
0 0.075887 0.575919 0.029787 0.013852
0 0.185816 0.576985 0.079433 0.014917
0 0.315603 0.576452 0.018440 0.012786
0 0.618440 0.469366 0.504965 0.014917
0 0.619149 0.512520 0.509220 0.014917
0 0.617730 0.554076 0.509220 0.014917
0 0.468794 0.492009 0.083688 0.013319
0 0.629078 0.490943 0.080851 0.014385
0 0.829078 0.490144 0.078014 0.014917
0 0.465957 0.534097 0.083688 0.013319
0 0.627660 0.533298 0.083688 0.014917
0 0.828369 0.533031 0.082270 0.016516
0 0.465957 0.576452 0.083688 0.014917
0 0.625532 0.575919 0.082270 0.013852
0 0.827660 0.574587 0.080851 0.013319
0 0.156028 0.642248 0.181560 0.017581
0 0.377305 0.639052 0.025532 0.014385
0 0.112766 0.661161 0.100709 0.014917
0 0.265248 0.681939 0.400000 0.014917
0 0.197163 0.702717 0.260993 0.014917
0 0.127660 0.725626 0.121986 0.018114
0 0.646099 0.660096 0.046809 0.014917
0 0.650355 0.680874 0.041135 0.014917
0 0.647518 0.702451 0.043972 0.013319
0 0.648936 0.723495 0.043972 0.014917
0 0.818440 0.659030 0.099291 0.014917
0 0.818440 0.680874 0.099291 0.014917
0 0.817021 0.702451 0.104965 0.015450
0 0.819149 0.722962 0.100709 0.014917
0 0.238298 0.766649 0.343262 0.015983
0 0.175887 0.809803 0.224113 0.018114
0 0.523404 0.808205 0.198582 0.014917
0 0.795745 0.808471 0.136170 0.014385
0 0.113475 0.829782 0.099291 0.014385
0 0.113475 0.850826 0.099291 0.015983
0 0.478014 0.828982 0.102128 0.013852
0 0.465957 0.851359 0.080851 0.015983
0 0.768085 0.828450 0.080851 0.014917
0 0.768794 0.850826 0.085106 0.014917
0 0.227660 0.892914 0.321986 0.014917
0 0.709220 0.891582 0.323404 0.015450
0 0.449645 0.936068 0.533333 0.017048
0 0.458156 0.958711 0.624113 0.018647
0 0.465957 0.977890 0.458156 0.014385
0 0.688652 0.344166 0.287943 0.012786
0 0.686525 0.344166 0.283688 0.014917
