0 0.420077 0.270097 0.269301 0.016249
0 0.420984 0.281428 0.100585 0.010690
0 0.422395 0.294612 0.064705 0.010832
0 0.421992 0.304946 0.231203 0.013540
0 0.421588 0.317560 0.176376 0.011973
0 0.422092 0.328677 0.077001 0.009407
0 0.359706 0.340935 0.165894 0.011688
0 0.289760 0.359393 0.023987 0.008979
0 0.380770 0.358110 0.020157 0.010690
0 0.557851 0.351839 0.028019 0.008124
0 0.376134 0.370653 0.196331 0.011545
0 0.294195 0.385832 0.030437 0.009977
0 0.376436 0.384407 0.007458 0.008837
0 0.374824 0.402081 0.191292 0.013113
0 0.295102 0.417118 0.029833 0.009265
0 0.377343 0.414980 0.005644 0.009265
0 0.556138 0.379062 0.031445 0.008979
0 0.558254 0.410348 0.030841 0.009977
0 0.521064 0.432226 0.106833 0.010405
0 0.529430 0.443700 0.094134 0.010832
0 0.532957 0.455459 0.087482 0.010405
0 0.321911 0.477338 0.081838 0.011117
0 0.554324 0.471209 0.043136 0.007697
0 0.300141 0.491163 0.034267 0.008552
0 0.560572 0.484607 0.029833 0.008837
0 0.561076 0.496508 0.030841 0.009550
0 0.304777 0.503207 0.042330 0.011260
0 0.318383 0.530430 0.068333 0.009265
0 0.458476 0.527651 0.046966 0.007982
0 0.563294 0.525584 0.030437 0.009265
0 0.320500 0.544470 0.070147 0.007982
0 0.472485 0.540051 0.018142 0.006842
0 0.568736 0.537913 0.019553 0.007982
0 0.432272 0.559721 0.141705 0.010262
0 0.432373 0.571337 0.189075 0.012115
0 0.432070 0.583666 0.127192 0.012543
0 0.432272 0.595140 0.140496 0.011545
0 0.432876 0.606471 0.171941 0.011688
0 0.433985 0.618800 0.154001 0.011545
