0 0.567480 0.032193 0.396748 0.026828
0 0.459350 0.070423 0.557724 0.029510
0 0.488618 0.108987 0.717073 0.026157
0 0.461789 0.138162 0.839024 0.020121
0 0.464228 0.161972 0.622764 0.015426
0 0.462602 0.183769 0.814634 0.018779
0 0.461789 0.205231 0.669919 0.016097
0 0.438211 0.228035 0.200000 0.014755
0 0.473984 0.270624 0.648780 0.015426
0 0.126016 0.316231 0.203252 0.019450
0 0.308130 0.316231 0.112195 0.018109
0 0.681301 0.316566 0.484553 0.017438
0 0.177236 0.339705 0.292683 0.018109
0 0.669919 0.340376 0.315447 0.022133
0 0.160976 0.384306 0.260163 0.014755
0 0.775610 0.385983 0.139837 0.019450
0 0.199187 0.427901 0.339837 0.017438
0 0.849593 0.427565 0.147967 0.019450
0 0.282927 0.471496 0.491057 0.020121
0 0.847154 0.470490 0.149593 0.015426
0 0.283740 0.514755 0.505691 0.020791
0 0.817886 0.513078 0.130081 0.020121
0 0.177236 0.538229 0.279675 0.018109
0 0.821138 0.534541 0.094309 0.014755
0 0.130894 0.559691 0.200000 0.019450
0 0.813008 0.558350 0.120325 0.016767
0 0.082114 0.582160 0.092683 0.014755
0 0.806504 0.581824 0.139837 0.018109
0 0.111382 0.603957 0.160976 0.019450
0 0.811382 0.603622 0.136585 0.016097
0 0.157724 0.648558 0.240650 0.017438
0 0.169106 0.670020 0.266667 0.020121
0 0.477236 0.669349 0.252033 0.016097
0 0.778862 0.667673 0.191870 0.015426
0 0.867480 0.646881 0.030894 0.019450
0 0.107317 0.692488 0.156098 0.018109
0 0.548780 0.690141 0.112195 0.018779
0 0.826829 0.691147 0.102439 0.018109
0 0.188618 0.735748 0.305691 0.020121
0 0.827642 0.734071 0.091057 0.014085
0 0.471545 0.780349 0.575610 0.015426
0 0.482114 0.799799 0.652033 0.015426
0 0.474797 0.822938 0.686179 0.018779
0 0.464228 0.843394 0.463415 0.019450
0 0.478049 0.865191 0.595122 0.021462
0 0.470732 0.885983 0.583740 0.020121
