0 0.437500 0.105614 0.567308 0.016913
0 0.439637 0.119288 0.644231 0.014754
0 0.419338 0.138359 0.449786 0.016913
0 0.420940 0.154192 0.399573 0.016913
0 0.429487 0.169485 0.423077 0.013674
0 0.439637 0.184779 0.543803 0.012594
0 0.416132 0.216985 0.415598 0.017992
0 0.183226 0.252789 0.291667 0.028427
0 0.179487 0.274559 0.271368 0.015833
0 0.239850 0.289852 0.372863 0.014754
0 0.659188 0.290932 0.205128 0.019072
0 0.092415 0.308024 0.084402 0.014394
0 0.388889 0.306765 0.416667 0.016193
0 0.186432 0.320979 0.278846 0.013674
0 0.158120 0.353724 0.228632 0.015833
0 0.365919 0.353724 0.067308 0.015833
0 0.529915 0.352465 0.141026 0.020511
0 0.689103 0.353724 0.117521 0.017992
0 0.778312 0.352645 0.060897 0.017992
0 0.177885 0.384851 0.255342 0.019072
0 0.342415 0.401223 0.080128 0.015833
0 0.531517 0.402303 0.090812 0.017992
0 0.696047 0.403562 0.097222 0.020511
0 0.793803 0.402843 0.064103 0.019072
0 0.191239 0.418316 0.282051 0.020511
0 0.348825 0.435588 0.073718 0.016913
0 0.523504 0.435588 0.106838 0.019072
0 0.685363 0.432890 0.103632 0.017992
0 0.791667 0.433969 0.053419 0.013674
0 0.170940 0.449982 0.241453 0.020511
0 0.355235 0.465635 0.080128 0.015833
0 0.518697 0.463656 0.097222 0.016913
0 0.688034 0.466175 0.100427 0.019072
0 0.790064 0.465635 0.056624 0.017992
0 0.199252 0.480029 0.298077 0.017992
0 0.356838 0.494782 0.076923 0.015833
0 0.525107 0.497301 0.097222 0.017992
0 0.691239 0.496222 0.094017 0.015833
0 0.791667 0.495322 0.047009 0.019072
0 0.214744 0.511695 0.329060 0.015833
0 0.350427 0.528068 0.076923 0.016913
0 0.528312 0.528068 0.103632 0.016913
0 0.697115 0.527528 0.080128 0.015833
0 0.792201 0.529867 0.060897 0.020511
0 0.188034 0.542821 0.282051 0.016913
0 0.347756 0.560633 0.084402 0.013674
0 0.525107 0.560273 0.090812 0.017992
0 0.692842 0.560273 0.090812 0.017992
0 0.800214 0.561713 0.064103 0.015833
0 0.261752 0.590860 0.412393 0.017992
0 0.770299 0.590320 0.117521 0.016913
0 0.233440 0.606693 0.379274 0.015833
0 0.774038 0.608672 0.084402 0.014754
0 0.160256 0.623606 0.224359 0.015833
0 0.771368 0.622706 0.087607 0.011155
0 0.293269 0.639439 0.486111 0.015833
0 0.761218 0.639619 0.120726 0.011155
0 0.174679 0.656891 0.255342 0.016913
0 0.770299 0.655272 0.076923 0.015833
0 0.162927 0.691616 0.244658 0.029507
0 0.715278 0.692695 0.208333 0.033825
0 0.224359 0.727780 0.341880 0.020511
0 0.504808 0.728140 0.197650 0.019072
0 0.737714 0.728679 0.174145 0.017992
0 0.177885 0.743973 0.255342 0.016913
0 0.090278 0.789313 0.080128 0.019072
0 0.758013 0.788593 0.114316 0.022670
0 0.079594 0.853005 0.058761 0.013314
0 0.196047 0.853185 0.137821 0.015833
0 0.521902 0.853724 0.191239 0.014754
0 0.737714 0.854804 0.133547 0.016913
0 0.074252 0.867938 0.067308 0.015833
0 0.293803 0.869018 0.123932 0.017992
0 0.567308 0.870097 0.104701 0.015113
0 0.769765 0.871716 0.090812 0.019072
0 0.435897 0.947823 0.235043 0.017992
0 0.428419 0.965095 0.399573 0.017992
0 0.424145 0.980029 0.553419 0.016913
