0 0.499154 0.119246 0.727580 0.017748
0 0.493232 0.133111 0.725888 0.016639
0 0.500000 0.146700 0.563452 0.016084
0 0.497462 0.160566 0.186125 0.012757
0 0.494924 0.173877 0.590525 0.014975
0 0.493232 0.188297 0.465313 0.014975
0 0.498308 0.201886 0.614213 0.013311
0 0.497462 0.216861 0.788494 0.013311
0 0.496616 0.230172 0.441624 0.014420
0 0.496616 0.262895 0.482234 0.024404
0 0.110829 0.311425 0.096447 0.014975
0 0.472927 0.339712 0.810491 0.013866
0 0.269036 0.352745 0.409475 0.015530
0 0.679357 0.354687 0.306261 0.014975
0 0.112521 0.380200 0.096447 0.013866
0 0.478003 0.381864 0.065990 0.013866
0 0.642132 0.381864 0.072758 0.012757
0 0.810491 0.382696 0.138748 0.012202
0 0.633672 0.396284 0.082910 0.012757
0 0.829949 0.397393 0.089679 0.014975
0 0.204738 0.409040 0.280880 0.013866
0 0.459391 0.408763 0.021997 0.013311
0 0.625212 0.409872 0.106599 0.013311
0 0.816413 0.410150 0.109983 0.013866
0 0.901861 0.411536 0.027073 0.013311
0 0.406091 0.422906 0.680203 0.013866
0 0.215736 0.449529 0.299492 0.014975
0 0.603215 0.449529 0.032149 0.013866
0 0.547377 0.491126 0.313029 0.013866
0 0.556684 0.505546 0.091371 0.013866
0 0.600677 0.518303 0.182741 0.016084
0 0.223350 0.531891 0.223350 0.013311
0 0.203046 0.545480 0.182741 0.014975
0 0.245347 0.561009 0.257191 0.016084
0 0.864636 0.491681 0.128596 0.012757
0 0.872250 0.506378 0.099831 0.012202
0 0.873942 0.519967 0.099831 0.013866
0 0.813875 0.534110 0.223350 0.015530
0 0.814721 0.547421 0.211506 0.015530
0 0.829103 0.562119 0.172589 0.013866
0 0.491540 0.588464 0.580372 0.016639
0 0.489848 0.614531 0.241963 0.015530
0 0.124365 0.642540 0.093063 0.012757
0 0.480541 0.642540 0.135364 0.014975
0 0.660745 0.643095 0.045685 0.013866
0 0.830795 0.643927 0.152284 0.013311
0 0.102369 0.669717 0.049069 0.013866
0 0.493232 0.670272 0.109983 0.013866
0 0.658206 0.671381 0.027073 0.014975
0 0.865482 0.671381 0.093063 0.012757
0 0.582910 0.712146 0.211506 0.014420
0 0.856176 0.712424 0.091371 0.014975
0 0.486464 0.769273 0.631134 0.015530
0 0.489848 0.782862 0.543147 0.013866
0 0.485618 0.797005 0.751269 0.013311
0 0.490694 0.810316 0.829103 0.013311
0 0.487310 0.822795 0.781726 0.013866
0 0.483080 0.836661 0.468697 0.014975
