0 0.461898 0.214388 0.568182 0.025054
0 0.477941 0.243737 0.538770 0.026485
0 0.469920 0.271654 0.282086 0.025054
0 0.484626 0.304581 0.423797 0.026485
0 0.473930 0.332856 0.439840 0.027201
0 0.485963 0.361131 0.501337 0.026485
0 0.494652 0.394417 0.558824 0.027201
0 0.169118 0.452398 0.143048 0.024338
0 0.491310 0.452040 0.127005 0.022190
0 0.815508 0.452756 0.163102 0.025054
0 0.366979 0.512885 0.546791 0.029349
0 0.795455 0.513601 0.203209 0.026485
0 0.264037 0.540086 0.260695 0.026485
0 0.362299 0.572656 0.548128 0.024338
0 0.815508 0.574445 0.163102 0.025054
0 0.398396 0.634574 0.604278 0.027917
0 0.796791 0.633500 0.117647 0.022906
0 0.626337 0.664639 0.140374 0.026485
0 0.796123 0.662491 0.121658 0.025054
0 0.606952 0.693629 0.181818 0.024338
0 0.804144 0.692913 0.105615 0.024338
0 0.204545 0.753042 0.221925 0.030064
0 0.510027 0.752684 0.204545 0.026485
0 0.800134 0.753400 0.143048 0.025054
0 0.153743 0.780959 0.131016 0.024338
0 0.554144 0.782033 0.121658 0.026485
0 0.832219 0.780243 0.086898 0.022906
0 0.157086 0.811382 0.129679 0.020759
0 0.572861 0.808876 0.084225 0.024338
0 0.844251 0.811024 0.060160 0.024338
0 0.474599 0.901217 0.558824 0.031496
0 0.482620 0.930923 0.788770 0.029349
