0 0.423820 0.160965 0.354077 0.025799
0 0.416309 0.185081 0.227468 0.017947
0 0.424893 0.209759 0.534335 0.025799
0 0.430258 0.232193 0.648069 0.023556
0 0.415773 0.256310 0.438841 0.022434
0 0.426502 0.280987 0.486052 0.021312
0 0.400751 0.329781 0.438841 0.026921
0 0.194206 0.375210 0.315451 0.022434
0 0.535408 0.376893 0.317597 0.028043
0 0.082082 0.402412 0.080472 0.021873
0 0.386266 0.403253 0.412017 0.026921
0 0.146459 0.449804 0.219957 0.022434
0 0.358369 0.450925 0.060086 0.022434
0 0.530579 0.448121 0.140558 0.023556
0 0.679721 0.447560 0.101931 0.026921
0 0.778433 0.448121 0.082618 0.021312
0 0.115343 0.493550 0.157725 0.026921
0 0.332618 0.520471 0.072961 0.025799
0 0.515558 0.521032 0.101931 0.031408
0 0.686159 0.520471 0.093348 0.028043
0 0.784335 0.519910 0.055794 0.029164
0 0.134657 0.544027 0.200644 0.023556
0 0.334764 0.568704 0.068670 0.028043
0 0.524142 0.568144 0.093348 0.029164
0 0.682940 0.568144 0.086910 0.026921
0 0.785408 0.565900 0.040773 0.024678
0 0.132511 0.590578 0.179185 0.025799
0 0.335837 0.614694 0.070815 0.024678
0 0.521996 0.616377 0.093348 0.023556
0 0.688305 0.615816 0.080472 0.024678
0 0.782189 0.613573 0.047210 0.020191
0 0.162017 0.661806 0.246781 0.022434
0 0.249464 0.685923 0.425966 0.022434
0 0.761266 0.685362 0.086910 0.023556
0 0.208155 0.709478 0.334764 0.024678
0 0.768777 0.711161 0.097639 0.021312
0 0.277361 0.734717 0.473176 0.025799
0 0.766631 0.733595 0.101931 0.021312
0 0.150751 0.757712 0.219957 0.025799
0 0.724785 0.758833 0.153433 0.025799
0 0.101395 0.804823 0.129828 0.028043
0 0.764485 0.805384 0.089056 0.024678
0 0.149678 0.876052 0.209227 0.023556
0 0.516631 0.876052 0.189914 0.021312
0 0.734442 0.874369 0.146996 0.022434
0 0.065451 0.900729 0.045064 0.022434
0 0.291309 0.899607 0.110515 0.024678
0 0.574571 0.900729 0.080472 0.022434
0 0.764485 0.900729 0.089056 0.020191
