0 0.515541 0.131153 0.906757 0.022252
0 0.512162 0.166891 0.210811 0.019555
0 0.517568 0.186446 0.713514 0.019555
0 0.512162 0.218813 0.413514 0.018206
0 0.329054 0.248820 0.320270 0.018881
0 0.512162 0.279838 0.432432 0.018881
0 0.513514 0.315239 0.281081 0.019555
0 0.120946 0.353001 0.120270 0.018206
0 0.268919 0.383345 0.408108 0.020904
0 0.780405 0.382333 0.282432 0.017532
0 0.195946 0.409980 0.267568 0.017532
0 0.758108 0.407957 0.240541 0.017532
0 0.177027 0.436952 0.227027 0.022927
0 0.681757 0.433581 0.087838 0.017532
0 0.103378 0.480782 0.079730 0.016183
0 0.416216 0.482805 0.064865 0.018881
0 0.583108 0.481794 0.136486 0.018206
0 0.769595 0.479434 0.141892 0.013486
0 0.919595 0.478759 0.068919 0.016183
0 0.199324 0.505394 0.268919 0.018206
0 0.414865 0.506406 0.024324 0.016183
0 0.583784 0.505732 0.075676 0.016183
0 0.791216 0.505394 0.087838 0.015509
0 0.918919 0.504720 0.056757 0.016858
0 0.436486 0.530344 0.748649 0.016858
0 0.249324 0.556305 0.182432 0.017532
0 0.410811 0.556642 0.024324 0.016858
0 0.793243 0.555630 0.091892 0.016183
0 0.393919 0.604181 0.509459 0.021578
0 0.834459 0.601483 0.093243 0.014835
0 0.554730 0.630142 0.185135 0.018206
0 0.540541 0.658125 0.208108 0.017532
0 0.546622 0.690155 0.201351 0.020904
0 0.369595 0.719825 0.555405 0.019555
0 0.572973 0.747808 0.145946 0.017532
0 0.558784 0.775792 0.179730 0.022252
0 0.843243 0.630816 0.075676 0.015509
0 0.841892 0.657451 0.072973 0.016183
0 0.841892 0.687121 0.075676 0.016183
0 0.826351 0.719150 0.109459 0.016858
0 0.835135 0.745786 0.097297 0.013486
0 0.831757 0.771072 0.098649 0.016858
0 0.241216 0.820971 0.293243 0.016858
0 0.192568 0.844909 0.171622 0.016183
0 0.372297 0.845246 0.033784 0.016858
0 0.559459 0.847943 0.172973 0.019555
0 0.784459 0.846595 0.166216 0.020904
0 0.132432 0.876601 0.054054 0.017532
0 0.377027 0.877613 0.024324 0.016858
0 0.598649 0.877950 0.091892 0.017532
0 0.828378 0.876939 0.078378 0.019555
0 0.827703 0.909305 0.082432 0.016858
0 0.593919 0.909980 0.101351 0.016858
0 0.362838 0.908968 0.120270 0.017532
0 0.482432 0.959204 0.789189 0.018206
0 0.699324 0.246460 0.344595 0.024949
0 0.700676 0.247134 0.325676 0.018206
0 0.855405 0.282198 0.264865 0.043830
