0 0.519386 0.099180 0.896607 0.018033
0 0.512924 0.117623 0.444265 0.018852
0 0.512116 0.137295 0.484653 0.018852
0 0.357835 0.154918 0.298869 0.018033
0 0.518578 0.173770 0.390953 0.016393
0 0.515347 0.213115 0.562197 0.027869
0 0.623586 0.261475 0.429725 0.029508
0 0.126010 0.288934 0.132472 0.020492
0 0.689015 0.288934 0.315024 0.017213
0 0.337641 0.318852 0.568659 0.026230
0 0.285945 0.346721 0.462036 0.018033
0 0.200323 0.365164 0.284330 0.017213
0 0.315832 0.384426 0.521809 0.018033
0 0.256866 0.402049 0.390953 0.017213
0 0.553312 0.420902 0.260097 0.017213
0 0.159935 0.445082 0.219709 0.016393
0 0.330372 0.444262 0.063005 0.016393
0 0.406300 0.443443 0.059774 0.016393
0 0.482229 0.443852 0.059774 0.015574
0 0.558966 0.444262 0.025848 0.014754
0 0.625202 0.443852 0.077544 0.015574
0 0.765751 0.445492 0.138934 0.017213
0 0.147011 0.474590 0.193861 0.016393
0 0.321486 0.475410 0.080775 0.016393
0 0.425687 0.474590 0.024233 0.014754
0 0.500808 0.474590 0.025848 0.014754
0 0.558966 0.475000 0.025848 0.015574
0 0.655089 0.474590 0.024233 0.014754
0 0.788368 0.475000 0.096931 0.015574
0 0.138126 0.493852 0.179321 0.017213
0 0.319871 0.493852 0.080775 0.015574
0 0.424071 0.493443 0.024233 0.014754
0 0.500000 0.493852 0.027464 0.015574
0 0.557351 0.493443 0.025848 0.016393
0 0.653473 0.494262 0.021002 0.016393
0 0.797254 0.494262 0.082391 0.016393
0 0.138934 0.512705 0.177706 0.017213
0 0.320679 0.513115 0.082391 0.014754
0 0.417609 0.513525 0.040388 0.015574
0 0.502423 0.513525 0.025848 0.015574
0 0.559774 0.513115 0.024233 0.014754
0 0.646204 0.512705 0.038772 0.017213
0 0.786753 0.513115 0.103393 0.016393
0 0.488691 0.547541 0.347334 0.036066
0 0.787561 0.545492 0.105008 0.027049
0 0.148627 0.580328 0.197092 0.019672
0 0.320679 0.580328 0.085622 0.016393
0 0.415994 0.580328 0.043619 0.014754
0 0.500808 0.580328 0.022617 0.014754
0 0.558966 0.580328 0.025848 0.014754
0 0.644588 0.580328 0.042003 0.014754
0 0.789176 0.581148 0.098546 0.016393
0 0.376414 0.614754 0.575121 0.034426
0 0.789176 0.613115 0.101777 0.026230
0 0.623586 0.650410 0.077544 0.028689
0 0.799677 0.651230 0.087237 0.028689
0 0.381260 0.694672 0.555735 0.036885
0 0.790792 0.693443 0.101777 0.027869
0 0.486268 0.732787 0.348950 0.034426
0 0.785945 0.731967 0.101777 0.027869
0 0.529079 0.774590 0.269790 0.032787
0 0.788368 0.772951 0.103393 0.027869
0 0.132472 0.816803 0.155089 0.018852
0 0.484653 0.837705 0.862682 0.019672
0 0.430533 0.857787 0.764136 0.018852
0 0.486268 0.877459 0.859451 0.018852
0 0.413570 0.897541 0.714055 0.018033
0 0.432149 0.915984 0.757674 0.017213
0 0.201131 0.935246 0.302100 0.018033
0 0.517771 0.955738 0.386107 0.018033
0 0.679321 0.155738 0.295638 0.016393
0 0.764136 0.420902 0.090468 0.017213
