0 0.485383 0.178190 0.232863 0.012830
0 0.484375 0.194583 0.091734 0.014255
0 0.480343 0.208125 0.172379 0.014255
0 0.481351 0.218817 0.202621 0.011404
0 0.481855 0.233428 0.143145 0.012117
0 0.494456 0.245902 0.248992 0.011404
0 0.493448 0.260513 0.162298 0.012117
0 0.492944 0.281183 0.181452 0.010691
0 0.439516 0.299002 0.252016 0.012117
0 0.388609 0.316821 0.154234 0.010691
0 0.353327 0.331789 0.083669 0.012117
0 0.589214 0.335709 0.105847 0.011404
0 0.361895 0.344619 0.102823 0.012117
0 0.581653 0.349608 0.094758 0.010691
0 0.561492 0.370634 0.034274 0.009979
0 0.634577 0.370634 0.035282 0.011404
0 0.326613 0.379900 0.032258 0.011404
0 0.506552 0.383108 0.027218 0.010691
0 0.560484 0.381682 0.026210 0.012117
0 0.623488 0.382038 0.053427 0.009979
0 0.327621 0.392373 0.036290 0.010691
0 0.506048 0.395225 0.014113 0.009266
0 0.561996 0.395581 0.035282 0.011404
0 0.632056 0.394155 0.034274 0.012830
0 0.467742 0.407341 0.312500 0.012117
0 0.358367 0.423378 0.109879 0.012830
0 0.507560 0.424091 0.023185 0.009979
0 0.562500 0.424091 0.036290 0.009979
0 0.632056 0.423735 0.042339 0.010691
0 0.459677 0.437277 0.306452 0.012117
0 0.326109 0.451889 0.037298 0.009979
0 0.504536 0.454027 0.011089 0.008553
0 0.560484 0.454027 0.038306 0.011404
0 0.630040 0.453671 0.034274 0.010691
0 0.465222 0.467213 0.311492 0.013542
0 0.329133 0.480399 0.043347 0.009979
0 0.506552 0.483607 0.013105 0.009266
0 0.560988 0.482537 0.039315 0.011404
0 0.629032 0.483250 0.036290 0.011404
0 0.422883 0.496436 0.232863 0.012117
0 0.324597 0.510335 0.036290 0.009979
0 0.505544 0.511761 0.013105 0.009979
0 0.557964 0.511048 0.031250 0.011404
0 0.633569 0.512473 0.029234 0.009979
0 0.411794 0.524947 0.208669 0.013542
0 0.372480 0.538133 0.065524 0.012830
0 0.431956 0.539914 0.013105 0.010691
0 0.625000 0.541340 0.044355 0.013542
0 0.458669 0.569494 0.203629 0.012830
0 0.619456 0.570207 0.043347 0.011404
0 0.508065 0.586244 0.104839 0.012117
0 0.626008 0.586600 0.034274 0.009979
0 0.504032 0.603350 0.108871 0.012117
0 0.624496 0.603706 0.029234 0.009979
0 0.492944 0.622238 0.139113 0.014255
0 0.617440 0.622594 0.045363 0.010691
0 0.510585 0.639701 0.101815 0.013542
0 0.613407 0.640770 0.053427 0.012830
0 0.527218 0.657520 0.060484 0.012117
0 0.613407 0.658232 0.061492 0.010691
0 0.500504 0.673913 0.123992 0.016393
0 0.620464 0.672844 0.035282 0.011404
0 0.373488 0.709551 0.142137 0.012117
0 0.343750 0.731646 0.070565 0.013542
0 0.439516 0.733072 0.014113 0.013542
0 0.525202 0.734141 0.056452 0.014255
0 0.619960 0.733428 0.036290 0.011404
0 0.326109 0.745189 0.021169 0.010691
0 0.443044 0.745545 0.011089 0.009979
0 0.530746 0.746971 0.049395 0.012830
0 0.621472 0.747684 0.037298 0.012830
0 0.422379 0.764433 0.044355 0.012117
0 0.529234 0.764077 0.044355 0.012830
0 0.618952 0.765146 0.028226 0.010691
0 0.465726 0.792231 0.256048 0.012117
0 0.466734 0.805417 0.086694 0.011404
