0 0.453034 0.174886 0.263455 0.017959
0 0.455453 0.199259 0.127998 0.013398
0 0.454646 0.212514 0.169119 0.012543
0 0.453034 0.224772 0.235235 0.015393
0 0.456763 0.249002 0.121347 0.013683
0 0.455755 0.271950 0.190284 0.015393
0 0.376638 0.310718 0.134449 0.013683
0 0.333300 0.332953 0.050191 0.011688
0 0.531647 0.310718 0.036485 0.018814
0 0.407881 0.348204 0.195727 0.015393
0 0.560472 0.340864 0.088490 0.014111
0 0.338641 0.363883 0.054828 0.009977
0 0.360109 0.377138 0.097763 0.013398
0 0.368575 0.393387 0.105422 0.012543
0 0.572264 0.386901 0.061278 0.011260
0 0.317577 0.421180 0.005846 0.007982
0 0.318787 0.438640 0.007055 0.009550
0 0.423705 0.418044 0.153195 0.013398
0 0.404858 0.436431 0.115501 0.013398
0 0.581234 0.414410 0.040113 0.009550
0 0.586374 0.431300 0.029430 0.009977
0 0.371699 0.454818 0.116106 0.013683
0 0.350131 0.470282 0.074179 0.012970
0 0.367365 0.484963 0.105422 0.012115
0 0.588490 0.449045 0.032453 0.008694
0 0.589397 0.462799 0.030639 0.007982
0 0.591211 0.479119 0.029430 0.010405
0 0.367668 0.504490 0.107236 0.010405
0 0.585567 0.497577 0.038299 0.008267
0 0.352651 0.540835 0.074783 0.012970
0 0.565007 0.534065 0.087886 0.015393
0 0.340355 0.568843 0.047773 0.011688
0 0.415541 0.566633 0.040113 0.011260
0 0.349829 0.592788 0.059464 0.013683
0 0.588389 0.586303 0.052409 0.014111
0 0.547672 0.615165 0.143116 0.015108
0 0.366257 0.644456 0.085467 0.010405
0 0.343882 0.657640 0.039508 0.010832
0 0.490022 0.641177 0.070147 0.011260
0 0.505342 0.653934 0.039508 0.009122
0 0.595848 0.638612 0.048377 0.010405
0 0.605926 0.651368 0.030639 0.009977
0 0.472989 0.691348 0.219915 0.014966
0 0.394275 0.361958 0.033058 0.010405
