0 0.504058 0.065652 0.904221 0.021739
0 0.500000 0.086957 0.451299 0.019130
0 0.497565 0.106522 0.485390 0.020000
0 0.344968 0.125217 0.303571 0.019130
0 0.504058 0.143913 0.391234 0.020000
0 0.500812 0.187826 0.563312 0.031304
0 0.615260 0.238261 0.431818 0.029565
0 0.110390 0.266087 0.129870 0.022609
0 0.679383 0.267826 0.319805 0.019130
0 0.321429 0.297826 0.564935 0.028696
0 0.274351 0.329565 0.467532 0.020870
0 0.185065 0.349130 0.279221 0.020000
0 0.299513 0.369130 0.527597 0.018261
0 0.205357 0.388696 0.329545 0.020870
0 0.538149 0.407391 0.258117 0.020000
0 0.142045 0.433478 0.215909 0.018261
0 0.314123 0.432609 0.063312 0.016522
0 0.391234 0.432609 0.061688 0.016522
0 0.469968 0.433043 0.063312 0.015652
0 0.543831 0.433043 0.025974 0.017391
0 0.613636 0.432174 0.081169 0.017391
0 0.753247 0.433478 0.139610 0.018261
0 0.133929 0.464348 0.202922 0.020870
0 0.306006 0.463913 0.082792 0.020000
0 0.410714 0.465217 0.025974 0.020870
0 0.487013 0.464348 0.025974 0.017391
0 0.543831 0.465217 0.029221 0.019130
0 0.638799 0.464783 0.024351 0.018261
0 0.784903 0.464348 0.082792 0.017391
0 0.120942 0.485217 0.183442 0.017391
0 0.304383 0.485217 0.079545 0.020870
0 0.411526 0.485217 0.024351 0.015652
0 0.486201 0.484783 0.027597 0.014783
0 0.543019 0.484783 0.024351 0.018261
0 0.639610 0.485652 0.025974 0.014783
0 0.781656 0.485217 0.086039 0.017391
0 0.474026 0.520870 0.344156 0.036522
0 0.784903 0.519565 0.086039 0.030435
0 0.125812 0.554783 0.180195 0.019130
0 0.306006 0.556087 0.082792 0.018261
0 0.401786 0.555217 0.040584 0.016522
0 0.486201 0.555652 0.027597 0.013913
0 0.544643 0.555652 0.027597 0.017391
0 0.631494 0.556087 0.038961 0.016522
0 0.782468 0.554783 0.081169 0.017391
0 0.362013 0.591739 0.577922 0.035652
0 0.783279 0.591304 0.082792 0.033043
0 0.608766 0.632609 0.087662 0.032174
0 0.784091 0.631304 0.087662 0.031304
0 0.366883 0.678261 0.558442 0.038261
0 0.781656 0.676957 0.086039 0.030435
0 0.476461 0.718696 0.352273 0.035652
0 0.784903 0.716957 0.082792 0.026957
0 0.516234 0.760870 0.279221 0.040000
0 0.775974 0.760435 0.103896 0.028696
0 0.116071 0.807826 0.160714 0.017391
0 0.471591 0.830435 0.862013 0.019130
0 0.416396 0.850000 0.751623 0.020000
0 0.474838 0.871739 0.868506 0.020000
0 0.400974 0.891739 0.711039 0.020000
0 0.418831 0.911304 0.756494 0.019130
0 0.189123 0.931739 0.293831 0.018261
0 0.504870 0.953913 0.396104 0.019130
0 0.663961 0.125217 0.298701 0.017391
0 0.749188 0.407391 0.092532 0.018261
