0 0.126072 0.039140 0.197256 0.016884
0 0.496569 0.158864 0.636364 0.018419
0 0.499142 0.186493 0.349914 0.016884
0 0.497427 0.212586 0.339623 0.018419
0 0.497427 0.239831 0.428816 0.017652
0 0.497427 0.265925 0.198971 0.016117
0 0.499142 0.299309 0.497427 0.019954
0 0.501715 0.328473 0.516295 0.019954
0 0.498285 0.362241 0.248714 0.016884
0 0.172384 0.396009 0.210978 0.016884
0 0.442539 0.394858 0.178388 0.016117
0 0.123499 0.422870 0.109777 0.016884
0 0.500858 0.421335 0.301887 0.015349
0 0.166381 0.449731 0.192110 0.015349
0 0.375643 0.448964 0.044597 0.015349
0 0.718696 0.478127 0.072041 0.016884
0 0.875643 0.477360 0.111492 0.018419
0 0.345626 0.508058 0.550600 0.016884
0 0.209262 0.534919 0.198971 0.016884
0 0.375643 0.534536 0.024014 0.014582
0 0.487136 0.533001 0.096055 0.014582
0 0.692967 0.533768 0.116638 0.014582
0 0.901372 0.533384 0.063465 0.016884
0 0.345626 0.564083 0.169811 0.016884
0 0.694683 0.563699 0.123499 0.016117
0 0.270154 0.597084 0.317324 0.016884
0 0.707547 0.596316 0.104631 0.013814
0 0.278731 0.625096 0.307033 0.017652
0 0.695540 0.624712 0.118353 0.015349
0 0.261578 0.654643 0.334477 0.015349
0 0.694683 0.653108 0.120069 0.013814
0 0.340480 0.680737 0.176672 0.018419
0 0.696398 0.678434 0.120069 0.015349
0 0.308748 0.706063 0.240137 0.018419
0 0.714408 0.702609 0.084048 0.014582
0 0.216123 0.737145 0.271012 0.020721
0 0.210978 0.769378 0.253859 0.020721
0 0.510292 0.764774 0.224700 0.019186
0 0.795026 0.764774 0.159520 0.019186
0 0.116638 0.796623 0.058319 0.015349
0 0.283877 0.798158 0.114923 0.019954
0 0.572041 0.795088 0.094340 0.015349
0 0.832762 0.795472 0.080617 0.014582
0 0.494854 0.898312 0.224700 0.016117
0 0.496569 0.921719 0.409949 0.015349
