0 0.603865 0.153314 0.318841 0.032641
0 0.511473 0.206231 0.648551 0.016815
0 0.512681 0.222799 0.626812 0.016320
0 0.510266 0.239614 0.324879 0.017310
0 0.507246 0.255193 0.478261 0.016815
0 0.510266 0.271761 0.527778 0.013353
0 0.509662 0.289318 0.381643 0.013848
0 0.505435 0.330119 0.250000 0.013353
0 0.638285 0.351385 0.276570 0.010386
0 0.533816 0.383531 0.050725 0.014342
0 0.657609 0.381800 0.049517 0.013848
0 0.735507 0.381800 0.055556 0.012859
0 0.334541 0.411474 0.314010 0.015826
0 0.624396 0.411474 0.065217 0.012859
0 0.752415 0.411968 0.060386 0.011869
0 0.817633 0.411227 0.016908 0.009397
0 0.211353 0.424827 0.060386 0.010880
0 0.365942 0.455490 0.388889 0.014837
0 0.750604 0.455737 0.059179 0.011375
0 0.410024 0.473788 0.307971 0.013848
0 0.744565 0.475025 0.080918 0.015331
0 0.431159 0.495054 0.275362 0.014837
0 0.757246 0.494560 0.065217 0.011869
0 0.475242 0.512364 0.194444 0.012859
0 0.754227 0.512611 0.080918 0.012364
0 0.507246 0.533383 0.130435 0.015331
0 0.762077 0.532641 0.060386 0.011869
0 0.442633 0.553165 0.257246 0.015331
0 0.783213 0.551929 0.015700 0.010880
0 0.503623 0.622651 0.219807 0.013848
0 0.501812 0.641444 0.566425 0.015826
0 0.497585 0.659496 0.374396 0.015331
0 0.492150 0.680514 0.464976 0.015826
0 0.496377 0.705490 0.417874 0.015331
0 0.303744 0.765579 0.206522 0.014837
0 0.543478 0.765579 0.115942 0.010880
0 0.771135 0.765331 0.054348 0.010386
0 0.562802 0.781899 0.070048 0.014837
0 0.760870 0.781405 0.067633 0.014837
0 0.257246 0.799456 0.113527 0.013353
0 0.565821 0.799951 0.064010 0.011375
0 0.764493 0.799951 0.062802 0.011375
0 0.232488 0.817013 0.071256 0.010880
0 0.564614 0.818991 0.059179 0.010880
0 0.763889 0.818497 0.061594 0.009891
0 0.548309 0.897379 0.185990 0.012364
0 0.548913 0.918645 0.462560 0.015331
0 0.553140 0.946093 0.282609 0.012859
