0 0.510730 0.096759 0.751073 0.022222
0 0.509120 0.124074 0.252146 0.021296
0 0.514485 0.150926 0.368026 0.020370
0 0.511803 0.169676 0.770386 0.018981
0 0.512339 0.188426 0.492489 0.019444
0 0.503219 0.213889 0.231760 0.012963
0 0.517704 0.238889 0.170601 0.017593
0 0.511266 0.277083 0.421674 0.016204
0 0.515021 0.307870 0.457082 0.025926
0 0.317060 0.336574 0.436695 0.024074
0 0.230150 0.369907 0.271459 0.018519
0 0.795064 0.369676 0.242489 0.016204
0 0.195815 0.406944 0.194206 0.017593
0 0.652361 0.408102 0.542918 0.016204
0 0.427575 0.426852 0.104077 0.017593
0 0.618562 0.428472 0.065451 0.018056
0 0.842811 0.427083 0.170601 0.017130
0 0.459227 0.456944 0.736052 0.016667
0 0.121781 0.479167 0.024678 0.015741
0 0.245708 0.478935 0.118026 0.016204
0 0.432940 0.480324 0.078326 0.014352
0 0.608906 0.480556 0.089056 0.016667
0 0.780043 0.480324 0.075107 0.016204
0 0.884120 0.480324 0.075107 0.014352
0 0.459227 0.509259 0.725322 0.019444
0 0.123927 0.531944 0.018240 0.015741
0 0.247318 0.531250 0.119099 0.016204
0 0.434013 0.532870 0.080472 0.014815
0 0.605687 0.531944 0.078326 0.014815
0 0.781116 0.532176 0.083691 0.018056
0 0.886803 0.532176 0.076180 0.016204
0 0.350322 0.561111 0.505365 0.015741
0 0.124464 0.583333 0.019313 0.016667
0 0.241416 0.583333 0.120172 0.016667
0 0.434013 0.585185 0.086910 0.017593
0 0.607296 0.584259 0.081545 0.015741
0 0.780579 0.583796 0.082618 0.015741
0 0.886803 0.585417 0.076180 0.016204
0 0.266094 0.614815 0.336910 0.022222
0 0.121245 0.636806 0.023605 0.014352
0 0.247854 0.636574 0.126609 0.016667
0 0.436159 0.635880 0.091202 0.016204
0 0.606223 0.636343 0.085837 0.013426
0 0.777361 0.636111 0.082618 0.015741
0 0.886266 0.636343 0.070815 0.017130
0 0.246245 0.678935 0.314378 0.020833
0 0.881438 0.677546 0.086910 0.018981
0 0.340129 0.709259 0.480687 0.021296
0 0.879828 0.709259 0.092275 0.016667
0 0.299356 0.737963 0.407725 0.020370
0 0.150215 0.765741 0.100858 0.015741
0 0.867489 0.766435 0.110515 0.016204
0 0.177039 0.792361 0.160944 0.019907
0 0.869635 0.793056 0.110515 0.016667
0 0.234979 0.833333 0.270386 0.017593
0 0.579936 0.834028 0.245708 0.020833
0 0.836373 0.833333 0.162017 0.022222
0 0.184013 0.859491 0.172747 0.017130
0 0.664163 0.860417 0.081545 0.014352
0 0.878219 0.860648 0.071888 0.013889
0 0.515021 0.897222 0.611588 0.017593
0 0.515021 0.920370 0.781116 0.022222
0 0.510730 0.941667 0.590129 0.017593
