0 0.474212 0.174927 0.805158 0.021866
0 0.481375 0.200073 0.550143 0.022595
0 0.484241 0.225219 0.644699 0.024781
0 0.483524 0.250364 0.620344 0.024052
0 0.481375 0.273688 0.252149 0.021137
0 0.479226 0.301020 0.545845 0.023324
0 0.509312 0.341108 0.253582 0.020408
0 0.123209 0.364431 0.111748 0.017493
0 0.239255 0.366618 0.014327 0.011662
0 0.385387 0.368440 0.200573 0.018222
0 0.108883 0.393222 0.083095 0.018222
0 0.239971 0.397230 0.015759 0.014577
0 0.494986 0.395408 0.414040 0.018222
0 0.131089 0.420918 0.127507 0.018222
0 0.240688 0.424198 0.011461 0.014577
0 0.338109 0.422012 0.106017 0.017493
0 0.221347 0.461735 0.202006 0.019679
0 0.483524 0.464650 0.061605 0.018222
0 0.631805 0.462464 0.088825 0.019679
0 0.773639 0.463921 0.146132 0.016764
0 0.073782 0.490525 0.012894 0.014577
0 0.252865 0.490889 0.262178 0.018222
0 0.502865 0.493805 0.017192 0.015306
0 0.631805 0.494898 0.091691 0.017493
0 0.792980 0.494169 0.095989 0.017493
0 0.292980 0.510204 0.190544 0.020408
0 0.486390 0.548469 0.113181 0.018222
0 0.818768 0.548469 0.090258 0.016764
0 0.364613 0.575437 0.353868 0.021137
0 0.830946 0.577624 0.077364 0.016764
0 0.313754 0.616618 0.452722 0.020408
0 0.820917 0.618076 0.097421 0.016035
0 0.407593 0.658892 0.267908 0.020408
0 0.820917 0.658892 0.097421 0.017493
0 0.196275 0.710277 0.246418 0.021137
0 0.185530 0.739431 0.227794 0.021137
0 0.534384 0.741254 0.280802 0.018950
0 0.755014 0.741618 0.071633 0.018222
0 0.123209 0.766035 0.048711 0.017493
0 0.297994 0.766399 0.074499 0.018222
0 0.580946 0.767857 0.098854 0.018222
0 0.753582 0.768222 0.080229 0.016035
0 0.118195 0.806487 0.098854 0.019679
0 0.321633 0.808309 0.081662 0.017493
0 0.240688 0.834184 0.338109 0.019679
0 0.674785 0.842930 0.510029 0.094023
0 0.525072 0.920190 0.542980 0.025510
