0 0.351373 0.164898 0.495961 0.022104
0 0.399838 0.189655 0.250404 0.020336
0 0.400646 0.215296 0.242326 0.022104
0 0.400646 0.239611 0.290792 0.021220
0 0.402262 0.265252 0.403877 0.021220
0 0.077544 0.312997 0.103393 0.021220
0 0.277868 0.314324 0.226171 0.022104
0 0.077544 0.362511 0.096931 0.019452
0 0.336026 0.363395 0.339257 0.021220
0 0.212439 0.388594 0.366721 0.022104
0 0.774637 0.845712 0.040388 0.020336
0 0.182553 0.412025 0.310178 0.021220
0 0.326333 0.437224 0.594507 0.022104
0 0.241519 0.917330 0.156704 0.020336
0 0.772213 0.438550 0.045234 0.021220
0 0.107431 0.485853 0.159935 0.020336
0 0.734249 0.488064 0.117932 0.021220
0 0.039580 0.535809 0.021002 0.019452
0 0.287561 0.535809 0.407108 0.019452
0 0.737480 0.537135 0.114701 0.020336
0 0.039580 0.560124 0.017771 0.020336
0 0.268174 0.560566 0.368336 0.021220
0 0.737480 0.561892 0.114701 0.020336
0 0.041195 0.609195 0.024233 0.019452
0 0.173667 0.609637 0.176090 0.020336
0 0.735864 0.610964 0.117932 0.019452
0 0.259289 0.634394 0.347334 0.020336
0 0.745557 0.634836 0.098546 0.019452
0 0.144588 0.657825 0.117932 0.019452
0 0.747173 0.660035 0.095315 0.020336
0 0.200323 0.683024 0.232633 0.020336
0 0.745557 0.684792 0.098546 0.020336
0 0.174475 0.748453 0.174475 0.020336
0 0.734249 0.741379 0.117932 0.038019
0 0.134895 0.820513 0.214863 0.024757
0 0.562197 0.820955 0.113086 0.020336
0 0.765751 0.820955 0.061389 0.020336
0 0.231826 0.844828 0.402262 0.020336
0 0.565428 0.845270 0.116317 0.019452
0 0.050081 0.868700 0.042003 0.020336
0 0.164782 0.869142 0.116317 0.021220
0 0.563813 0.869584 0.116317 0.018568
0 0.404685 0.916888 0.014540 0.022989
0 0.555735 0.919098 0.132472 0.020336
