0 0.461627 0.052234 0.625430 0.022343
0 0.458763 0.077899 0.172967 0.021739
0 0.457617 0.102355 0.553265 0.023551
0 0.456472 0.124698 0.278351 0.019928
0 0.448454 0.147645 0.363116 0.019928
0 0.457617 0.172101 0.351661 0.020531
0 0.447308 0.220411 0.195876 0.019324
0 0.439290 0.267210 0.665521 0.023551
0 0.221649 0.289251 0.227950 0.019324
0 0.438144 0.316123 0.660939 0.024758
0 0.115693 0.336957 0.020619 0.019324
0 0.204467 0.337560 0.056128 0.018116
0 0.462772 0.290459 0.057274 0.018116
0 0.573883 0.292271 0.075601 0.019324
0 0.749714 0.294686 0.113402 0.020531
0 0.462199 0.338768 0.058419 0.018116
0 0.572738 0.340278 0.075601 0.019928
0 0.746277 0.343297 0.111111 0.019928
0 0.455899 0.839976 0.249714 0.025362
0 0.281214 0.837258 0.037801 0.018720
0 0.206758 0.837258 0.060710 0.019928
0 0.121420 0.837560 0.054983 0.019324
0 0.182703 0.385266 0.161512 0.022947
0 0.315006 0.813406 0.158076 0.020531
0 0.553837 0.387077 0.216495 0.021739
0 0.120275 0.814010 0.054983 0.018116
0 0.542383 0.793478 0.216495 0.025362
0 0.756014 0.390700 0.025200 0.019324
0 0.227377 0.433877 0.246277 0.023551
0 0.158076 0.456522 0.114548 0.020531
0 0.199313 0.481582 0.192440 0.022343
0 0.155785 0.503925 0.109966 0.019928
0 0.223940 0.528986 0.246277 0.022947
0 0.189576 0.551630 0.177549 0.019928
0 0.693013 0.437500 0.144330 0.021135
0 0.699313 0.462258 0.127148 0.021135
0 0.699885 0.485809 0.126002 0.019928
0 0.697022 0.509662 0.127148 0.021739
0 0.698740 0.534420 0.126002 0.021739
0 0.697022 0.557971 0.127148 0.021739
0 0.184422 0.599336 0.171821 0.019928
0 0.649485 0.604771 0.281787 0.025966
0 0.135739 0.622585 0.076747 0.018116
0 0.687285 0.630133 0.144330 0.023551
0 0.201604 0.671196 0.208477 0.017512
0 0.666667 0.678442 0.247423 0.027174
0 0.442153 0.720411 0.384880 0.024155
0 0.440435 0.745471 0.518900 0.027174
0 0.155785 0.790459 0.123711 0.021739
0 0.319015 0.789855 0.177549 0.019324
0 0.347079 0.480374 0.038946 0.019928
