0 0.504870 0.090049 0.902597 0.018914
0 0.500812 0.109786 0.436688 0.017270
0 0.499188 0.129112 0.485390 0.018092
0 0.344968 0.146382 0.300325 0.018092
0 0.508117 0.165296 0.396104 0.018092
0 0.501623 0.205181 0.568182 0.028783
0 0.612013 0.254523 0.431818 0.028783
0 0.110390 0.281250 0.136364 0.018092
0 0.675325 0.282895 0.318182 0.016447
0 0.321429 0.312089 0.574675 0.028783
0 0.273539 0.339638 0.462662 0.018092
0 0.186688 0.360197 0.288961 0.018092
0 0.301948 0.377467 0.529221 0.018092
0 0.240260 0.396382 0.399351 0.018092
0 0.538961 0.414474 0.256494 0.018092
0 0.144481 0.438322 0.220779 0.016447
0 0.316558 0.437911 0.061688 0.017270
0 0.392857 0.437911 0.058442 0.015625
0 0.469968 0.438322 0.063312 0.016447
0 0.545455 0.438322 0.025974 0.014803
0 0.612825 0.437911 0.079545 0.017270
0 0.754058 0.439145 0.137987 0.016447
0 0.133929 0.469161 0.196429 0.017270
0 0.305195 0.468750 0.081169 0.016447
0 0.411526 0.468750 0.021104 0.016447
0 0.490260 0.469572 0.022727 0.014803
0 0.544643 0.468750 0.027597 0.016447
0 0.640422 0.467928 0.021104 0.016447
0 0.784903 0.469161 0.089286 0.015625
0 0.120130 0.488487 0.181818 0.016447
0 0.305195 0.488487 0.081169 0.016447
0 0.412338 0.487664 0.022727 0.014803
0 0.488636 0.488487 0.025974 0.014803
0 0.546266 0.488487 0.024351 0.016447
0 0.640422 0.488487 0.027597 0.016447
0 0.784091 0.488076 0.084416 0.015625
0 0.125000 0.507401 0.185065 0.016447
0 0.307630 0.508224 0.089286 0.016447
0 0.413149 0.507401 0.024351 0.016447
0 0.491071 0.507401 0.024351 0.016447
0 0.545455 0.508224 0.025974 0.014803
0 0.643669 0.508224 0.024351 0.016447
0 0.784091 0.508224 0.084416 0.016447
0 0.475649 0.542763 0.347403 0.034539
0 0.122565 0.576069 0.183442 0.020559
0 0.305195 0.576069 0.084416 0.017270
0 0.404221 0.575247 0.045455 0.015625
0 0.481331 0.576069 0.037338 0.017270
0 0.546266 0.575658 0.024351 0.014803
0 0.633117 0.575658 0.042208 0.016447
0 0.785714 0.575658 0.081169 0.016447
0 0.358766 0.609375 0.584416 0.034539
0 0.785714 0.608553 0.084416 0.029605
0 0.615260 0.646793 0.081169 0.030428
0 0.784091 0.647204 0.084416 0.027961
0 0.375812 0.691612 0.569805 0.037829
0 0.784091 0.689145 0.081169 0.027961
0 0.474026 0.729441 0.347403 0.036184
0 0.778409 0.728207 0.099026 0.028783
0 0.514610 0.771793 0.266234 0.035362
0 0.776786 0.769326 0.105519 0.027138
0 0.111201 0.815378 0.147727 0.017270
0 0.474026 0.835938 0.866883 0.018914
0 0.419643 0.856497 0.758117 0.018914
0 0.479708 0.875411 0.878247 0.018914
0 0.402597 0.896382 0.717532 0.021382
0 0.418831 0.915296 0.753247 0.019737
0 0.189123 0.934622 0.306818 0.017270
0 0.508117 0.955181 0.386364 0.017270
0 0.666396 0.147615 0.297078 0.017270
0 0.751623 0.414062 0.090909 0.017270
0 0.776786 0.541941 0.099026 0.029605
