0 0.427939 0.157733 0.350190 0.025878
0 0.421618 0.181454 0.216182 0.021565
0 0.426675 0.205484 0.529709 0.020333
0 0.436789 0.227665 0.623262 0.020333
0 0.429836 0.250462 0.414665 0.020333
0 0.427939 0.271103 0.456384 0.019717
0 0.410240 0.316697 0.420986 0.019717
0 0.201643 0.360136 0.304678 0.020333
0 0.542351 0.361368 0.305942 0.019100
0 0.089128 0.386322 0.082174 0.027110
0 0.386220 0.387246 0.398230 0.025262
0 0.153603 0.437153 0.211125 0.021565
0 0.362200 0.436537 0.067004 0.022797
0 0.527181 0.437770 0.146650 0.019100
0 0.683312 0.437770 0.097345 0.024030
0 0.781290 0.435921 0.060683 0.021565
0 0.117573 0.479975 0.134008 0.020949
0 0.700379 0.477819 0.020228 0.015404
0 0.344501 0.502773 0.054362 0.017252
0 0.524652 0.502773 0.080910 0.017252
0 0.691530 0.502465 0.078382 0.017868
0 0.788243 0.502465 0.036662 0.017868
0 0.124526 0.524646 0.150442 0.019100
0 0.346397 0.547135 0.058154 0.017252
0 0.523388 0.546519 0.080910 0.019717
0 0.694058 0.547135 0.078382 0.017252
0 0.790139 0.547135 0.042984 0.017252
0 0.124526 0.569008 0.152971 0.019100
0 0.348293 0.590265 0.054362 0.018484
0 0.523388 0.591189 0.080910 0.016636
0 0.692794 0.591805 0.080910 0.017868
0 0.789507 0.592113 0.041719 0.018484
0 0.134640 0.613678 0.173198 0.022181
0 0.343236 0.634627 0.059418 0.017252
0 0.525284 0.634627 0.079646 0.017252
0 0.694058 0.635243 0.083439 0.017252
0 0.786979 0.635860 0.041719 0.017252
0 0.163717 0.678681 0.228824 0.019100
0 0.256005 0.700555 0.415929 0.022181
0 0.768015 0.701171 0.079646 0.018484
0 0.210493 0.722736 0.322377 0.019717
0 0.769912 0.723660 0.078382 0.019100
0 0.284450 0.744301 0.467762 0.022181
0 0.766119 0.744609 0.078382 0.017868
0 0.158028 0.766482 0.214918 0.022181
0 0.727560 0.767714 0.150442 0.018484
0 0.106195 0.811152 0.111252 0.020333
0 0.767383 0.812076 0.080910 0.019717
0 0.153603 0.878620 0.208597 0.024646
0 0.523388 0.879852 0.189633 0.019717
0 0.738938 0.881392 0.135272 0.021565
0 0.071429 0.902033 0.039191 0.019717
0 0.295828 0.902341 0.108723 0.024030
0 0.577750 0.904190 0.088496 0.022797
0 0.769912 0.904806 0.083439 0.017868
