0 0.495151 0.128791 0.643319 0.020532
0 0.497306 0.146990 0.270474 0.015866
0 0.494612 0.169155 0.439655 0.017266
0 0.499461 0.191787 0.509698 0.015866
0 0.311961 0.225152 0.320043 0.016332
0 0.675647 0.227485 0.316810 0.016332
0 0.492996 0.249650 0.399784 0.015866
0 0.492457 0.276948 0.254310 0.016332
0 0.106142 0.296547 0.119612 0.015399
0 0.321659 0.321279 0.552802 0.016332
0 0.224138 0.341577 0.355603 0.015866
0 0.221444 0.360709 0.352371 0.015866
0 0.232759 0.384741 0.372845 0.017266
0 0.156789 0.405273 0.225216 0.016332
0 0.113147 0.426972 0.131466 0.013999
0 0.275862 0.427438 0.010776 0.013066
0 0.412177 0.426972 0.218750 0.014932
0 0.792565 0.430005 0.296336 0.017266
0 0.110453 0.450070 0.132543 0.015399
0 0.280711 0.451937 0.009698 0.011666
0 0.360453 0.450770 0.104526 0.014932
0 0.769397 0.451703 0.260776 0.014932
0 0.147091 0.474335 0.203664 0.019132
0 0.277478 0.476902 0.016164 0.013999
0 0.691810 0.475268 0.084052 0.015399
0 0.077586 0.521932 0.071121 0.013532
0 0.334591 0.524032 0.054957 0.013999
0 0.465517 0.522865 0.109914 0.014466
0 0.612608 0.508399 0.095905 0.017266
0 0.796875 0.509333 0.089440 0.016332
0 0.613147 0.523098 0.105603 0.014932
0 0.783944 0.524498 0.119612 0.014932
0 0.919720 0.525198 0.057112 0.013532
0 0.100754 0.541064 0.102371 0.012599
0 0.211746 0.563929 0.330819 0.016332
0 0.332974 0.541764 0.023707 0.013999
0 0.468211 0.542231 0.082974 0.013066
0 0.612608 0.543164 0.082974 0.015866
0 0.796336 0.544097 0.101293 0.013066
0 0.926724 0.544330 0.045259 0.013532
0 0.163793 0.588427 0.157328 0.017732
0 0.329741 0.587261 0.025862 0.012599
0 0.792026 0.589827 0.112069 0.013999
0 0.400323 0.626225 0.451509 0.021465
0 0.653017 0.625992 0.015086 0.014466
0 0.794181 0.626692 0.112069 0.013999
0 0.556034 0.652590 0.148707 0.014466
0 0.653017 0.653523 0.017241 0.010733
0 0.809806 0.653990 0.076509 0.013532
0 0.545797 0.679421 0.167026 0.014932
0 0.655711 0.681521 0.014009 0.012599
0 0.813039 0.681288 0.074353 0.013999
0 0.547953 0.706720 0.154095 0.019132
0 0.654634 0.707653 0.014009 0.011666
0 0.811961 0.705786 0.074353 0.012599
0 0.365302 0.734251 0.525862 0.020065
0 0.656250 0.735884 0.010776 0.011199
0 0.792565 0.734251 0.113147 0.014466
0 0.573815 0.760849 0.102371 0.016332
0 0.656789 0.763882 0.016164 0.013999
0 0.792026 0.761549 0.118534 0.013999
0 0.557112 0.783248 0.137931 0.020065
0 0.654634 0.783481 0.020474 0.010266
0 0.810345 0.782548 0.075431 0.014932
0 0.246228 0.828511 0.279095 0.014466
0 0.195582 0.853943 0.164871 0.013999
0 0.398707 0.854176 0.032328 0.015399
0 0.591595 0.856043 0.163793 0.015399
0 0.827586 0.856043 0.159483 0.017266
0 0.141164 0.873542 0.058190 0.015866
0 0.397091 0.874242 0.020474 0.012599
0 0.616918 0.876108 0.113147 0.013532
0 0.870151 0.876575 0.074353 0.014466
0 0.375000 0.897807 0.114224 0.017732
0 0.611530 0.897573 0.121767 0.015399
0 0.869612 0.898973 0.077586 0.013532
0 0.492457 0.938171 0.795259 0.017266
0 0.493534 0.964302 0.310345 0.018199
