0 0.723262 0.137293 0.224599 0.029111
0 0.529412 0.163257 0.735294 0.022817
0 0.526738 0.190795 0.438503 0.022817
0 0.525401 0.214005 0.751337 0.023603
0 0.340241 0.239182 0.298128 0.023603
0 0.709225 0.238395 0.311497 0.023603
0 0.526738 0.263965 0.491979 0.019670
0 0.498663 0.306845 0.227273 0.026751
0 0.170455 0.348151 0.180481 0.022817
0 0.446524 0.351692 0.264706 0.023603
0 0.120321 0.376082 0.077540 0.023603
0 0.528743 0.374902 0.421123 0.019670
0 0.171123 0.404013 0.187166 0.024390
0 0.358289 0.404013 0.080214 0.021243
0 0.178476 0.430763 0.188503 0.024390
0 0.351604 0.431550 0.072193 0.022817
0 0.182487 0.456727 0.204545 0.022817
0 0.528743 0.457907 0.415775 0.023603
0 0.166444 0.485838 0.185829 0.022817
0 0.377674 0.485838 0.068182 0.024390
0 0.534759 0.483871 0.163102 0.023603
0 0.778743 0.485838 0.132353 0.021243
0 0.376337 0.516916 0.597594 0.022030
0 0.390374 0.547600 0.026738 0.022030
0 0.568850 0.548780 0.094920 0.022817
0 0.818850 0.548780 0.148396 0.027537
0 0.165107 0.591660 0.177807 0.023603
0 0.473262 0.591660 0.272727 0.028324
0 0.796791 0.589693 0.098930 0.025964
0 0.477273 0.627459 0.259358 0.022817
0 0.807487 0.627065 0.080214 0.022030
0 0.385695 0.669552 0.437166 0.028324
0 0.792112 0.667978 0.108289 0.018883
0 0.602273 0.700629 0.025401 0.021243
0 0.794786 0.697482 0.094920 0.024390
0 0.120989 0.697089 0.081551 0.022030
0 0.143048 0.736428 0.133690 0.023603
0 0.605615 0.736428 0.024064 0.012589
0 0.804144 0.734854 0.084225 0.018883
0 0.176471 0.810779 0.208556 0.022817
0 0.684492 0.812352 0.470588 0.025964
0 0.141711 0.846184 0.139037 0.021243
0 0.508021 0.846971 0.018717 0.019670
0 0.704545 0.846184 0.080214 0.022817
0 0.889037 0.846971 0.069519 0.022817
0 0.477273 0.938238 0.526738 0.030685
