0 0.436159 0.122439 0.273605 0.013659
0 0.427575 0.140488 0.348712 0.014634
0 0.435086 0.159024 0.488197 0.014634
0 0.425429 0.177561 0.226395 0.013659
0 0.426502 0.195610 0.348712 0.014634
0 0.294528 0.214634 0.320815 0.013659
0 0.432403 0.268293 0.167382 0.014634
0 0.199034 0.288049 0.125536 0.014146
0 0.418991 0.287317 0.076180 0.012683
0 0.202253 0.307073 0.127682 0.013171
0 0.450644 0.303902 0.139485 0.014634
0 0.213519 0.324634 0.152361 0.014146
0 0.540773 0.322195 0.315451 0.015122
0 0.190451 0.342195 0.114807 0.015122
0 0.473176 0.341220 0.180258 0.014146
0 0.184549 0.378780 0.092275 0.014146
0 0.429185 0.377073 0.092275 0.014634
0 0.230150 0.396341 0.187768 0.013171
0 0.406652 0.395122 0.045064 0.013659
0 0.345494 0.430488 0.414163 0.015122
0 0.618562 0.429756 0.050429 0.016585
0 0.701180 0.430000 0.061159 0.017073
0 0.215665 0.450976 0.156652 0.015122
0 0.528970 0.448780 0.137339 0.013659
0 0.694206 0.447317 0.077253 0.014634
0 0.224785 0.468293 0.172747 0.013659
0 0.656116 0.466098 0.091202 0.013171
0 0.232833 0.486341 0.188841 0.015610
0 0.619635 0.484878 0.054721 0.015610
0 0.703863 0.484634 0.060086 0.016098
0 0.181867 0.505122 0.082618 0.015122
0 0.520923 0.502195 0.121245 0.014146
0 0.701717 0.501463 0.064378 0.012683
0 0.218348 0.540976 0.151288 0.013659
0 0.725858 0.537561 0.022532 0.013659
0 0.298820 0.558537 0.327253 0.015610
0 0.696352 0.555366 0.077253 0.013171
0 0.288627 0.578293 0.293991 0.014146
0 0.704399 0.574390 0.063305 0.014146
0 0.296137 0.595854 0.304721 0.014146
0 0.698498 0.592683 0.075107 0.013659
0 0.174356 0.633415 0.067597 0.014146
0 0.699571 0.628780 0.081545 0.013659
0 0.198498 0.651707 0.107296 0.013659
0 0.615343 0.647561 0.245708 0.014146
0 0.211373 0.670732 0.139485 0.014634
0 0.631438 0.665854 0.219957 0.014634
0 0.268240 0.686585 0.246781 0.015122
0 0.229077 0.761951 0.172747 0.014634
0 0.451180 0.760000 0.157725 0.014634
0 0.686159 0.757317 0.108369 0.016098
0 0.201180 0.797317 0.108369 0.014146
0 0.488734 0.795854 0.078326 0.014146
0 0.710300 0.792683 0.064378 0.014634
0 0.201717 0.816829 0.109442 0.015122
0 0.498927 0.813902 0.064378 0.014146
0 0.711910 0.812195 0.063305 0.013659
0 0.334227 0.853171 0.372318 0.015610
0 0.704399 0.849024 0.076180 0.014146
0 0.386803 0.869512 0.479614 0.017073
0 0.461910 0.923171 0.138412 0.014146
0 0.446352 0.940488 0.266094 0.013659
