0 0.521394 0.059771 0.619804 0.030146
0 0.517115 0.080301 0.457213 0.025468
0 0.520782 0.095374 0.488998 0.023389
0 0.518949 0.112526 0.568460 0.025468
0 0.518949 0.130198 0.399756 0.022349
0 0.518949 0.146570 0.429095 0.020790
0 0.518337 0.162422 0.674817 0.026507
0 0.517115 0.198545 0.276284 0.019751
0 0.264670 0.220374 0.336186 0.020790
0 0.737775 0.227911 0.345966 0.018191
0 0.127139 0.235187 0.063570 0.015073
0 0.312958 0.239605 0.185819 0.015593
0 0.663814 0.245322 0.200489 0.017672
0 0.321516 0.255457 0.452323 0.022349
0 0.443765 0.274688 0.696822 0.025468
0 0.137531 0.304054 0.089242 0.016632
0 0.411369 0.308732 0.223716 0.015593
0 0.135086 0.320686 0.086797 0.016632
0 0.362469 0.325104 0.128362 0.016112
0 0.165037 0.338877 0.151589 0.016632
0 0.307457 0.342256 0.013447 0.011954
0 0.306846 0.359927 0.017115 0.010915
0 0.305623 0.377079 0.012225 0.010915
0 0.157702 0.390593 0.139364 0.016112
0 0.305623 0.393971 0.017115 0.011435
0 0.160147 0.442827 0.149144 0.016632
0 0.876528 0.449584 0.051345 0.015593
0 0.272005 0.460499 0.372861 0.017672
0 0.535452 0.479730 0.731051 0.019751
0 0.099022 0.476351 0.019560 0.014033
0 0.158924 0.493243 0.144254 0.016632
0 0.874083 0.499220 0.048900 0.015073
0 0.381418 0.512214 0.591687 0.019231
0 0.095355 0.528067 0.029340 0.014553
0 0.529951 0.530146 0.729829 0.019751
0 0.174205 0.562110 0.187042 0.015073
0 0.440098 0.565229 0.017115 0.011954
0 0.714548 0.565229 0.045232 0.015073
0 0.840465 0.566268 0.103912 0.014033
0 0.225550 0.580301 0.289731 0.018191
0 0.440098 0.582380 0.017115 0.009875
0 0.712714 0.581861 0.041565 0.014033
0 0.850244 0.582380 0.084352 0.012994
0 0.187042 0.595114 0.207824 0.014553
0 0.440098 0.599272 0.017115 0.011435
0 0.712103 0.598493 0.045232 0.015073
0 0.853301 0.599792 0.085575 0.013514
0 0.106357 0.622401 0.053790 0.016112
0 0.243888 0.624740 0.018337 0.011435
0 0.528729 0.624740 0.050122 0.015593
0 0.684597 0.625520 0.119804 0.016112
0 0.105746 0.641112 0.052567 0.016112
0 0.243276 0.643451 0.017115 0.011435
0 0.527506 0.643451 0.050122 0.015593
0 0.682763 0.643971 0.118582 0.016632
0 0.164425 0.660603 0.169927 0.015593
0 0.526895 0.662422 0.053790 0.015073
0 0.694377 0.662682 0.095355 0.014553
0 0.212103 0.704522 0.267726 0.015073
0 0.230440 0.722193 0.309291 0.017152
0 0.431540 0.755457 0.713936 0.017152
0 0.364914 0.781445 0.583130 0.019231
0 0.481663 0.797817 0.814181 0.017672
0 0.350856 0.815229 0.550122 0.016112
0 0.350856 0.832380 0.550122 0.016112
0 0.397311 0.849012 0.647922 0.016112
0 0.188264 0.875260 0.227384 0.016632
0 0.456601 0.875000 0.199267 0.016112
0 0.687042 0.874480 0.139364 0.016112
0 0.146699 0.908264 0.151589 0.016112
0 0.509169 0.908784 0.103912 0.015073
0 0.721271 0.908264 0.083130 0.015073
0 0.155868 0.925156 0.165037 0.015593
0 0.519560 0.925936 0.083130 0.014033
0 0.720049 0.924896 0.085575 0.014033
