0 0.504711 0.196011 0.729475 0.023384
0 0.480485 0.218363 0.244953 0.021320
0 0.486541 0.242435 0.423957 0.018569
0 0.490579 0.266162 0.620458 0.023384
0 0.486541 0.289202 0.380888 0.017194
0 0.487214 0.314649 0.344549 0.021320
0 0.479139 0.337689 0.285330 0.017882
0 0.267160 0.386176 0.480485 0.024072
0 0.209287 0.408528 0.362046 0.024759
0 0.181696 0.432944 0.301480 0.021320
0 0.326380 0.457015 0.593540 0.024072
0 0.927995 0.458735 0.044415 0.017882
0 0.040377 0.503439 0.026918 0.019257
0 0.419919 0.506534 0.406460 0.022696
0 0.898385 0.506878 0.098250 0.017882
0 0.041050 0.551582 0.028264 0.020633
0 0.172275 0.551238 0.172275 0.018569
0 0.898385 0.555021 0.100942 0.019257
0 0.146703 0.576341 0.121131 0.020633
0 0.911171 0.578748 0.075370 0.018569
0 0.199865 0.602132 0.230148 0.021320
0 0.895020 0.603851 0.096904 0.017882
0 0.170256 0.665750 0.170929 0.019257
0 0.898385 0.659904 0.098250 0.032325
0 0.127187 0.688102 0.082100 0.018569
0 0.897039 0.690165 0.098250 0.018569
0 0.145357 0.727648 0.115747 0.020633
0 0.906460 0.723865 0.084791 0.035076
0 0.488560 0.799862 0.613728 0.023384
0 0.487887 0.824278 0.765814 0.024072
0 0.485868 0.848349 0.535666 0.021320
0 0.582773 0.888583 0.495289 0.063274
