0 0.483193 0.118295 0.721008 0.017504
0 0.487395 0.132976 0.715966 0.016375
0 0.486555 0.147657 0.542857 0.014116
0 0.487395 0.160644 0.171429 0.015246
0 0.487395 0.175042 0.578151 0.014681
0 0.489916 0.190006 0.462185 0.015246
0 0.484034 0.204687 0.611765 0.015246
0 0.488235 0.217956 0.784874 0.014681
0 0.484034 0.231225 0.430252 0.015246
0 0.483193 0.264822 0.472269 0.025974
0 0.106723 0.314794 0.092437 0.016375
0 0.457983 0.345003 0.798319 0.014681
0 0.441176 0.359119 0.768067 0.014681
0 0.097479 0.387352 0.094118 0.016940
0 0.468908 0.385658 0.077311 0.013552
0 0.636975 0.387069 0.067227 0.014116
0 0.796639 0.387352 0.127731 0.012422
0 0.626891 0.402880 0.084034 0.015246
0 0.817647 0.402315 0.089076 0.014116
0 0.198319 0.414173 0.282353 0.014116
0 0.449580 0.414737 0.025210 0.011858
0 0.617647 0.414737 0.112605 0.014116
0 0.810924 0.416996 0.112605 0.014116
0 0.887395 0.415020 0.033613 0.013552
0 0.385714 0.428854 0.657143 0.015246
0 0.208403 0.455110 0.309244 0.018069
0 0.591597 0.455675 0.016807 0.013552
0 0.535294 0.498306 0.314286 0.012987
0 0.549580 0.512422 0.100840 0.014116
0 0.591597 0.528233 0.178151 0.016375
0 0.210924 0.540655 0.210084 0.015246
0 0.193277 0.556183 0.181513 0.013552
0 0.235294 0.569735 0.252101 0.016940
0 0.854622 0.498871 0.102521 0.015246
0 0.862185 0.515528 0.100840 0.013552
0 0.863866 0.528797 0.087395 0.011858
0 0.805042 0.542349 0.215126 0.014116
0 0.805042 0.557312 0.215126 0.013552
0 0.823529 0.571711 0.171429 0.015246
0 0.482353 0.598250 0.571429 0.014116
0 0.483193 0.625353 0.230252 0.012987
0 0.114286 0.653021 0.094118 0.015246
0 0.474790 0.653303 0.129412 0.014681
0 0.649580 0.654150 0.045378 0.016375
0 0.817647 0.654997 0.149580 0.014681
0 0.095798 0.679560 0.057143 0.017504
0 0.482353 0.680971 0.104202 0.018069
0 0.648739 0.683230 0.026891 0.012422
0 0.848739 0.682947 0.087395 0.012987
0 0.575630 0.725861 0.210084 0.012987
0 0.845378 0.725861 0.094118 0.015246
0 0.481513 0.782891 0.620168 0.012987
0 0.478992 0.795878 0.541176 0.014116
0 0.480672 0.810277 0.749580 0.013552
0 0.481513 0.823264 0.821849 0.012422
0 0.480672 0.837098 0.786555 0.015246
0 0.478992 0.851779 0.453782 0.012987
