0 0.423503 0.211160 0.270510 0.015821
0 0.422899 0.223204 0.101592 0.011688
0 0.424310 0.234678 0.063294 0.010405
0 0.424914 0.246009 0.232211 0.013113
0 0.424209 0.257982 0.176376 0.012828
0 0.424310 0.268743 0.075791 0.009550
0 0.361419 0.281286 0.166096 0.010690
0 0.291877 0.299387 0.026204 0.008124
0 0.375025 0.311716 0.193308 0.011403
0 0.296110 0.326397 0.031848 0.009122
0 0.359101 0.342147 0.155412 0.010690
0 0.297218 0.356613 0.030437 0.009122
0 0.356783 0.373218 0.151179 0.010690
0 0.297823 0.387828 0.030841 0.008837
0 0.498589 0.404647 0.072364 0.009122
0 0.530941 0.415550 0.094739 0.010690
0 0.530337 0.426739 0.094739 0.009977
0 0.323423 0.447691 0.078412 0.010832
0 0.301754 0.461160 0.035074 0.008409
0 0.304676 0.473275 0.047369 0.012115
0 0.558557 0.456243 0.038299 0.008552
0 0.562084 0.467788 0.030437 0.009407
0 0.318787 0.502352 0.068736 0.008124
0 0.319492 0.515180 0.070147 0.008124
0 0.430054 0.530003 0.140093 0.012115
0 0.432574 0.542047 0.195525 0.011403
0 0.431667 0.554590 0.128402 0.010547
0 0.431768 0.565066 0.140697 0.009550
0 0.430961 0.577181 0.171336 0.010690
0 0.432070 0.589225 0.162266 0.011403
0 0.383693 0.298176 0.021568 0.010832
0 0.560169 0.292474 0.028220 0.008552
0 0.378351 0.324401 0.006450 0.008552
0 0.558355 0.319912 0.031042 0.009835
0 0.378351 0.354761 0.006450 0.008552
0 0.560169 0.350841 0.031042 0.010405
0 0.379762 0.385832 0.005644 0.008552
0 0.561278 0.381485 0.030437 0.009835
0 0.565914 0.402651 0.021568 0.008552
0 0.556541 0.442987 0.044346 0.008837
0 0.459081 0.499644 0.046563 0.008409
0 0.564201 0.496864 0.029026 0.008837
0 0.470974 0.511616 0.024390 0.007554
0 0.568535 0.509906 0.021165 0.008124
