0 0.479167 0.111548 0.682692 0.023566
0 0.463141 0.137078 0.352564 0.018068
0 0.482372 0.156324 0.455128 0.014140
0 0.475962 0.179104 0.455128 0.017282
0 0.479968 0.200314 0.379808 0.015711
0 0.476763 0.220738 0.588141 0.018853
0 0.452724 0.262372 0.575321 0.018853
0 0.197115 0.288295 0.185897 0.017282
0 0.509615 0.289474 0.221154 0.018068
0 0.728365 0.312255 0.293269 0.018068
0 0.318910 0.342498 0.426282 0.020424
0 0.271635 0.376669 0.338141 0.019639
0 0.271635 0.398272 0.338141 0.017282
0 0.137821 0.422624 0.070513 0.015711
0 0.420673 0.423409 0.062500 0.020424
0 0.552885 0.421838 0.125000 0.017282
0 0.826923 0.421838 0.057692 0.017282
0 0.163462 0.449725 0.128205 0.016496
0 0.426282 0.449332 0.076923 0.015711
0 0.580929 0.449725 0.068910 0.016496
0 0.842147 0.449725 0.120192 0.016496
0 0.185897 0.476041 0.176282 0.017282
0 0.163462 0.512962 0.121795 0.017282
0 0.428686 0.512176 0.068910 0.017282
0 0.569712 0.512962 0.094551 0.017282
0 0.833333 0.511390 0.141026 0.015711
0 0.123397 0.536921 0.038462 0.014925
0 0.350160 0.537313 0.392628 0.015711
0 0.366987 0.579733 0.471154 0.020424
0 0.808494 0.577376 0.097756 0.017282
0 0.429487 0.602907 0.349359 0.019639
0 0.818109 0.601728 0.068910 0.017282
0 0.431090 0.628044 0.336538 0.019639
0 0.808494 0.626080 0.097756 0.017282
0 0.457532 0.650039 0.293269 0.018068
0 0.844551 0.648861 0.025641 0.015711
0 0.233173 0.686567 0.238782 0.015711
0 0.508013 0.686174 0.214744 0.018068
0 0.764423 0.685782 0.166667 0.018853
0 0.198718 0.708955 0.163462 0.018068
0 0.568109 0.710919 0.091346 0.017282
0 0.815705 0.709348 0.067308 0.017282
0 0.424679 0.754910 0.221154 0.017282
0 0.378205 0.788688 0.541667 0.017282
0 0.480769 0.822859 0.467949 0.021210
0 0.483974 0.845247 0.660256 0.018853
