0 0.499395 0.122791 0.082846 0.007839
0 0.501008 0.134407 0.101794 0.007697
0 0.502217 0.150513 0.200564 0.009122
0 0.499597 0.164196 0.209030 0.009692
0 0.501512 0.178378 0.222536 0.008409
0 0.500403 0.192061 0.288047 0.009835
0 0.502016 0.206172 0.040919 0.007839
0 0.405563 0.241804 0.107640 0.007269
0 0.581738 0.240878 0.096352 0.008837
0 0.372203 0.277010 0.041322 0.007839
0 0.459585 0.276368 0.041927 0.008837
0 0.542129 0.276083 0.016327 0.009692
0 0.594638 0.275157 0.038702 0.007839
0 0.432776 0.290194 0.159242 0.009692
0 0.412316 0.311787 0.121548 0.009265
0 0.438319 0.325185 0.167103 0.010975
0 0.383794 0.350770 0.064503 0.008837
0 0.362528 0.370083 0.006249 0.008124
0 0.362427 0.387685 0.006853 0.008552
0 0.362629 0.404076 0.007257 0.008552
0 0.585971 0.427380 0.031848 0.007839
0 0.395384 0.445767 0.088490 0.008124
0 0.527817 0.445197 0.006249 0.006414
0 0.387724 0.462586 0.071558 0.007839
0 0.527011 0.461588 0.005442 0.005274
0 0.601592 0.461018 0.040113 0.008409
0 0.412014 0.479761 0.120137 0.009122
0 0.527212 0.478692 0.005039 0.005274
0 0.605322 0.477694 0.031042 0.007269
0 0.395082 0.495938 0.087079 0.007554
0 0.526809 0.495225 0.004233 0.005559
0 0.379661 0.513754 0.055432 0.008694
0 0.526406 0.511616 0.005039 0.006129
0 0.601592 0.511474 0.038903 0.007554
0 0.391856 0.530359 0.079823 0.009122
0 0.527011 0.528863 0.004636 0.004989
0 0.601391 0.527722 0.039710 0.007269
0 0.416146 0.545824 0.126789 0.008124
0 0.527111 0.545681 0.004031 0.005844
0 0.605322 0.544399 0.030236 0.007554
0 0.500101 0.572335 0.237452 0.008409
0 0.500806 0.590294 0.159041 0.008694
0 0.502419 0.603264 0.111873 0.007839
0 0.501008 0.618087 0.206612 0.008409
0 0.505342 0.632055 0.287845 0.009265
0 0.501915 0.645810 0.174965 0.009122
0 0.501008 0.659778 0.222737 0.010262
0 0.490929 0.680872 0.253376 0.010262
0 0.490929 0.693771 0.142512 0.008694
0 0.491232 0.710091 0.197541 0.008837
0 0.490828 0.723204 0.143923 0.008837
0 0.488813 0.746722 0.270510 0.009692
0 0.489821 0.759193 0.239065 0.009835
0 0.490526 0.772021 0.203790 0.008409
0 0.489115 0.782355 0.142915 0.009407
0 0.489821 0.802095 0.063294 0.008694
0 0.490325 0.814210 0.227172 0.009550
0 0.490526 0.826326 0.128402 0.006984
0 0.643318 0.825755 0.007861 0.007554
0 0.601290 0.494227 0.037492 0.007554
0 0.588188 0.289054 0.113687 0.008837
0 0.460189 0.348774 0.034670 0.008552
0 0.517537 0.349772 0.047773 0.008837
0 0.578210 0.348133 0.034066 0.007839
0 0.636666 0.347563 0.040919 0.008124
0 0.403951 0.370011 0.041927 0.008552
0 0.523786 0.368515 0.061883 0.007269
0 0.636565 0.367802 0.033058 0.007269
0 0.396997 0.386616 0.025600 0.006699
0 0.453941 0.386403 0.037089 0.009407
0 0.524390 0.385619 0.061480 0.007269
0 0.636968 0.384336 0.033058 0.007554
0 0.400524 0.403150 0.032655 0.006984
0 0.450010 0.403150 0.028422 0.007839
0 0.523987 0.402295 0.060673 0.007269
0 0.632836 0.401083 0.039710 0.008837
0 0.631627 0.427238 0.039710 0.008124
