0 0.313390 0.051989 0.196581 0.020237
0 0.604701 0.048500 0.300570 0.018842
0 0.487892 0.078507 0.716524 0.021633
0 0.483618 0.252966 0.579772 0.020237
0 0.482906 0.281926 0.538462 0.019539
0 0.485043 0.311933 0.539886 0.022331
0 0.247151 0.364969 0.366097 0.019539
0 0.753561 0.363922 0.344729 0.018842
0 0.280627 0.420447 0.427350 0.018842
0 0.570513 0.420796 0.058405 0.016748
0 0.162393 0.448360 0.190883 0.017446
0 0.852564 0.446615 0.149573 0.019539
0 0.300570 0.474878 0.470085 0.018842
0 0.161681 0.504536 0.189459 0.016748
0 0.851852 0.502791 0.148148 0.018842
0 0.400285 0.532798 0.663818 0.018842
0 0.154558 0.560712 0.169516 0.018842
0 0.864672 0.560014 0.128205 0.018842
0 0.215100 0.616888 0.301994 0.019539
0 0.517806 0.645848 0.388889 0.018842
0 0.871795 0.644801 0.105413 0.018144
0 0.450142 0.674110 0.512821 0.018144
0 0.871795 0.673064 0.105413 0.018842
0 0.613248 0.702024 0.195157 0.023726
0 0.882479 0.701326 0.086895 0.018144
0 0.301282 0.729239 0.471510 0.022331
0 0.291311 0.756804 0.445869 0.018842
0 0.505698 0.815771 0.233618 0.022331
0 0.150997 0.841242 0.170940 0.018842
0 0.622507 0.843685 0.207977 0.019539
0 0.850427 0.845080 0.145299 0.022331
0 0.141738 0.869156 0.146724 0.018842
0 0.680199 0.871249 0.103989 0.017446
0 0.885328 0.870900 0.084046 0.018144
0 0.485755 0.951151 0.538462 0.019539
0 0.486467 0.980809 0.713675 0.021633
