0 0.486464 0.128089 0.729272 0.017480
0 0.485618 0.143460 0.727580 0.016878
0 0.489848 0.159132 0.556684 0.015672
0 0.487310 0.172996 0.182741 0.014467
0 0.488156 0.187462 0.587140 0.016878
0 0.485618 0.204641 0.473773 0.016275
0 0.484772 0.219108 0.617597 0.016275
0 0.482234 0.233574 0.788494 0.017480
0 0.485618 0.249548 0.439932 0.015672
0 0.491540 0.286317 0.478849 0.026522
0 0.100677 0.337251 0.103215 0.013864
0 0.460237 0.368596 0.812183 0.016275
0 0.256345 0.382761 0.414552 0.016878
0 0.671743 0.383363 0.311337 0.014467
0 0.103215 0.411995 0.098139 0.013864
0 0.465313 0.412899 0.077834 0.015672
0 0.632826 0.413803 0.074450 0.016275
0 0.796108 0.414708 0.140440 0.014467
0 0.626904 0.429174 0.082910 0.015672
0 0.814721 0.430078 0.086294 0.016275
0 0.194585 0.444244 0.280880 0.014467
0 0.448393 0.445449 0.030457 0.014467
0 0.629442 0.446052 0.098139 0.013261
0 0.818951 0.445148 0.091371 0.013864
0 0.892555 0.444846 0.025381 0.014467
0 0.404399 0.459614 0.710660 0.017480
0 0.205584 0.487945 0.306261 0.016275
0 0.593909 0.488849 0.033841 0.014467
0 0.535533 0.534057 0.326565 0.016878
0 0.544839 0.547318 0.087986 0.014467
0 0.590525 0.563593 0.175973 0.016878
0 0.207276 0.576251 0.214890 0.016878
0 0.192047 0.592224 0.167513 0.016275
0 0.231810 0.608198 0.263959 0.016878
0 0.862944 0.534358 0.087986 0.012658
0 0.863790 0.548825 0.089679 0.011453
0 0.863790 0.564195 0.089679 0.012055
0 0.821489 0.578963 0.164129 0.012658
0 0.802876 0.594334 0.211506 0.015672
0 0.805415 0.609403 0.209814 0.014467
0 0.478003 0.638638 0.573604 0.017480
0 0.475465 0.667571 0.240271 0.017480
0 0.113367 0.697107 0.091371 0.013864
0 0.470389 0.698011 0.138748 0.015672
0 0.648054 0.697408 0.043993 0.016878
0 0.814721 0.697709 0.157360 0.017480
0 0.090525 0.726643 0.052453 0.016275
0 0.488156 0.727547 0.089679 0.014467
0 0.648054 0.729054 0.033841 0.013864
0 0.846024 0.728451 0.084602 0.015069
0 0.569374 0.772755 0.211506 0.016878
0 0.851100 0.772755 0.094755 0.016878
0 0.478003 0.833635 0.631134 0.014467
0 0.479695 0.848101 0.539763 0.015672
0 0.479695 0.862568 0.756345 0.014467
0 0.475465 0.876130 0.842640 0.013864
0 0.474619 0.890898 0.793570 0.014467
0 0.476311 0.905365 0.458545 0.015672
