0 0.464935 0.061240 0.407792 0.029457
0 0.463636 0.084109 0.535065 0.034884
0 0.462338 0.112791 0.607792 0.037984
0 0.460390 0.139922 0.505195 0.036434
0 0.464935 0.166279 0.363636 0.031783
0 0.462338 0.191860 0.231169 0.024031
0 0.458442 0.224419 0.402597 0.028682
0 0.462338 0.258915 0.277922 0.029457
0 0.233766 0.287597 0.225974 0.024806
0 0.155195 0.314729 0.071429 0.018605
0 0.279870 0.317054 0.100000 0.018605
0 0.188312 0.346512 0.140260 0.020155
0 0.350649 0.350775 0.114286 0.017829
0 0.671429 0.297287 0.290909 0.024031
0 0.160390 0.378682 0.058442 0.022481
0 0.300649 0.381008 0.172727 0.024031
0 0.594156 0.386822 0.079221 0.020155
0 0.778571 0.389922 0.076623 0.020155
0 0.420779 0.422481 0.605195 0.029457
0 0.768831 0.429845 0.046753 0.019380
0 0.172727 0.449225 0.023377 0.019380
0 0.261039 0.449612 0.122078 0.018605
0 0.598052 0.458915 0.066234 0.018605
0 0.781169 0.462403 0.068831 0.019380
0 0.418182 0.491085 0.602597 0.033333
0 0.170779 0.517054 0.016883 0.020155
0 0.261688 0.516667 0.123377 0.019380
0 0.596753 0.524806 0.066234 0.020155
0 0.778571 0.528682 0.066234 0.020155
0 0.768182 0.496899 0.050649 0.021705
0 0.165584 0.557364 0.027273 0.023256
0 0.247403 0.558915 0.079221 0.023256
0 0.351948 0.558915 0.020779 0.018605
0 0.473377 0.562016 0.081818 0.020155
0 0.779870 0.567054 0.068831 0.019380
0 0.231818 0.592248 0.209091 0.026357
0 0.777273 0.598450 0.066234 0.018605
0 0.291558 0.624031 0.336364 0.024806
0 0.172078 0.654264 0.102597 0.021705
0 0.187662 0.683721 0.128571 0.024806
0 0.774675 0.631783 0.066234 0.020155
0 0.764286 0.664341 0.087013 0.018605
0 0.762338 0.691473 0.088312 0.018605
0 0.256494 0.724419 0.268831 0.027132
0 0.162987 0.752713 0.084416 0.020155
0 0.144805 0.787984 0.048052 0.020930
0 0.154545 0.821318 0.080519 0.019380
0 0.270130 0.754264 0.028571 0.020155
0 0.257792 0.788372 0.055844 0.021705
0 0.418831 0.755814 0.128571 0.020155
0 0.446753 0.791085 0.070130 0.019380
0 0.444805 0.824806 0.066234 0.018605
0 0.616234 0.758527 0.071429 0.019380
0 0.616234 0.794186 0.066234 0.019380
0 0.615584 0.827132 0.070130 0.018605
0 0.769481 0.759690 0.076623 0.020155
0 0.772078 0.795349 0.063636 0.020155
0 0.772727 0.828295 0.064935 0.019380
0 0.440260 0.868217 0.698701 0.035659
0 0.442857 0.904264 0.659740 0.024031
0 0.440260 0.932558 0.179221 0.024806
