0 0.474548 0.129169 0.831448 0.019120
0 0.470588 0.152068 0.651584 0.020454
0 0.466629 0.171410 0.811086 0.019120
0 0.468891 0.191196 0.684389 0.016007
0 0.470023 0.209426 0.324661 0.016896
0 0.464367 0.229658 0.451357 0.018230
0 0.476244 0.257892 0.307692 0.020454
0 0.177036 0.291463 0.227376 0.018230
0 0.702489 0.293241 0.404977 0.014673
0 0.178167 0.308582 0.229638 0.016007
0 0.211538 0.328368 0.296380 0.016452
0 0.096154 0.357270 0.058824 0.017341
0 0.247172 0.355936 0.195701 0.018230
0 0.667986 0.355269 0.089367 0.016896
0 0.841063 0.356825 0.166290 0.016452
0 0.261312 0.377501 0.316742 0.016007
0 0.674774 0.378390 0.089367 0.013339
0 0.842195 0.376612 0.166290 0.016896
0 0.283937 0.396398 0.287330 0.014673
0 0.278281 0.415296 0.346154 0.013339
0 0.677602 0.415296 0.081448 0.013339
0 0.852376 0.415740 0.141403 0.016007
0 0.228507 0.431080 0.192308 0.014673
0 0.272059 0.453757 0.338235 0.015562
0 0.673077 0.453535 0.085973 0.016896
0 0.841063 0.453090 0.164027 0.016007
0 0.283937 0.472432 0.294118 0.016452
0 0.275452 0.491552 0.345023 0.014673
0 0.675905 0.491107 0.078054 0.014673
0 0.838235 0.491774 0.160633 0.016007
0 0.312783 0.509782 0.340498 0.017341
0 0.335973 0.529569 0.466063 0.016896
0 0.677036 0.529124 0.075792 0.014229
0 0.848416 0.529346 0.149321 0.014673
0 0.276018 0.551356 0.339367 0.016007
0 0.675339 0.552245 0.085973 0.013339
0 0.849548 0.552023 0.147059 0.014673
0 0.239819 0.569586 0.210407 0.016007
0 0.200226 0.588706 0.180995 0.013339
0 0.675905 0.588706 0.073529 0.013339
0 0.850679 0.589373 0.138009 0.014673
0 0.268665 0.610271 0.335973 0.018230
0 0.677036 0.610494 0.075792 0.014229
0 0.849548 0.610716 0.144796 0.014673
0 0.272059 0.630280 0.333710 0.015562
0 0.665724 0.630725 0.100679 0.014673
0 0.841063 0.629835 0.161765 0.014673
0 0.227376 0.653179 0.205882 0.013339
0 0.857466 0.651623 0.065611 0.014673
0 0.305430 0.666963 0.438914 0.014229
0 0.675905 0.666963 0.078054 0.014229
0 0.841063 0.668519 0.164027 0.014673
0 0.106900 0.691196 0.046380 0.016452
0 0.198529 0.692308 0.100679 0.016007
0 0.309389 0.691641 0.039593 0.014673
0 0.432127 0.691641 0.085973 0.014673
0 0.796380 0.691641 0.117647 0.015562
0 0.140837 0.719876 0.159502 0.013339
0 0.812783 0.720765 0.075792 0.013339
0 0.179864 0.748555 0.228507 0.017341
0 0.816176 0.747888 0.078054 0.012450
0 0.235860 0.773455 0.345023 0.016452
0 0.777149 0.773900 0.147059 0.018230
0 0.117081 0.801690 0.102941 0.016896
0 0.778281 0.801467 0.144796 0.015562
0 0.220588 0.832148 0.309955 0.019120
0 0.111991 0.857937 0.090498 0.016452
0 0.214367 0.857715 0.041855 0.014229
0 0.403846 0.857937 0.140271 0.014673
0 0.623869 0.857270 0.080317 0.016007
0 0.812783 0.858382 0.168552 0.015562
0 0.097285 0.882614 0.056561 0.013339
0 0.218326 0.883504 0.063348 0.016007
0 0.411765 0.882392 0.117647 0.014673
0 0.614819 0.881503 0.091629 0.018230
0 0.838235 0.882837 0.117647 0.015562
0 0.106335 0.905958 0.090498 0.016452
0 0.410633 0.906625 0.115385 0.013339
0 0.615385 0.906847 0.092760 0.015562
0 0.843891 0.907070 0.119910 0.012450
0 0.476244 0.947977 0.825792 0.024900
0 0.472285 0.967986 0.813348 0.016896
