0 0.454751 0.214455 0.558824 0.028436
0 0.457579 0.243780 0.442308 0.026659
0 0.460973 0.273697 0.494344 0.027251
0 0.467760 0.304206 0.419683 0.026659
0 0.453620 0.333531 0.364253 0.024882
0 0.464932 0.364336 0.502262 0.027251
0 0.471719 0.422986 0.561086 0.026066
0 0.141968 0.479858 0.145928 0.023697
0 0.471154 0.482820 0.127828 0.029621
0 0.791290 0.484301 0.166290 0.030213
0 0.309389 0.539692 0.480769 0.027251
0 0.227941 0.569905 0.247738 0.026066
0 0.779412 0.542950 0.185520 0.021919
0 0.371041 0.629739 0.604072 0.023697
0 0.445701 0.661730 0.450226 0.024882
0 0.557692 0.691647 0.223982 0.025474
0 0.596154 0.720675 0.144796 0.023104
0 0.579186 0.748815 0.187783 0.021327
0 0.177602 0.810427 0.228507 0.027251
0 0.129525 0.838863 0.130090 0.021327
0 0.485860 0.808649 0.207014 0.028436
0 0.535633 0.837678 0.114253 0.026066
0 0.774321 0.806872 0.154977 0.029621
0 0.813914 0.835308 0.066742 0.024882
0 0.453620 0.929799 0.565611 0.026659
0 0.453620 0.959123 0.787330 0.024882
0 0.781674 0.632405 0.101810 0.024289
0 0.799208 0.660545 0.066742 0.021327
0 0.781109 0.690166 0.102941 0.021327
0 0.778281 0.720083 0.106335 0.023104
0 0.799208 0.749111 0.064480 0.021919
