0 0.483131 0.166755 0.143050 0.010042
0 0.483806 0.182611 0.673414 0.015328
0 0.484480 0.200846 0.296896 0.011628
0 0.483806 0.222516 0.430499 0.013742
0 0.482456 0.238636 0.392713 0.014271
0 0.481781 0.260571 0.485830 0.013742
0 0.483131 0.280391 0.493927 0.014271
0 0.485155 0.298362 0.236167 0.014271
0 0.495951 0.329545 0.379217 0.014271
0 0.156545 0.349101 0.178138 0.015328
0 0.387314 0.349366 0.224022 0.014799
0 0.110661 0.368393 0.086370 0.014799
0 0.487179 0.368922 0.421053 0.016913
0 0.129555 0.388214 0.124157 0.015328
0 0.353576 0.388742 0.156545 0.014271
0 0.236842 0.430761 0.187584 0.013742
0 0.535762 0.431554 0.056680 0.015328
0 0.676113 0.430761 0.083671 0.013742
0 0.833333 0.429704 0.133603 0.013742
0 0.128880 0.451110 0.076923 0.013214
0 0.313765 0.450053 0.244265 0.011099
0 0.549258 0.450053 0.045884 0.011099
0 0.688934 0.449789 0.066127 0.012685
0 0.853576 0.449260 0.085020 0.011628
0 0.244265 0.464059 0.105263 0.012685
0 0.520918 0.487315 0.094467 0.014799
0 0.855601 0.485729 0.080972 0.011628
0 0.500675 0.506078 0.132254 0.015328
0 0.867072 0.505814 0.068826 0.011628
0 0.312416 0.524577 0.508772 0.014271
0 0.857625 0.525899 0.082321 0.012685
0 0.413630 0.544662 0.303644 0.013214
0 0.867746 0.544397 0.062078 0.012685
0 0.405533 0.565275 0.314440 0.012156
0 0.852227 0.565275 0.095816 0.013214
0 0.448718 0.582717 0.228070 0.013214
0 0.858300 0.582452 0.086370 0.014799
0 0.504049 0.603594 0.128205 0.015856
0 0.870445 0.602537 0.067476 0.014799
0 0.496626 0.633721 0.739541 0.011628
0 0.496626 0.645877 0.796221 0.011628
0 0.492578 0.657241 0.747638 0.011099
0 0.493927 0.680497 0.871795 0.010042
0 0.497301 0.714323 0.821862 0.013214
0 0.490553 0.727008 0.597841 0.012156
0 0.495277 0.738636 0.690958 0.012156
0 0.492578 0.750529 0.534413 0.012685
0 0.491228 0.763214 0.858300 0.011628
0 0.495951 0.774577 0.398111 0.011099
0 0.197706 0.852801 0.211876 0.014271
0 0.394737 0.852273 0.033738 0.013214
0 0.603914 0.853066 0.184885 0.013742
0 0.810391 0.852537 0.128205 0.014799
0 0.117409 0.871829 0.045884 0.012156
0 0.380567 0.871829 0.067476 0.011099
0 0.653846 0.871564 0.079622 0.011628
0 0.843455 0.871829 0.059379 0.010042
0 0.497301 0.917019 0.538462 0.013742
0 0.496626 0.931290 0.256410 0.013742
0 0.497301 0.954281 0.403509 0.012156
0 0.497301 0.966173 0.530364 0.011628
