0 0.455056 0.098020 0.752809 0.023102
0 0.448636 0.125083 0.736758 0.016502
0 0.237560 0.140594 0.321027 0.015842
0 0.387640 0.158416 0.621188 0.019802
0 0.252809 0.178548 0.348315 0.015182
0 0.299358 0.195710 0.444623 0.015182
0 0.145265 0.216832 0.158909 0.013861
0 0.334671 0.233663 0.547352 0.017162
0 0.278491 0.269637 0.418941 0.015182
0 0.809791 0.206931 0.293740 0.019142
0 0.201445 0.309241 0.219904 0.013861
0 0.236758 0.329703 0.200642 0.013861
0 0.200642 0.350165 0.221509 0.016502
0 0.225522 0.389439 0.181380 0.014521
0 0.654093 0.310231 0.428571 0.015842
0 0.806581 0.329043 0.094703 0.013861
0 0.918138 0.330033 0.048154 0.014521
0 0.686998 0.350825 0.500803 0.016502
0 0.536918 0.368977 0.191011 0.019802
0 0.813804 0.390099 0.077047 0.013201
0 0.919743 0.390099 0.048154 0.013201
0 0.301766 0.414191 0.504013 0.015182
0 0.464687 0.433993 0.146067 0.016502
0 0.431782 0.461386 0.083467 0.014521
0 0.475120 0.482178 0.166934 0.016502
0 0.474318 0.507591 0.168539 0.015842
0 0.806581 0.415512 0.091493 0.013861
0 0.813002 0.436304 0.075441 0.013201
0 0.808989 0.463036 0.093098 0.012541
0 0.817014 0.483168 0.073836 0.011881
0 0.808989 0.510231 0.089888 0.013201
0 0.440610 0.544224 0.097913 0.015182
0 0.462279 0.566337 0.138042 0.014521
0 0.806581 0.546865 0.101124 0.015182
0 0.816212 0.568317 0.072231 0.014521
0 0.168539 0.596370 0.231140 0.017822
0 0.520064 0.596700 0.211878 0.018482
0 0.845104 0.596040 0.146067 0.017162
0 0.132424 0.616172 0.155698 0.017822
0 0.581059 0.615842 0.093098 0.014521
0 0.878010 0.616832 0.077047 0.015182
0 0.260032 0.667657 0.417335 0.016502
0 0.678170 0.668977 0.322632 0.017822
0 0.521669 0.762046 0.815409 0.016502
0 0.514446 0.796040 0.666132 0.018482
0 0.519262 0.817162 0.402889 0.018482
0 0.513644 0.852805 0.651685 0.018482
0 0.517657 0.887129 0.807384 0.019802
0 0.518459 0.907921 0.860353 0.017822
0 0.520867 0.927723 0.239165 0.015182
0 0.519262 0.964026 0.743178 0.020462
