0 0.527113 0.139617 0.215311 0.038271
0 0.519936 0.168675 0.194577 0.008505
0 0.519139 0.184975 0.240829 0.021262
0 0.198565 0.208717 0.231260 0.013466
0 0.270335 0.242027 0.377990 0.016300
0 0.279107 0.259745 0.398724 0.014883
0 0.453748 0.278526 0.744817 0.015592
0 0.381978 0.296244 0.604466 0.015592
0 0.333333 0.315734 0.507177 0.017718
0 0.297448 0.362863 0.422648 0.024096
0 0.334131 0.393692 0.505582 0.014883
0 0.225678 0.416371 0.288676 0.014883
0 0.229665 0.438342 0.293461 0.016300
0 0.207337 0.459603 0.255183 0.014883
0 0.315789 0.480865 0.465710 0.016300
0 0.188995 0.515946 0.205742 0.018427
0 0.547049 0.514883 0.156300 0.016300
0 0.711324 0.517009 0.146730 0.014883
0 0.875598 0.516300 0.066986 0.013466
0 0.164274 0.570872 0.162679 0.013466
0 0.419458 0.570872 0.216906 0.013466
0 0.203349 0.593196 0.240829 0.015592
0 0.453748 0.591425 0.135566 0.013466
0 0.190590 0.614458 0.208931 0.014174
0 0.462520 0.612686 0.153110 0.016300
0 0.240829 0.645287 0.325359 0.014883
0 0.178628 0.667612 0.188198 0.014174
0 0.559809 0.643161 0.019139 0.013466
0 0.560606 0.666549 0.014354 0.013466
0 0.740032 0.643515 0.165869 0.014174
0 0.754386 0.665840 0.137161 0.014883
0 0.877193 0.642452 0.051037 0.014883
0 0.881978 0.665840 0.051037 0.013466
0 0.155502 0.705174 0.135566 0.019844
0 0.676236 0.700921 0.232855 0.019844
0 0.165869 0.734585 0.159490 0.016300
0 0.197767 0.756201 0.229665 0.015592
0 0.730463 0.731396 0.137161 0.014174
0 0.733652 0.753012 0.137161 0.013466
0 0.219298 0.785613 0.263158 0.017718
0 0.227273 0.811836 0.275917 0.014883
0 0.227273 0.833097 0.279107 0.016300
0 0.650718 0.782778 0.146730 0.014883
0 0.653110 0.809355 0.141946 0.014174
0 0.643541 0.830262 0.167464 0.014883
0 0.884370 0.781361 0.074960 0.013466
0 0.854067 0.809355 0.145136 0.015592
0 0.854067 0.830262 0.141946 0.013466
0 0.227273 0.869242 0.272727 0.014883
0 0.135566 0.896173 0.092504 0.014883
0 0.854864 0.865698 0.146730 0.014883
0 0.846093 0.892629 0.167464 0.014883
0 0.509569 0.937987 0.706539 0.016300
0 0.370813 0.974486 0.556619 0.018427
0 0.712121 0.536145 0.087719 0.016300
0 0.875598 0.535436 0.095694 0.013466
