0 0.485285 0.132625 0.191292 0.012115
0 0.485789 0.147092 0.207216 0.013113
0 0.481153 0.161060 0.170530 0.012258
0 0.481455 0.175100 0.186051 0.011545
0 0.484681 0.189638 0.150978 0.011545
0 0.488006 0.203464 0.102802 0.011545
0 0.483471 0.216576 0.194920 0.012115
0 0.484580 0.231542 0.193913 0.011545
0 0.399415 0.260191 0.106229 0.011830
0 0.416045 0.274159 0.099577 0.010975
0 0.426527 0.287842 0.121347 0.011545
0 0.399012 0.301881 0.108244 0.010832
0 0.415743 0.316063 0.100988 0.011545
0 0.398408 0.329889 0.105825 0.010975
0 0.419371 0.344427 0.108244 0.011545
0 0.425821 0.358110 0.122758 0.014681
0 0.584257 0.259336 0.051804 0.011260
0 0.576396 0.287628 0.038500 0.010262
0 0.583955 0.301881 0.048780 0.010832
0 0.584459 0.329746 0.050595 0.012685
0 0.576396 0.358253 0.037694 0.011260
0 0.353759 0.387044 0.063697 0.011830
0 0.393368 0.400228 0.142512 0.013398
0 0.407176 0.415693 0.171336 0.011545
0 0.336726 0.429233 0.029631 0.011830
0 0.365753 0.443771 0.085668 0.012115
0 0.484076 0.444199 0.073977 0.011545
0 0.462205 0.457027 0.220923 0.012115
0 0.589599 0.386331 0.036686 0.011260
0 0.588692 0.399872 0.035275 0.012115
0 0.588490 0.414838 0.037291 0.011260
0 0.588994 0.428663 0.037896 0.011545
0 0.588087 0.443201 0.037291 0.011545
0 0.361721 0.471066 0.077605 0.013398
0 0.483874 0.471280 0.044144 0.012685
0 0.595344 0.470995 0.024390 0.011545
0 0.346906 0.485034 0.049587 0.010832
0 0.338339 0.499572 0.034469 0.012258
0 0.380770 0.513540 0.113687 0.012828
0 0.385608 0.528079 0.129813 0.012258
0 0.488208 0.485105 0.036686 0.011545
0 0.486999 0.499074 0.036283 0.011260
0 0.590304 0.485105 0.030034 0.010690
0 0.589901 0.498432 0.028825 0.010832
0 0.548881 0.513469 0.112880 0.011260
0 0.446684 0.556442 0.113284 0.012543
0 0.439931 0.570981 0.100585 0.013398
0 0.439931 0.584949 0.100585 0.012543
0 0.515521 0.557013 0.006249 0.009407
0 0.515823 0.571836 0.004435 0.008837
0 0.515723 0.586160 0.005846 0.010690
0 0.544749 0.556371 0.007055 0.013826
0 0.543640 0.570054 0.009272 0.011545
0 0.543842 0.584735 0.005241 0.011545
0 0.461701 0.613170 0.285628 0.012828
0 0.465330 0.626995 0.235235 0.012258
0 0.461802 0.640607 0.072566 0.011830
0 0.453134 0.668828 0.117315 0.011260
0 0.467648 0.682725 0.170933 0.013398
0 0.467849 0.696907 0.201572 0.011830
0 0.456360 0.711730 0.121750 0.011830
