0 0.503247 0.071066 0.912338 0.020305
0 0.495942 0.091371 0.439935 0.020305
0 0.495130 0.111252 0.483766 0.019459
0 0.342532 0.129442 0.305195 0.018613
0 0.501623 0.149323 0.392857 0.019459
0 0.492695 0.189509 0.569805 0.030457
0 0.611201 0.239425 0.436688 0.033841
0 0.107143 0.266497 0.142857 0.020305
0 0.676948 0.268613 0.324675 0.019459
0 0.318182 0.299492 0.568182 0.032149
0 0.270292 0.328257 0.465909 0.018613
0 0.185065 0.347293 0.285714 0.019459
0 0.299513 0.366328 0.524351 0.018613
0 0.236201 0.383672 0.400974 0.017766
0 0.535714 0.403976 0.259740 0.017766
0 0.141234 0.428934 0.220779 0.016920
0 0.312500 0.428511 0.066558 0.016074
0 0.390422 0.428088 0.060065 0.016920
0 0.466721 0.428088 0.060065 0.016920
0 0.543831 0.428088 0.029221 0.016920
0 0.611201 0.428088 0.079545 0.016920
0 0.753247 0.428934 0.139610 0.016920
0 0.131494 0.460237 0.201299 0.020305
0 0.301948 0.460237 0.081169 0.018613
0 0.407468 0.460237 0.025974 0.016920
0 0.485390 0.460237 0.029221 0.015228
0 0.543831 0.460660 0.025974 0.016074
0 0.637175 0.460660 0.024351 0.017766
0 0.782468 0.460237 0.087662 0.016920
0 0.119318 0.480541 0.183442 0.018613
0 0.303571 0.479695 0.084416 0.016920
0 0.407468 0.480118 0.029221 0.017766
0 0.485390 0.480541 0.029221 0.016920
0 0.542208 0.480541 0.025974 0.015228
0 0.637987 0.480118 0.025974 0.016074
0 0.782468 0.480541 0.084416 0.016920
0 0.122565 0.500000 0.183442 0.018613
0 0.303571 0.500000 0.081169 0.016920
0 0.410714 0.500000 0.025974 0.015228
0 0.486201 0.500000 0.024351 0.015228
0 0.543831 0.500000 0.029221 0.016920
0 0.639610 0.500000 0.025974 0.015228
0 0.772727 0.500000 0.100649 0.016920
0 0.474026 0.535110 0.363636 0.034687
0 0.773539 0.532572 0.105519 0.029611
0 0.130682 0.568105 0.196429 0.019459
0 0.301136 0.568105 0.082792 0.017766
0 0.403409 0.568528 0.047078 0.018613
0 0.486201 0.568528 0.030844 0.016920
0 0.543019 0.568105 0.024351 0.017766
0 0.629870 0.568528 0.045455 0.016920
0 0.774351 0.568105 0.097403 0.017766
0 0.357955 0.604061 0.586039 0.035533
0 0.775162 0.603215 0.102273 0.033841
0 0.607143 0.642132 0.081169 0.028765
0 0.784091 0.642132 0.087662 0.028765
0 0.373377 0.686548 0.564935 0.036379
0 0.776786 0.684856 0.105519 0.027919
0 0.474026 0.726734 0.360390 0.035533
0 0.774351 0.724196 0.103896 0.028765
0 0.514610 0.769459 0.275974 0.034687
0 0.772727 0.766920 0.107143 0.027919
0 0.113636 0.813029 0.165584 0.020305
0 0.470779 0.833756 0.863636 0.019459
0 0.422890 0.854061 0.761364 0.019459
0 0.472403 0.875212 0.873377 0.019459
0 0.398539 0.895093 0.719156 0.018613
0 0.422078 0.915821 0.769481 0.019459
0 0.188312 0.934856 0.314935 0.018613
0 0.504058 0.956430 0.391234 0.017766
0 0.663149 0.129442 0.297078 0.018613
0 0.748377 0.403553 0.094156 0.018613
