0 0.505645 0.070000 0.901613 0.020000
0 0.501613 0.089583 0.438710 0.019167
0 0.499194 0.109167 0.482258 0.020000
0 0.345968 0.127083 0.291935 0.019167
0 0.666129 0.126667 0.293548 0.016667
0 0.506452 0.145417 0.390323 0.019167
0 0.501613 0.187083 0.561290 0.032500
0 0.617742 0.235833 0.438710 0.028333
0 0.114516 0.261250 0.138710 0.019167
0 0.675806 0.263750 0.306452 0.017500
0 0.325000 0.293750 0.566129 0.029167
0 0.278226 0.322083 0.462903 0.019167
0 0.188710 0.340417 0.283871 0.019167
0 0.300806 0.360000 0.520968 0.016667
0 0.237097 0.377083 0.380645 0.019167
0 0.537903 0.396667 0.256452 0.020000
0 0.746774 0.395833 0.093548 0.018333
0 0.145968 0.421250 0.217742 0.015833
0 0.314516 0.419583 0.064516 0.015833
0 0.394355 0.420417 0.056452 0.017500
0 0.470161 0.420833 0.056452 0.015000
0 0.543548 0.420833 0.022581 0.015000
0 0.611290 0.420833 0.077419 0.015000
0 0.752419 0.420833 0.140323 0.016667
0 0.133065 0.450417 0.201613 0.015833
0 0.305645 0.451250 0.075806 0.015833
0 0.408871 0.451250 0.024194 0.014167
0 0.479032 0.451667 0.038710 0.015000
0 0.543548 0.452500 0.022581 0.016667
0 0.630645 0.451250 0.038710 0.014167
0 0.763710 0.451667 0.114516 0.015000
0 0.120968 0.470417 0.177419 0.017500
0 0.306452 0.470417 0.077419 0.015833
0 0.409677 0.470833 0.022581 0.013333
0 0.486290 0.471250 0.020968 0.015833
0 0.543548 0.470833 0.022581 0.015000
0 0.637097 0.470833 0.022581 0.015000
0 0.782258 0.470833 0.083871 0.018333
0 0.125000 0.488750 0.172581 0.020833
0 0.305645 0.490000 0.079032 0.015000
0 0.409677 0.490417 0.025806 0.014167
0 0.487097 0.490000 0.019355 0.013333
0 0.543548 0.489583 0.019355 0.014167
0 0.637903 0.491250 0.024194 0.014167
0 0.771774 0.490417 0.091935 0.015833
0 0.472581 0.524167 0.351613 0.033333
0 0.780645 0.522917 0.080645 0.027500
0 0.132258 0.556250 0.196774 0.015833
0 0.301613 0.556667 0.083871 0.015000
0 0.401613 0.556250 0.038710 0.012500
0 0.484677 0.557083 0.027419 0.012500
0 0.543548 0.557083 0.022581 0.012500
0 0.629839 0.557500 0.037097 0.015000
0 0.779839 0.557083 0.079032 0.015833
0 0.104839 0.576667 0.135484 0.016667
0 0.304032 0.576667 0.079032 0.016667
0 0.401613 0.577500 0.041935 0.015000
0 0.486290 0.577083 0.020968 0.015833
0 0.542742 0.577083 0.024194 0.015833
0 0.629839 0.576667 0.040323 0.015000
0 0.779839 0.576667 0.082258 0.016667
0 0.356452 0.610833 0.577419 0.035000
0 0.770968 0.610833 0.103226 0.028333
0 0.605645 0.650417 0.075806 0.027500
0 0.779032 0.648750 0.083871 0.025833
0 0.368548 0.692083 0.550000 0.034167
0 0.772581 0.692500 0.093548 0.030000
0 0.470968 0.730833 0.341935 0.033333
0 0.779839 0.729583 0.082258 0.027500
0 0.511290 0.773750 0.264516 0.035833
0 0.767742 0.772083 0.096774 0.027500
0 0.117742 0.816250 0.148387 0.015833
0 0.470968 0.837500 0.854839 0.020000
0 0.413710 0.857083 0.746774 0.020833
0 0.472581 0.877500 0.864516 0.018333
0 0.397581 0.895833 0.708065 0.018333
0 0.416935 0.915417 0.759677 0.019167
0 0.187097 0.934583 0.287097 0.017500
0 0.496774 0.955833 0.390323 0.018333
