0 0.505674 0.072126 0.540426 0.020607
0 0.507092 0.093818 0.582979 0.019523
0 0.497163 0.116594 0.483688 0.018438
0 0.497872 0.137744 0.524823 0.018438
0 0.507801 0.160521 0.422695 0.017354
0 0.516312 0.181941 0.283688 0.016811
0 0.508511 0.202278 0.543262 0.017354
0 0.509220 0.225597 0.541844 0.018438
0 0.270213 0.269252 0.296454 0.015727
0 0.800000 0.267896 0.127660 0.017354
0 0.298582 0.291486 0.242553 0.016811
0 0.273050 0.313178 0.299291 0.017896
0 0.792908 0.311280 0.144681 0.018438
0 0.280142 0.336768 0.202837 0.018438
0 0.270922 0.357646 0.303546 0.016811
0 0.795035 0.356291 0.140426 0.017354
0 0.280851 0.379610 0.204255 0.019523
0 0.273759 0.400759 0.297872 0.017354
0 0.796454 0.399132 0.140426 0.016269
0 0.280851 0.423265 0.204255 0.017896
0 0.152482 0.465835 0.177305 0.016269
0 0.814894 0.465293 0.106383 0.017354
0 0.263830 0.487256 0.400000 0.017896
0 0.816312 0.486985 0.106383 0.017354
0 0.182270 0.510033 0.239716 0.018980
0 0.824823 0.508677 0.083688 0.016269
0 0.302837 0.531996 0.483688 0.018438
0 0.814894 0.530911 0.106383 0.016269
0 0.105674 0.553416 0.086525 0.015727
0 0.816312 0.553416 0.100709 0.016811
0 0.185106 0.575380 0.242553 0.017354
0 0.521986 0.575922 0.204255 0.018438
0 0.825532 0.574837 0.085106 0.016269
0 0.456738 0.596800 0.624113 0.016811
0 0.174468 0.619035 0.221277 0.017896
0 0.523404 0.617679 0.121986 0.015184
0 0.837589 0.617950 0.063830 0.017896
0 0.136170 0.639642 0.139007 0.016811
0 0.545390 0.639371 0.086525 0.016269
0 0.824113 0.639913 0.085106 0.017354
0 0.137589 0.661334 0.144681 0.016811
0 0.536170 0.661063 0.102128 0.016269
0 0.829078 0.662148 0.083688 0.016269
0 0.116312 0.682484 0.099291 0.016811
0 0.537589 0.683297 0.102128 0.016269
0 0.828369 0.683568 0.079433 0.017896
0 0.231915 0.704718 0.319149 0.018980
0 0.712057 0.706074 0.317730 0.018438
0 0.317730 0.728037 0.504965 0.018980
0 0.538298 0.771692 0.390071 0.017354
0 0.507801 0.793926 0.482270 0.020607
0 0.511348 0.815076 0.565957 0.018438
0 0.499291 0.836226 0.343262 0.018438
