0 0.518606 0.070462 0.508314 0.028931
0 0.525337 0.091927 0.122724 0.015866
0 0.520586 0.114792 0.344418 0.025198
0 0.522169 0.134158 0.360253 0.026598
0 0.526524 0.151190 0.383215 0.031731
0 0.431908 0.176155 0.298496 0.026598
0 0.699525 0.163789 0.198733 0.024265
0 0.455265 0.287214 0.131433 0.019132
0 0.606492 0.783248 0.139351 0.016332
0 0.604909 0.766216 0.405384 0.033598
0 0.552257 0.196220 0.266825 0.022865
0 0.554236 0.220952 0.161520 0.021932
0 0.311164 0.260616 0.091845 0.018199
0 0.326603 0.293280 0.103721 0.015399
0 0.716944 0.278581 0.174980 0.019599
0 0.338084 0.311013 0.142518 0.018199
0 0.356690 0.325012 0.165479 0.018199
0 0.707838 0.301913 0.161520 0.025198
0 0.671417 0.341577 0.068092 0.019599
0 0.777118 0.336444 0.081552 0.020532
0 0.304830 0.374942 0.068092 0.017266
0 0.483373 0.364676 0.046714 0.021932
0 0.565717 0.360476 0.056215 0.018199
0 0.674980 0.355343 0.064133 0.012599
0 0.765241 0.353010 0.097387 0.017266
0 0.325416 0.393607 0.085511 0.018199
0 0.488915 0.385441 0.030879 0.015866
0 0.572842 0.379608 0.070467 0.017266
0 0.672209 0.374242 0.066508 0.020532
0 0.783452 0.371675 0.070467 0.021932
0 0.487332 0.402706 0.395091 0.034531
0 0.512272 0.742184 0.072842 0.014466
0 0.332146 0.431171 0.087886 0.014932
0 0.492478 0.423005 0.026920 0.017266
0 0.578385 0.417406 0.070467 0.017266
0 0.676564 0.413439 0.064133 0.015866
0 0.788203 0.407606 0.072051 0.018199
0 0.509501 0.438871 0.433096 0.037797
0 0.492874 0.458003 0.029295 0.015399
0 0.405780 0.463136 0.103721 0.017266
0 0.794537 0.444937 0.062549 0.017266
0 0.566112 0.485768 0.297704 0.025198
0 0.797308 0.470835 0.068092 0.020532
0 0.652811 0.504900 0.121140 0.020532
0 0.811560 0.494634 0.060174 0.015866
0 0.650831 0.527531 0.128266 0.017266
0 0.815123 0.518432 0.056215 0.019599
0 0.641330 0.552263 0.159937 0.018199
0 0.813143 0.542464 0.060174 0.017266
0 0.672209 0.573728 0.109264 0.017266
0 0.808393 0.564862 0.077593 0.018199
0 0.671021 0.594027 0.122724 0.019599
0 0.800079 0.585628 0.087886 0.015866
0 0.661124 0.616192 0.142518 0.017266
0 0.817894 0.606626 0.058591 0.019599
0 0.437846 0.676622 0.228029 0.024265
0 0.398654 0.708119 0.110055 0.017266
0 0.528504 0.700887 0.024545 0.013066
0 0.667854 0.694587 0.089470 0.018199
0 0.833729 0.681288 0.058591 0.019599
0 0.370546 0.726785 0.052257 0.018199
0 0.536025 0.718152 0.023753 0.019599
0 0.681314 0.710919 0.073634 0.011666
0 0.836896 0.703220 0.060174 0.019599
0 0.840855 0.723285 0.068092 0.015866
0 0.687253 0.733084 0.077593 0.019599
