0 0.459842 0.237999 0.575792 0.021223
0 0.463801 0.263012 0.468326 0.022739
0 0.462670 0.289035 0.346154 0.021223
0 0.453054 0.313037 0.516968 0.022739
0 0.451357 0.338807 0.477376 0.022739
0 0.466063 0.362304 0.352941 0.018191
0 0.463235 0.386559 0.421946 0.017180
0 0.457014 0.414351 0.751131 0.021223
0 0.128959 0.462355 0.101810 0.019202
0 0.569570 0.462860 0.096154 0.021223
0 0.275452 0.486862 0.390271 0.018696
0 0.579186 0.487367 0.113122 0.017686
0 0.796380 0.486862 0.099548 0.016675
0 0.380090 0.513138 0.597285 0.021728
0 0.235860 0.562658 0.347285 0.017686
0 0.134050 0.614199 0.102941 0.018696
0 0.380656 0.613188 0.100679 0.018696
0 0.569005 0.614957 0.056561 0.020212
0 0.732466 0.613441 0.116516 0.016170
0 0.139140 0.661950 0.117647 0.017180
0 0.561652 0.662203 0.390271 0.018696
0 0.322964 0.686963 0.100679 0.017686
0 0.532240 0.687216 0.023756 0.019202
0 0.750000 0.686458 0.158371 0.018696
0 0.159502 0.737494 0.158371 0.018696
0 0.741516 0.736483 0.100679 0.016675
0 0.122172 0.762759 0.081448 0.017686
0 0.724548 0.762001 0.132353 0.017180
0 0.121606 0.787266 0.082579 0.017180
0 0.742647 0.786508 0.096154 0.015664
0 0.143100 0.837039 0.116516 0.018696
0 0.352376 0.837039 0.044118 0.019707
0 0.533371 0.836028 0.105204 0.017686
0 0.769231 0.835776 0.079186 0.017180
0 0.454186 0.886306 0.559955 0.018191
0 0.454186 0.913087 0.250000 0.021223
0 0.464367 0.938353 0.571267 0.021223
0 0.292986 0.462355 0.158371 0.017180
0 0.444005 0.461849 0.082579 0.018191
0 0.751697 0.461849 0.197964 0.018191
