0 0.532710 0.103097 0.467290 0.025664
0 0.539979 0.120796 0.326064 0.019469
0 0.532191 0.137168 0.609553 0.027434
0 0.526999 0.154204 0.607477 0.026106
0 0.525441 0.171681 0.600208 0.024779
0 0.526999 0.189381 0.339564 0.018584
0 0.531672 0.223009 0.118380 0.015044
0 0.385774 0.255973 0.433022 0.020796
0 0.298027 0.271903 0.267913 0.018142
0 0.418484 0.289823 0.529595 0.023009
0 0.312046 0.305752 0.306334 0.015929
0 0.428349 0.325000 0.204569 0.018142
0 0.390447 0.359956 0.467290 0.023451
0 0.726376 0.364381 0.040498 0.015487
0 0.843718 0.366150 0.036345 0.016372
0 0.262721 0.375664 0.224299 0.020354
0 0.494808 0.378540 0.028037 0.012832
0 0.820872 0.382080 0.073728 0.016372
0 0.233126 0.408186 0.171340 0.018142
0 0.845275 0.417699 0.031153 0.018584
0 0.191589 0.424336 0.084112 0.015929
0 0.816199 0.433850 0.074766 0.017257
0 0.301661 0.445133 0.320872 0.023009
0 0.816719 0.451991 0.073728 0.017257
0 0.310488 0.462168 0.338525 0.020796
0 0.815161 0.468363 0.078920 0.017257
0 0.173416 0.494027 0.074766 0.017257
0 0.804777 0.502876 0.083074 0.013717
0 0.187435 0.528540 0.104881 0.017257
0 0.803219 0.536283 0.073728 0.014159
0 0.203531 0.562389 0.139148 0.015044
0 0.482866 0.567699 0.267913 0.018584
0 0.761682 0.571903 0.123572 0.018142
0 0.180685 0.578761 0.110073 0.016814
0 0.584112 0.584956 0.077882 0.016814
0 0.785047 0.588717 0.070613 0.016372
0 0.180685 0.596903 0.103842 0.015044
0 0.584631 0.602434 0.074766 0.017257
0 0.782970 0.605088 0.074766 0.017257
0 0.239356 0.665929 0.239875 0.020354
0 0.412773 0.667257 0.025961 0.015044
0 0.469886 0.687611 0.673936 0.023894
0 0.473001 0.728982 0.586708 0.026106
0 0.385254 0.757743 0.558671 0.021681
0 0.461578 0.776549 0.678089 0.024779
0 0.459502 0.793584 0.665628 0.022566
0 0.450675 0.811283 0.687435 0.026991
0 0.448598 0.828319 0.554517 0.024779
0 0.454309 0.844248 0.709242 0.026549
0 0.451194 0.862168 0.507788 0.024336
0 0.462098 0.880531 0.529595 0.027434
0 0.563863 0.378097 0.024922 0.012832
0 0.672378 0.380752 0.073728 0.013717
