0 0.468650 0.228626 0.300643 0.023664
0 0.468650 0.252672 0.387460 0.016794
0 0.467846 0.277481 0.295820 0.020611
0 0.466238 0.301527 0.710611 0.027481
0 0.467042 0.325954 0.596463 0.022901
0 0.465434 0.349237 0.245981 0.019084
0 0.471061 0.373664 0.495177 0.020611
0 0.466238 0.432443 0.247588 0.019084
0 0.151125 0.476718 0.173633 0.019084
0 0.422026 0.479389 0.297428 0.018321
0 0.108521 0.503053 0.078778 0.018321
0 0.467846 0.502290 0.405145 0.016794
0 0.124598 0.528244 0.130225 0.018321
0 0.331190 0.528244 0.125402 0.018321
0 0.244373 0.574046 0.202572 0.018321
0 0.528939 0.574427 0.064309 0.017557
0 0.720257 0.573664 0.241158 0.019084
0 0.080386 0.595038 0.022508 0.016031
0 0.305466 0.595420 0.318328 0.015267
0 0.552251 0.595802 0.024116 0.016031
0 0.651929 0.594656 0.065916 0.015267
0 0.798232 0.595038 0.085209 0.017557
0 0.297428 0.620229 0.308682 0.019084
0 0.081190 0.643511 0.024116 0.015267
0 0.306270 0.643130 0.316720 0.016031
0 0.553055 0.642748 0.019293 0.015267
0 0.652733 0.642366 0.064309 0.016031
0 0.801447 0.641603 0.065916 0.014504
0 0.372990 0.666412 0.466238 0.016794
0 0.196141 0.689695 0.299035 0.016031
0 0.803859 0.689695 0.067524 0.014504
0 0.315916 0.716031 0.538585 0.021374
0 0.795016 0.714122 0.088424 0.017557
0 0.212219 0.739313 0.331190 0.019084
0 0.797428 0.737405 0.083601 0.015267
0 0.163987 0.768321 0.228296 0.026718
0 0.758842 0.767557 0.151125 0.023664
0 0.096463 0.796947 0.102894 0.015267
0 0.796624 0.796565 0.088424 0.016031
0 0.121383 0.822519 0.146302 0.019084
0 0.796624 0.821374 0.085209 0.015267
0 0.188103 0.857252 0.286174 0.019847
0 0.490354 0.856870 0.199357 0.017557
0 0.772508 0.856489 0.133441 0.016794
0 0.071543 0.880916 0.049839 0.015267
0 0.301447 0.881298 0.069132 0.020611
0 0.542605 0.880153 0.091640 0.016794
0 0.803055 0.879771 0.065916 0.016031
0 0.471061 0.915649 0.154341 0.014504
0 0.471061 0.930916 0.562701 0.014504
0 0.471061 0.948473 0.430868 0.016031
