0 0.497318 0.086485 0.376609 0.018911
0 0.495172 0.105397 0.185622 0.020756
0 0.491416 0.141605 0.416309 0.023985
0 0.494635 0.161208 0.386266 0.021679
0 0.492489 0.179889 0.233906 0.020295
0 0.494099 0.197878 0.348712 0.020295
0 0.503755 0.217943 0.400215 0.022601
0 0.500536 0.262223 0.222103 0.035517
0 0.383047 0.309041 0.504292 0.019373
0 0.683476 0.328875 0.274678 0.020295
0 0.657725 0.346863 0.221030 0.020295
0 0.282725 0.364852 0.310086 0.023063
0 0.606760 0.365775 0.114807 0.023063
0 0.822961 0.365775 0.098712 0.020295
0 0.237661 0.402675 0.224249 0.023985
0 0.769850 0.403598 0.183476 0.020295
0 0.407725 0.457103 0.560086 0.019373
0 0.311695 0.476476 0.256438 0.020295
0 0.788090 0.477629 0.215665 0.022601
0 0.368562 0.531135 0.486052 0.020756
0 0.736588 0.532057 0.127682 0.020756
0 0.251609 0.550507 0.258584 0.020756
0 0.758047 0.551199 0.093348 0.018450
0 0.255365 0.568958 0.255365 0.021679
0 0.738197 0.569649 0.122318 0.020295
0 0.168991 0.606089 0.082618 0.020295
0 0.731223 0.607472 0.138412 0.020295
0 0.159871 0.660055 0.068670 0.020295
0 0.244099 0.660055 0.050429 0.020295
0 0.397532 0.660286 0.048283 0.020756
0 0.567060 0.663284 0.125536 0.020295
0 0.747318 0.662362 0.101931 0.020295
0 0.266631 0.681504 0.262876 0.017989
0 0.737124 0.680812 0.120172 0.020295
0 0.245708 0.717712 0.233906 0.023063
0 0.786481 0.718865 0.025751 0.018911
0 0.498391 0.790590 0.546137 0.023063
0 0.513412 0.926199 0.563305 0.020295
