0 0.509071 0.176881 0.299738 0.021095
0 0.507660 0.199686 0.134046 0.011973
0 0.509978 0.215080 0.073372 0.011973
0 0.508970 0.229689 0.122959 0.011830
0 0.508164 0.245154 0.151582 0.011403
0 0.508970 0.259621 0.283814 0.012400
0 0.509675 0.275228 0.074380 0.010262
0 0.511994 0.296679 0.268494 0.016676
0 0.399315 0.318130 0.079823 0.009407
0 0.504031 0.316491 0.079621 0.011260
0 0.474703 0.331884 0.229389 0.011260
0 0.388631 0.348489 0.056843 0.009692
0 0.491635 0.347064 0.054021 0.009692
0 0.413425 0.375855 0.048377 0.008267
0 0.513405 0.374430 0.021367 0.007697
0 0.616005 0.373005 0.030639 0.008267
0 0.413223 0.394812 0.022979 0.014823
0 0.513203 0.392674 0.008063 0.015108
0 0.615602 0.391106 0.012901 0.015964
0 0.404656 0.429162 0.094537 0.011117
0 0.398206 0.444698 0.082443 0.009692
0 0.370490 0.459521 0.030236 0.009977
0 0.447390 0.458523 0.092119 0.009122
0 0.618424 0.456528 0.029833 0.009692
0 0.361822 0.476340 0.007257 0.009407
0 0.474602 0.474914 0.171538 0.011688
0 0.630518 0.472491 0.048377 0.009692
0 0.361419 0.491591 0.006450 0.009122
0 0.467950 0.490308 0.158234 0.011117
0 0.631324 0.487742 0.049990 0.009407
0 0.409595 0.505559 0.018948 0.009692
0 0.401028 0.518957 0.075186 0.009692
0 0.615602 0.516106 0.033058 0.008552
0 0.396291 0.535063 0.066519 0.012258
0 0.384096 0.587229 0.039710 0.013968
0 0.415944 0.548318 0.104213 0.009977
0 0.620641 0.546180 0.026204 0.010547
0 0.452227 0.568273 0.174360 0.017389
0 0.608144 0.566135 0.054425 0.014823
0 0.383189 0.587514 0.037896 0.010262
0 0.617416 0.585091 0.033461 0.008837
0 0.408688 0.602052 0.089700 0.010832
0 0.622254 0.599772 0.027011 0.010262
0 0.412921 0.618016 0.098166 0.009692
0 0.404455 0.633979 0.090103 0.010832
0 0.369482 0.648233 0.019351 0.008837
0 0.534368 0.631414 0.048780 0.009122
0 0.540818 0.646807 0.033461 0.008837
0 0.659343 0.630131 0.022576 0.010547
0 0.656521 0.645525 0.029026 0.009977
0 0.376134 0.663341 0.031042 0.008837
0 0.540617 0.662201 0.033864 0.009407
0 0.657529 0.661060 0.027817 0.009977
0 0.518444 0.681870 0.239871 0.011117
0 0.565511 0.696836 0.140093 0.010832
0 0.566116 0.711944 0.156219 0.010262
