0 0.465000 0.068979 0.746667 0.020579
0 0.452500 0.091845 0.208333 0.025152
0 0.444167 0.118521 0.405000 0.025152
0 0.453333 0.140625 0.753333 0.023628
0 0.471667 0.171113 0.526667 0.025152
0 0.480000 0.193598 0.890000 0.021341
0 0.466667 0.217607 0.880000 0.019055
0 0.460833 0.243902 0.195000 0.022866
0 0.472500 0.267149 0.551667 0.023628
0 0.455000 0.293064 0.583333 0.025152
0 0.488333 0.315549 0.516667 0.021341
0 0.473333 0.342988 0.246667 0.019817
0 0.474167 0.392530 0.275000 0.022866
0 0.265000 0.440930 0.460000 0.029726
0 0.346667 0.466845 0.640000 0.023628
0 0.777500 0.464558 0.195000 0.023628
0 0.133333 0.489329 0.193333 0.027439
0 0.840000 0.491235 0.123333 0.028201
0 0.231667 0.516768 0.306667 0.021341
0 0.851667 0.516768 0.126667 0.018293
0 0.215833 0.544207 0.195000 0.016768
0 0.232500 0.567454 0.208333 0.028201
0 0.206667 0.592988 0.246667 0.025915
0 0.865833 0.590320 0.131667 0.029726
0 0.322500 0.617759 0.388333 0.023628
0 0.258333 0.640625 0.363333 0.029726
0 0.851667 0.643293 0.106667 0.027439
0 0.310833 0.692835 0.551667 0.025915
0 0.849167 0.691311 0.141667 0.027439
0 0.195000 0.718369 0.306667 0.019055
0 0.850000 0.718369 0.133333 0.023628
0 0.193333 0.741997 0.323333 0.023628
0 0.841667 0.741616 0.113333 0.027439
0 0.072500 0.769817 0.081667 0.025915
0 0.845833 0.768674 0.138333 0.025152
0 0.260000 0.818979 0.516667 0.028201
0 0.859167 0.816311 0.098333 0.030488
0 0.455833 0.892912 0.701667 0.023628
