0 0.452648 0.103051 0.757624 0.027119
0 0.446228 0.132203 0.735152 0.016271
0 0.237560 0.147797 0.317817 0.014915
0 0.388443 0.166441 0.616372 0.014237
0 0.253612 0.186780 0.349920 0.014237
0 0.300161 0.205085 0.439807 0.014237
0 0.812199 0.214915 0.298555 0.018983
0 0.146870 0.225763 0.165329 0.013559
0 0.337881 0.243051 0.550562 0.016949
0 0.280899 0.279322 0.420546 0.014915
0 0.204655 0.321356 0.219904 0.013559
0 0.224719 0.361356 0.186196 0.013559
0 0.703050 0.321695 0.520064 0.014237
0 0.504013 0.339661 0.118780 0.014915
0 0.816212 0.361017 0.075441 0.014237
0 0.918138 0.361356 0.048154 0.014915
0 0.304173 0.385424 0.505618 0.014237
0 0.466292 0.405085 0.142857 0.015593
0 0.434189 0.433898 0.088283 0.013559
0 0.480738 0.456271 0.168539 0.017627
0 0.479936 0.484746 0.170144 0.018983
0 0.439807 0.522373 0.089888 0.014237
0 0.464687 0.544068 0.142857 0.014237
0 0.813804 0.386441 0.077047 0.014915
0 0.814607 0.406780 0.078652 0.013559
0 0.818620 0.435254 0.077047 0.013559
0 0.818620 0.456949 0.077047 0.014915
0 0.817817 0.486441 0.075441 0.014237
0 0.817817 0.525424 0.072231 0.013559
0 0.819422 0.545085 0.075441 0.012203
0 0.170144 0.574237 0.231140 0.017627
0 0.522472 0.572881 0.210273 0.016271
0 0.845104 0.573559 0.139647 0.017627
0 0.134831 0.592881 0.170144 0.016949
0 0.589085 0.592881 0.073836 0.012881
0 0.878812 0.593220 0.075441 0.013559
0 0.265650 0.647458 0.412520 0.017627
0 0.681380 0.647119 0.319422 0.016949
0 0.519262 0.746102 0.823435 0.019661
0 0.521669 0.779661 0.658106 0.014915
0 0.520867 0.801356 0.393258 0.016271
0 0.520064 0.836949 0.645265 0.015593
0 0.523274 0.872542 0.808989 0.018983
0 0.523274 0.894237 0.857143 0.014915
0 0.522472 0.915932 0.232745 0.016271
0 0.520867 0.951864 0.739968 0.018983
