0 0.482407 0.297642 0.222222 0.012443
0 0.479167 0.310740 0.323148 0.011133
0 0.481944 0.321546 0.110185 0.009168
0 0.481944 0.333988 0.136111 0.009168
0 0.481481 0.343811 0.190741 0.010478
0 0.482870 0.356909 0.125000 0.010478
0 0.481481 0.371644 0.066667 0.015062
0 0.481481 0.386051 0.155556 0.009823
0 0.332870 0.395547 0.060185 0.009168
0 0.503704 0.394237 0.040741 0.009168
0 0.561111 0.394237 0.037037 0.007859
0 0.507870 0.405370 0.028704 0.009168
0 0.566667 0.404715 0.025926 0.007859
0 0.312963 0.419777 0.018519 0.010478
0 0.371759 0.420760 0.071296 0.012443
0 0.502315 0.419777 0.032407 0.009168
0 0.562500 0.419777 0.032407 0.010478
0 0.389815 0.433857 0.109259 0.012443
0 0.371296 0.446627 0.074074 0.009168
0 0.387963 0.463327 0.105556 0.012443
0 0.361111 0.482646 0.055556 0.007859
0 0.566204 0.482973 0.025000 0.008513
0 0.382870 0.499345 0.099074 0.011133
0 0.560648 0.499018 0.032407 0.009168
0 0.368981 0.513752 0.071296 0.011133
0 0.556944 0.513425 0.041667 0.009168
0 0.362500 0.529470 0.058333 0.012443
0 0.560185 0.528160 0.033333 0.008513
