0 0.488746 0.109909 0.808146 0.026455
0 0.490354 0.137807 0.176849 0.020683
0 0.489282 0.159692 0.481243 0.018278
0 0.491426 0.182059 0.189711 0.019721
0 0.490354 0.205387 0.414791 0.016354
0 0.491961 0.224387 0.319400 0.019721
0 0.493033 0.256133 0.398714 0.020683
0 0.492497 0.279702 0.494105 0.019721
0 0.097535 0.315296 0.107181 0.019721
0 0.110932 0.340308 0.140407 0.019721
0 0.494641 0.963203 0.794212 0.016835
0 0.401393 0.340067 0.262594 0.025012
0 0.747053 0.340548 0.310825 0.018278
0 0.113076 0.365560 0.138264 0.017316
0 0.830654 0.920394 0.085745 0.016835
0 0.353698 0.367003 0.160772 0.018278
0 0.722937 0.364839 0.262594 0.023569
0 0.166667 0.389129 0.256163 0.018278
0 0.633441 0.387446 0.105038 0.021645
0 0.079314 0.431938 0.077170 0.015392
0 0.394427 0.429774 0.066452 0.021645
0 0.560557 0.430255 0.132905 0.015873
0 0.741158 0.431938 0.140407 0.017316
0 0.887460 0.430736 0.066452 0.020683
0 0.089496 0.453583 0.086817 0.018278
0 0.391211 0.451178 0.040729 0.018278
0 0.562165 0.454786 0.101822 0.015873
0 0.767953 0.453343 0.097535 0.020683
0 0.886388 0.454064 0.055734 0.016354
0 0.107717 0.478355 0.138264 0.019721
0 0.077706 0.501924 0.099678 0.020683
0 0.393891 0.503608 0.035370 0.017316
0 0.566452 0.503367 0.099678 0.019721
0 0.761522 0.502646 0.099678 0.018278
0 0.886924 0.501443 0.058950 0.019721
0 0.404073 0.524531 0.726688 0.020683
0 0.090568 0.550505 0.099678 0.019721
0 0.395498 0.551467 0.038585 0.014911
0 0.562701 0.552670 0.081458 0.017316
0 0.774920 0.551948 0.081458 0.015873
0 0.889068 0.552189 0.058950 0.018278
0 0.248124 0.576479 0.419078 0.020683
0 0.218650 0.598846 0.156484 0.017316
0 0.387996 0.598124 0.038585 0.013949
0 0.763130 0.599086 0.094319 0.015873
0 0.381565 0.633718 0.490890 0.020683
0 0.769025 0.630832 0.099678 0.019721
0 0.533226 0.657528 0.191854 0.017316
0 0.774920 0.658009 0.077170 0.018278
0 0.520364 0.682059 0.202572 0.018278
0 0.768489 0.683983 0.079314 0.017316
0 0.526795 0.710197 0.193998 0.019721
0 0.768489 0.709957 0.090032 0.017316
0 0.349946 0.740981 0.562701 0.019721
0 0.762058 0.740019 0.107181 0.019721
0 0.551983 0.766474 0.143623 0.019721
0 0.761522 0.767917 0.099678 0.015873
0 0.540729 0.791486 0.176849 0.021645
0 0.772240 0.791005 0.086817 0.015873
0 0.258307 0.838384 0.302251 0.015392
0 0.199893 0.867484 0.161844 0.013949
0 0.387460 0.868446 0.043944 0.014911
0 0.569132 0.868206 0.162915 0.016354
0 0.795284 0.868206 0.152197 0.015392
0 0.148982 0.889370 0.055734 0.014430
0 0.387460 0.888408 0.024652 0.017316
0 0.598607 0.889851 0.101822 0.015392
0 0.830654 0.888889 0.077170 0.015392
0 0.371383 0.918711 0.116827 0.017316
0 0.601822 0.919673 0.103966 0.016354
