0 0.480769 0.063070 0.561008 0.026302
0 0.502653 0.096082 0.702918 0.031133
0 0.477454 0.123188 0.419098 0.016640
0 0.478117 0.144391 0.608753 0.017177
0 0.475464 0.164788 0.807692 0.017177
0 0.474801 0.186259 0.665782 0.016103
0 0.476790 0.206924 0.335544 0.015566
0 0.486737 0.228932 0.405836 0.016640
0 0.211538 0.272142 0.335544 0.017177
0 0.105438 0.294149 0.123342 0.017177
0 0.689655 0.272410 0.480106 0.016640
0 0.679045 0.293881 0.312997 0.016640
0 0.176393 0.337091 0.257294 0.017177
0 0.785809 0.336822 0.141910 0.014493
0 0.285809 0.378959 0.476127 0.016103
0 0.294430 0.401503 0.493369 0.016103
0 0.300398 0.423510 0.494695 0.017177
0 0.285809 0.466720 0.476127 0.015566
0 0.236737 0.488459 0.240053 0.017177
0 0.260610 0.510467 0.380637 0.016103
0 0.849469 0.378959 0.160477 0.016103
0 0.858090 0.400698 0.143236 0.014493
0 0.848143 0.487386 0.168435 0.016103
0 0.824271 0.509662 0.118037 0.015566
0 0.299735 0.552603 0.503979 0.015566
0 0.097480 0.574611 0.091512 0.015566
0 0.123342 0.595813 0.143236 0.016103
0 0.825597 0.552067 0.115385 0.014493
0 0.813660 0.573806 0.144562 0.015030
0 0.825597 0.596082 0.118037 0.016640
0 0.169098 0.639023 0.229443 0.014493
0 0.177056 0.661031 0.258621 0.016640
0 0.118700 0.682770 0.147215 0.017177
0 0.119363 0.704509 0.143236 0.016640
0 0.485411 0.659957 0.259947 0.016640
0 0.559682 0.681159 0.122016 0.013956
0 0.571618 0.703704 0.092838 0.013956
0 0.868700 0.638218 0.029178 0.018250
0 0.784483 0.660225 0.184350 0.016103
0 0.834881 0.681965 0.080902 0.015566
0 0.833554 0.703167 0.091512 0.013956
0 0.199602 0.747450 0.311671 0.015566
0 0.823607 0.747182 0.114058 0.018250
0 0.477454 0.790929 0.575597 0.016640
0 0.488064 0.811863 0.647215 0.016640
0 0.482759 0.831455 0.681698 0.017177
0 0.475464 0.853731 0.425729 0.015566
0 0.478780 0.874665 0.567639 0.017713
0 0.480769 0.896135 0.568966 0.016640
