0 0.510221 0.121417 0.819421 0.016863
0 0.504259 0.135469 0.241908 0.012366
0 0.505963 0.150646 0.511073 0.014615
0 0.509370 0.164137 0.722317 0.014615
0 0.508518 0.177909 0.441227 0.012929
0 0.505963 0.191681 0.173765 0.012366
0 0.509370 0.206296 0.705281 0.013491
0 0.509370 0.221473 0.436116 0.014615
0 0.195911 0.263350 0.238501 0.012929
0 0.484668 0.291175 0.816014 0.012366
0 0.216354 0.304666 0.279387 0.012366
0 0.694208 0.304384 0.298126 0.011804
0 0.228279 0.318718 0.303237 0.012366
0 0.124361 0.347105 0.091993 0.012929
0 0.493186 0.346543 0.066440 0.012929
0 0.661840 0.345419 0.066440 0.011804
0 0.822828 0.345981 0.139693 0.014053
0 0.651618 0.361158 0.083475 0.015177
0 0.844974 0.361720 0.085179 0.014053
0 0.132879 0.388420 0.105622 0.011242
0 0.470187 0.388420 0.027257 0.012366
0 0.643101 0.387858 0.114140 0.013491
0 0.828790 0.388702 0.114140 0.015177
0 0.386712 0.403316 0.613288 0.012929
0 0.133731 0.416807 0.114140 0.014053
0 0.466780 0.417931 0.037479 0.011804
0 0.642249 0.417931 0.109029 0.011804
0 0.833049 0.417369 0.112436 0.011804
0 0.396934 0.431984 0.640545 0.012929
0 0.131175 0.446037 0.102215 0.011804
0 0.471891 0.446318 0.017036 0.011242
0 0.652470 0.445756 0.085179 0.012366
0 0.844123 0.446037 0.090290 0.011804
0 0.502555 0.459528 0.862010 0.015177
0 0.228279 0.486790 0.296422 0.013491
0 0.622658 0.487071 0.025554 0.011804
0 0.627768 0.527825 0.192504 0.012366
0 0.575809 0.542159 0.088586 0.012929
0 0.562181 0.556211 0.057922 0.011804
0 0.618399 0.570545 0.173765 0.013491
0 0.236797 0.584879 0.214651 0.014053
0 0.217206 0.599213 0.168654 0.012366
0 0.259796 0.613547 0.253833 0.012929
0 0.880750 0.528949 0.109029 0.012366
0 0.892675 0.542159 0.088586 0.011804
0 0.892675 0.556211 0.088586 0.011804
0 0.895230 0.570264 0.086882 0.011804
0 0.832198 0.584879 0.209540 0.012929
0 0.832198 0.599775 0.212947 0.013491
0 0.853492 0.613547 0.170358 0.011804
0 0.822828 0.641091 0.245315 0.015177
0 0.153322 0.669758 0.088586 0.012929
0 0.511073 0.668915 0.136286 0.014615
0 0.693356 0.669758 0.030664 0.012929
0 0.860307 0.669758 0.149915 0.014053
0 0.130324 0.697021 0.049404 0.014615
0 0.522998 0.696740 0.109029 0.011804
0 0.693356 0.697302 0.027257 0.011804
0 0.895230 0.697864 0.090290 0.014053
0 0.615843 0.739179 0.212947 0.013491
0 0.894378 0.739741 0.091993 0.013491
0 0.511925 0.822934 0.642249 0.012366
0 0.512777 0.835582 0.214651 0.012929
