0 0.449111 0.096463 0.762520 0.021865
0 0.448304 0.125402 0.744750 0.015434
0 0.234249 0.140193 0.319871 0.014148
0 0.386107 0.158521 0.620355 0.014791
0 0.250404 0.177814 0.355412 0.016077
0 0.300485 0.194855 0.449111 0.014148
0 0.812601 0.204180 0.297254 0.017363
0 0.140549 0.214791 0.168013 0.015434
0 0.333603 0.229904 0.547658 0.014791
0 0.277868 0.264309 0.423263 0.016720
0 0.201131 0.304180 0.221325 0.014148
0 0.219709 0.342122 0.180937 0.014148
0 0.197900 0.362701 0.224556 0.014148
0 0.224556 0.400000 0.177706 0.012862
0 0.701939 0.304502 0.521809 0.014791
0 0.500808 0.322186 0.119548 0.015434
0 0.806947 0.343730 0.092084 0.013505
0 0.920032 0.344373 0.046850 0.012219
0 0.688207 0.363987 0.497577 0.014148
0 0.651050 0.381029 0.420032 0.016077
0 0.816640 0.400965 0.082391 0.012219
0 0.920840 0.400643 0.045234 0.012862
0 0.300485 0.423151 0.510501 0.016720
0 0.464459 0.442765 0.147011 0.013505
0 0.430533 0.469132 0.088853 0.016077
0 0.476575 0.491318 0.171244 0.018006
0 0.474960 0.518006 0.174475 0.017363
0 0.806139 0.424437 0.096931 0.012862
0 0.814216 0.444695 0.077544 0.013505
0 0.811793 0.472347 0.095315 0.013505
0 0.815832 0.493248 0.080775 0.014148
0 0.811793 0.519614 0.092084 0.012862
0 0.441034 0.552733 0.100162 0.014791
0 0.460420 0.572990 0.145396 0.014148
0 0.806139 0.554662 0.096931 0.014791
0 0.819871 0.575563 0.072698 0.014148
0 0.164782 0.601286 0.232633 0.016720
0 0.519386 0.601608 0.208401 0.014791
0 0.844911 0.602251 0.145396 0.016077
0 0.127625 0.621865 0.161551 0.018006
0 0.579968 0.621543 0.100162 0.014791
0 0.879645 0.622508 0.072698 0.012862
0 0.259289 0.671383 0.431341 0.016720
0 0.678514 0.672669 0.319871 0.015434
0 0.516963 0.757878 0.814216 0.017363
0 0.516155 0.790354 0.673667 0.016720
0 0.521002 0.811897 0.402262 0.017363
0 0.516963 0.845016 0.652666 0.016720
0 0.519386 0.877814 0.812601 0.018006
0 0.517771 0.899678 0.864297 0.015434
0 0.519386 0.918971 0.240711 0.014148
0 0.518578 0.954984 0.743134 0.018006
