0 0.478602 0.186919 0.803138 0.027877
0 0.483595 0.212652 0.539230 0.019299
0 0.486448 0.236240 0.639087 0.022159
0 0.481455 0.260901 0.620542 0.025733
0 0.486448 0.284489 0.248217 0.020014
0 0.485021 0.312366 0.539230 0.024303
0 0.512839 0.351322 0.255350 0.020729
0 0.130528 0.378842 0.109843 0.017155
0 0.114836 0.407434 0.078459 0.018585
0 0.136234 0.432452 0.124108 0.015726
0 0.244650 0.379557 0.015692 0.014296
0 0.243224 0.409221 0.012839 0.013581
0 0.244650 0.435311 0.012839 0.015726
0 0.388730 0.379199 0.201141 0.016440
0 0.509986 0.405647 0.432240 0.017870
0 0.343081 0.432094 0.104137 0.016440
0 0.226106 0.471051 0.198288 0.018585
0 0.487161 0.472123 0.061341 0.016440
0 0.716833 0.468549 0.255350 0.023588
0 0.776748 0.337384 0.332382 0.052895
0 0.079886 0.501072 0.017118 0.014296
0 0.273894 0.500000 0.291013 0.019299
0 0.291726 0.518227 0.164051 0.017155
0 0.505706 0.501072 0.018545 0.017155
0 0.641227 0.500357 0.084165 0.015726
0 0.800285 0.499643 0.074180 0.017155
0 0.488588 0.553610 0.112696 0.017870
0 0.365906 0.582916 0.349501 0.017870
0 0.315264 0.623302 0.447932 0.018585
0 0.407989 0.663331 0.268188 0.018585
0 0.830243 0.551465 0.077033 0.017870
0 0.832382 0.580057 0.078459 0.017870
0 0.830243 0.621515 0.077033 0.015011
0 0.831669 0.662259 0.074180 0.017870
0 0.196148 0.715154 0.246790 0.020729
0 0.186163 0.743746 0.232525 0.017870
0 0.538516 0.743746 0.278174 0.017870
0 0.756776 0.742673 0.069900 0.015726
0 0.126248 0.770550 0.044223 0.018585
0 0.299572 0.770908 0.079886 0.019299
0 0.589158 0.770550 0.077033 0.018585
0 0.751070 0.768763 0.075606 0.016440
0 0.121255 0.811294 0.094151 0.018585
0 0.320257 0.811294 0.078459 0.018585
0 0.241797 0.838099 0.335235 0.017870
0 0.524251 0.920300 0.540656 0.023588
