0 0.467275 0.148176 0.408798 0.020770
0 0.458155 0.173252 0.251073 0.019250
0 0.461373 0.199341 0.590129 0.023810
0 0.474249 0.224164 0.695279 0.021783
0 0.468348 0.249493 0.473176 0.020770
0 0.467811 0.274316 0.523605 0.023810
0 0.446352 0.324975 0.469957 0.022796
0 0.211910 0.375887 0.344421 0.021277
0 0.595494 0.375380 0.343348 0.021277
0 0.082618 0.400963 0.090129 0.019757
0 0.417918 0.400963 0.447425 0.019757
0 0.157189 0.451621 0.237124 0.021783
0 0.393240 0.451874 0.067597 0.021277
0 0.586373 0.451621 0.153433 0.021783
0 0.754292 0.451874 0.103004 0.022290
0 0.863197 0.450861 0.067597 0.020263
0 0.112661 0.501013 0.143777 0.022290
0 0.374464 0.527862 0.066524 0.022290
0 0.574034 0.527609 0.090129 0.019757
0 0.766631 0.527102 0.091202 0.020770
0 0.863734 0.527609 0.070815 0.021783
0 0.122854 0.552432 0.159871 0.022796
0 0.373927 0.577761 0.065451 0.019757
0 0.574571 0.577761 0.089056 0.020770
0 0.766094 0.578267 0.087983 0.019757
0 0.861588 0.578521 0.064378 0.021277
0 0.138412 0.602330 0.203863 0.020263
0 0.370708 0.626900 0.069742 0.019757
0 0.575644 0.627913 0.089056 0.019757
0 0.765021 0.627913 0.087983 0.018744
0 0.863197 0.627406 0.069742 0.020770
0 0.172747 0.678571 0.261803 0.019757
0 0.272532 0.703141 0.467811 0.022290
0 0.854077 0.702634 0.090129 0.019250
0 0.304185 0.727457 0.531116 0.022290
0 0.852468 0.727710 0.091202 0.019757
0 0.160944 0.753546 0.242489 0.019757
0 0.810622 0.751520 0.174893 0.022796
0 0.102468 0.804711 0.129828 0.022796
0 0.853004 0.802685 0.090129 0.019757
0 0.158798 0.880699 0.236052 0.019757
0 0.571352 0.878419 0.211373 0.021277
0 0.816524 0.877913 0.143777 0.021277
0 0.077790 0.906028 0.067597 0.019757
0 0.318670 0.905775 0.111588 0.020263
0 0.641631 0.904002 0.085837 0.019757
0 0.854614 0.902736 0.086910 0.017224
