0 0.473534 0.199477 0.269137 0.010163
0 0.474654 0.210729 0.095480 0.010598
0 0.474552 0.222488 0.062296 0.009727
0 0.474349 0.234248 0.230863 0.009727
0 0.474043 0.246225 0.176507 0.009001
0 0.473840 0.257041 0.075529 0.009437
0 0.410118 0.268365 0.165106 0.008566
0 0.338966 0.285279 0.025244 0.008130
0 0.431494 0.286368 0.020562 0.009437
0 0.608306 0.284698 0.028094 0.010163
0 0.398107 0.299579 0.142305 0.010598
0 0.342732 0.311847 0.030334 0.009001
0 0.424980 0.311702 0.006311 0.008130
0 0.605863 0.311629 0.029723 0.009437
0 0.416938 0.330067 0.179967 0.010598
0 0.342427 0.342334 0.029723 0.009001
0 0.424369 0.342770 0.006311 0.008130
0 0.605863 0.342552 0.030945 0.008566
0 0.406046 0.360700 0.159406 0.009727
0 0.342427 0.372967 0.030945 0.009001
0 0.424064 0.373693 0.006922 0.009001
0 0.605151 0.373185 0.031963 0.009437
0 0.405741 0.391405 0.158795 0.010163
0 0.341205 0.404254 0.030945 0.009727
0 0.423453 0.404326 0.006922 0.009001
0 0.604947 0.404036 0.030334 0.010163
0 0.566572 0.425087 0.109121 0.009001
0 0.574104 0.436774 0.093241 0.009727
0 0.576954 0.448316 0.086319 0.009001
0 0.365126 0.465810 0.080008 0.009727
0 0.599145 0.465447 0.043974 0.009001
0 0.343445 0.478513 0.035423 0.009001
0 0.603827 0.478296 0.031352 0.009437
0 0.346193 0.491289 0.043363 0.011034
0 0.604642 0.490273 0.030945 0.009001
0 0.359731 0.518801 0.066775 0.009727
0 0.500305 0.519382 0.046213 0.008566
0 0.605252 0.519091 0.029723 0.009437
0 0.360240 0.532012 0.070236 0.008566
0 0.513742 0.532085 0.020562 0.006969
0 0.609833 0.532520 0.019340 0.006969
0 0.471193 0.550015 0.141083 0.009437
0 0.470379 0.562355 0.191979 0.009727
0 0.470989 0.573606 0.126832 0.010163
0 0.470989 0.585801 0.139454 0.010163
0 0.470582 0.596908 0.173249 0.009437
0 0.470684 0.609684 0.151466 0.010598
