0 0.468326 0.176400 0.823529 0.023838
0 0.461538 0.207092 0.644796 0.023242
0 0.460973 0.232420 0.804299 0.020262
0 0.460407 0.257151 0.676471 0.022050
0 0.464932 0.282479 0.330317 0.022646
0 0.458145 0.311681 0.452489 0.021454
0 0.470023 0.348033 0.295249 0.023838
0 0.169118 0.392431 0.222851 0.017282
0 0.686086 0.395709 0.415158 0.017878
0 0.169683 0.416567 0.221719 0.016687
0 0.207579 0.442491 0.295249 0.019666
0 0.089932 0.477652 0.059955 0.018474
0 0.243778 0.477056 0.191176 0.020858
0 0.665158 0.475268 0.085973 0.019666
0 0.834842 0.476758 0.165158 0.021454
0 0.294118 0.504768 0.457014 0.020262
0 0.671380 0.505662 0.073529 0.018474
0 0.842760 0.505662 0.142534 0.019666
0 0.268665 0.533969 0.335973 0.019070
0 0.672511 0.535757 0.069005 0.016687
0 0.843326 0.534863 0.139140 0.018474
0 0.208710 0.560191 0.143665 0.020262
0 0.093326 0.588200 0.053167 0.016687
0 0.195136 0.589690 0.093891 0.022050
0 0.291290 0.588796 0.026018 0.016687
0 0.428167 0.588796 0.082579 0.017878
0 0.802036 0.589094 0.090498 0.018474
0 0.138009 0.626937 0.158371 0.019070
0 0.808258 0.626639 0.075792 0.016091
0 0.177602 0.663290 0.228507 0.021454
0 0.811086 0.661204 0.072398 0.016091
0 0.229638 0.695769 0.343891 0.019666
0 0.789593 0.696663 0.115385 0.022646
0 0.113688 0.733313 0.107466 0.017282
0 0.790158 0.732420 0.111991 0.022646
0 0.218326 0.776520 0.316742 0.026222
0 0.104638 0.809595 0.091629 0.018474
0 0.208710 0.808403 0.035068 0.018474
0 0.401018 0.808403 0.141403 0.018474
0 0.623869 0.809297 0.080317 0.017878
0 0.809955 0.810191 0.165158 0.020858
0 0.091063 0.842074 0.053167 0.017878
0 0.211538 0.842670 0.054299 0.017878
0 0.425339 0.842670 0.067873 0.020262
0 0.623869 0.842968 0.073529 0.018474
0 0.844457 0.843266 0.091629 0.020262
0 0.105769 0.874255 0.084842 0.019070
0 0.427036 0.874851 0.071267 0.017878
0 0.625000 0.875745 0.075792 0.018474
0 0.845023 0.875447 0.088235 0.017878
0 0.468891 0.929082 0.820136 0.027414
0 0.469457 0.957986 0.803167 0.017282
