0 0.375356 0.130297 0.594017 0.018022
0 0.495014 0.149537 0.836182 0.016561
0 0.396011 0.170239 0.638177 0.017048
0 0.261396 0.189235 0.366097 0.016074
0 0.346866 0.209206 0.537037 0.015100
0 0.199430 0.249148 0.239316 0.015100
0 0.123932 0.308086 0.088319 0.016074
0 0.368234 0.308816 0.069801 0.015587
0 0.517094 0.308329 0.108262 0.015587
0 0.652422 0.308086 0.125356 0.013151
0 0.858262 0.308086 0.155271 0.014126
0 0.524929 0.328544 0.078348 0.017048
0 0.676638 0.329031 0.082621 0.018997
0 0.163818 0.365806 0.176638 0.013639
0 0.583333 0.366537 0.457265 0.014126
0 0.379630 0.386264 0.092593 0.016561
0 0.539174 0.386264 0.106838 0.015587
0 0.762821 0.385777 0.215100 0.013639
0 0.174501 0.424501 0.195157 0.015100
0 0.548433 0.424744 0.387464 0.013639
0 0.368946 0.444715 0.068376 0.014613
0 0.538462 0.445202 0.111111 0.013639
0 0.763533 0.444472 0.176638 0.014126
0 0.175214 0.484170 0.196581 0.014613
0 0.636040 0.484170 0.562678 0.014613
0 0.365385 0.503653 0.069801 0.016561
0 0.537749 0.503653 0.109687 0.014613
0 0.764245 0.503166 0.178063 0.014613
0 0.164530 0.543108 0.178063 0.013639
0 0.645299 0.542133 0.586895 0.014613
0 0.367521 0.562835 0.065527 0.018997
0 0.536325 0.562591 0.112536 0.014613
0 0.762108 0.561617 0.182336 0.014613
0 0.162393 0.601559 0.179487 0.014613
0 0.590456 0.600585 0.477208 0.014613
0 0.366097 0.621042 0.071225 0.014613
0 0.525641 0.620799 0.131054 0.015100
0 0.752137 0.621042 0.193732 0.014613
0 0.227920 0.678763 0.307692 0.015100
0 0.471510 0.679737 0.065527 0.015100
0 0.868946 0.679493 0.136752 0.014613
0 0.288462 0.698977 0.423077 0.016561
0 0.887464 0.699464 0.091168 0.015587
0 0.195869 0.717974 0.237892 0.014613
0 0.499288 0.720409 0.021368 0.010716
0 0.868946 0.718948 0.139601 0.014613
0 0.120370 0.757915 0.092593 0.015587
0 0.497863 0.760351 0.024217 0.012664
0 0.869658 0.758889 0.132479 0.015587
0 0.141738 0.778860 0.138177 0.016561
0 0.492877 0.779834 0.019943 0.013639
0 0.881054 0.779834 0.112536 0.015587
0 0.197293 0.818071 0.235043 0.017048
0 0.543447 0.818315 0.215100 0.016561
0 0.810541 0.820263 0.153846 0.017535
0 0.153846 0.855577 0.153846 0.014126
0 0.571225 0.856795 0.125356 0.015587
0 0.829772 0.858256 0.092593 0.015587
0 0.142450 0.875304 0.131054 0.015587
0 0.566239 0.876279 0.135328 0.015587
0 0.812678 0.877983 0.109687 0.015100
0 0.173789 0.913785 0.205128 0.015587
0 0.495014 0.914272 0.368946 0.016561
0 0.109687 0.932781 0.071225 0.014613
0 0.224359 0.934243 0.095442 0.015587
