0 0.513981 0.165328 0.505992 0.022628
0 0.518642 0.195620 0.446072 0.021898
0 0.519973 0.224453 0.288948 0.022628
0 0.518642 0.254745 0.533955 0.023358
0 0.516644 0.280657 0.229028 0.018248
0 0.513316 0.310949 0.416778 0.021898
0 0.515313 0.345255 0.324900 0.020438
0 0.322903 0.379562 0.358189 0.020438
0 0.731025 0.376642 0.348868 0.017518
0 0.298935 0.410584 0.312916 0.024088
0 0.172437 0.437956 0.065246 0.023358
0 0.350200 0.436861 0.215712 0.019708
0 0.666445 0.436496 0.094541 0.021898
0 0.805593 0.435766 0.093209 0.021898
0 0.359521 0.474453 0.444740 0.021898
0 0.776298 0.471168 0.050599 0.018248
0 0.178429 0.501825 0.018642 0.019708
0 0.286285 0.503285 0.133156 0.019708
0 0.640479 0.504380 0.122503 0.021898
0 0.802929 0.502555 0.122503 0.021168
0 0.181758 0.539416 0.025300 0.020438
0 0.296937 0.540146 0.101198 0.024818
0 0.411451 0.539416 0.015979 0.018978
0 0.227031 0.574088 0.174434 0.022628
0 0.777630 0.573358 0.122503 0.019708
0 0.274301 0.606569 0.266312 0.024818
0 0.801598 0.605474 0.079893 0.019708
0 0.385486 0.640146 0.480692 0.029197
0 0.760985 0.640146 0.163782 0.026277
0 0.188415 0.670438 0.102530 0.022628
0 0.779627 0.668613 0.126498 0.020438
0 0.280959 0.719708 0.282290 0.021898
0 0.575233 0.716423 0.143808 0.021168
0 0.808256 0.716058 0.066578 0.020438
0 0.590546 0.744161 0.113182 0.024088
0 0.784953 0.744161 0.115846 0.025547
0 0.171105 0.783577 0.059920 0.021168
0 0.589880 0.783212 0.125166 0.018978
0 0.807590 0.782482 0.078562 0.020438
0 0.310919 0.855839 0.344874 0.022628
0 0.266977 0.891241 0.251664 0.021898
0 0.445406 0.931752 0.243675 0.029927
0 0.450732 0.962409 0.432756 0.028467
