0 0.472335 0.202381 0.499325 0.023810
0 0.471660 0.227591 0.398111 0.025210
0 0.459514 0.250000 0.732794 0.023810
0 0.459514 0.273459 0.689609 0.023109
0 0.472335 0.296569 0.669366 0.021709
0 0.463563 0.319678 0.551957 0.023109
0 0.461538 0.343487 0.286100 0.024510
0 0.462213 0.366947 0.292848 0.021008
0 0.404858 0.413866 0.755735 0.022409
0 0.897436 0.413866 0.043185 0.021008
0 0.149798 0.435924 0.251012 0.020308
0 0.171390 0.458683 0.288799 0.021008
0 0.529690 0.460434 0.017544 0.020308
0 0.573549 0.459734 0.026991 0.020308
0 0.673414 0.460434 0.091768 0.021709
0 0.829285 0.460434 0.090418 0.020308
0 0.416329 0.482843 0.781377 0.021709
0 0.896761 0.483543 0.044534 0.020308
0 0.126856 0.505952 0.205128 0.021709
0 0.170715 0.529762 0.292848 0.023109
0 0.529015 0.530462 0.021592 0.018908
0 0.573549 0.530112 0.024291 0.021008
0 0.673414 0.530812 0.091768 0.021008
0 0.818489 0.530462 0.112011 0.021709
0 0.161943 0.552871 0.269906 0.021709
0 0.083671 0.576681 0.110661 0.018908
0 0.529015 0.576681 0.013495 0.017507
0 0.574899 0.577031 0.026991 0.019608
0 0.674764 0.576681 0.089069 0.020308
0 0.830634 0.577731 0.087719 0.019608
0 0.103914 0.623599 0.156545 0.024510
0 0.217274 0.625350 0.013495 0.018207
0 0.260459 0.622899 0.026991 0.020308
0 0.761134 0.624300 0.129555 0.023109
0 0.863698 0.626751 0.013495 0.018207
0 0.908232 0.623950 0.024291 0.019608
0 0.229420 0.669818 0.407557 0.021709
0 0.073549 0.692577 0.093117 0.019608
0 0.093117 0.716036 0.134953 0.020308
0 0.831309 0.669818 0.180837 0.021709
0 0.830634 0.693978 0.182186 0.021008
0 0.841430 0.717087 0.157895 0.019608
0 0.304993 0.763655 0.556005 0.021709
0 0.773954 0.764006 0.157895 0.021008
0 0.296896 0.810574 0.537112 0.020308
0 0.776653 0.811275 0.292848 0.023109
0 0.296221 0.834034 0.538462 0.021008
0 0.462888 0.879902 0.601889 0.021709
0 0.460864 0.903011 0.417004 0.020308
0 0.471660 0.926821 0.530364 0.020308
