0 0.319792 0.258984 0.158333 0.032031
0 0.542188 0.209375 0.228125 0.021875
0 0.545312 0.231250 0.155208 0.021875
0 0.544792 0.252344 0.220833 0.020313
0 0.382292 0.337109 0.277083 0.021094
0 0.365104 0.478516 0.242708 0.021094
0 0.679167 0.469922 0.081250 0.021094
0 0.319792 0.259375 0.150000 0.032813
0 0.479167 0.395313 0.070833 0.021875
0 0.566667 0.392969 0.022917 0.015625
0 0.645312 0.411719 0.101042 0.021875
0 0.319792 0.437891 0.152083 0.022656
0 0.679167 0.431250 0.075000 0.018750
0 0.681250 0.472656 0.075000 0.020313
0 0.304167 0.519531 0.120833 0.023438
0 0.683333 0.514062 0.075000 0.018750
0 0.686979 0.555078 0.078125 0.021094
0 0.292187 0.896484 0.453125 0.041406
0 0.244792 0.928125 0.356250 0.039062
