0 0.284028 0.238672 0.184722 0.025781
0 0.565972 0.194141 0.287500 0.017969
0 0.570139 0.214062 0.198611 0.017188
0 0.568750 0.237500 0.284722 0.018750
0 0.368056 0.312109 0.352778 0.025781
0 0.347222 0.444531 0.297222 0.017188
0 0.738194 0.442188 0.093056 0.017188
0 0.283333 0.241406 0.191667 0.031250
0 0.458333 0.369531 0.036111 0.015625
0 0.594444 0.367969 0.030556 0.015625
0 0.354167 0.389844 0.325000 0.020313
0 0.658333 0.385937 0.050000 0.018750
0 0.285417 0.409375 0.190278 0.021875
0 0.733333 0.404687 0.094444 0.018750
0 0.450000 0.445312 0.088889 0.018750
0 0.737500 0.442188 0.097222 0.018750
0 0.740278 0.479687 0.097222 0.018750
0 0.741667 0.500000 0.094444 0.018750
0 0.486111 0.600781 0.388889 0.023438
0 0.292361 0.923828 0.451389 0.032031
0 0.113889 0.947656 0.088889 0.023438
0 0.327778 0.946875 0.186111 0.029687
0 0.197917 0.946875 0.097990 0.032559
