0 0.253472 0.300781 0.197917 0.033203
0 0.528646 0.253418 0.258681 0.026367
0 0.527778 0.272949 0.263889 0.022461
0 0.532118 0.295410 0.227431 0.022461
0 0.334201 0.372559 0.352431 0.022461
0 0.322917 0.559082 0.315972 0.024414
0 0.710069 0.550781 0.100694 0.021484
0 0.331597 0.374023 0.350694 0.025391
0 0.190972 0.394531 0.059028 0.017578
0 0.253472 0.393555 0.045139 0.015625
0 0.644097 0.385254 0.180556 0.020508
0 0.258681 0.468750 0.187500 0.017578
0 0.470486 0.463867 0.090278 0.019531
0 0.257812 0.505371 0.192708 0.026367
0 0.699653 0.515625 0.104167 0.017578
0 0.187500 0.527344 0.038194 0.013672
0 0.437500 0.559570 0.065972 0.019531
0 0.274306 0.600098 0.208333 0.026367
0 0.708333 0.610352 0.107639 0.019531
0 0.713542 0.628906 0.104167 0.017578
0 0.338542 0.657227 0.107639 0.025391
0 0.204861 0.741211 0.052083 0.019531
0 0.538194 0.792969 0.465278 0.031250
0 0.289062 0.922363 0.449653 0.030273
0 0.328993 0.946289 0.182292 0.025391
0 0.196181 0.946289 0.096727 0.032862
