0 0.595339 0.294434 0.118644 0.014648
0 0.316737 0.313477 0.137712 0.015625
0 0.590042 0.327148 0.125000 0.011719
0 0.271186 0.478027 0.050847 0.012695
0 0.382415 0.476562 0.095339 0.011719
0 0.485169 0.476562 0.042373 0.015625
0 0.622881 0.475586 0.072034 0.011719
0 0.332627 0.523438 0.169492 0.015625
0 0.569915 0.521484 0.182203 0.015625
0 0.415254 0.258789 0.110169 0.025391
0 0.387712 0.479492 0.093220 0.015625
0 0.631356 0.493164 0.063559 0.015625
0 0.274364 0.936035 0.451271 0.026367
