0 0.556250 0.138281 0.631944 0.032813
0 0.534722 0.173828 0.327778 0.030469
0 0.269444 0.285156 0.152778 0.018750
0 0.310417 0.418359 0.159722 0.024219
0 0.765278 0.420312 0.130556 0.020313
0 0.610417 0.173437 0.176389 0.025000
0 0.527778 0.254297 0.411111 0.038281
0 0.265972 0.285938 0.151389 0.023438
0 0.269444 0.325000 0.044444 0.018750
0 0.308333 0.357031 0.205556 0.020313
0 0.307639 0.385937 0.156944 0.021875
0 0.345139 0.418359 0.079167 0.024219
0 0.756944 0.419531 0.108333 0.020313
0 0.466667 0.470313 0.544444 0.021875
0 0.508333 0.504297 0.633333 0.024219
0 0.270833 0.521094 0.150000 0.015625
0 0.247917 0.575391 0.084722 0.024219
0 0.512500 0.592187 0.613889 0.023438
0 0.291667 0.923828 0.452778 0.032031
0 0.113194 0.947656 0.095833 0.029687
0 0.327778 0.946484 0.183333 0.025781
0 0.330556 0.325781 0.085790 0.026289
0 0.271528 0.417187 0.084309 0.027884
0 0.322222 0.575391 0.079225 0.025044
0 0.197917 0.946875 0.097990 0.032559
