0 0.497396 0.431641 0.229167 0.029297
0 0.499349 0.454102 0.480469 0.046875
0 0.674479 0.563965 0.158854 0.026367
0 0.365885 0.808594 0.174479 0.041016
0 0.733073 0.791016 0.093750 0.019531
0 0.497396 0.432617 0.234375 0.029297
0 0.440104 0.485352 0.106771 0.015625
0 0.560547 0.479004 0.121094 0.026367
0 0.507161 0.536621 0.217448 0.032227
0 0.674479 0.563965 0.166667 0.028320
0 0.502604 0.634766 0.083333 0.023438
0 0.286458 0.649414 0.033854 0.019531
0 0.434896 0.669922 0.067708 0.027344
0 0.571615 0.662109 0.106771 0.023438
0 0.507812 0.693359 0.078125 0.023438
0 0.622396 0.692383 0.059896 0.039062
0 0.290365 0.711914 0.039062 0.025391
0 0.316406 0.743164 0.085938 0.025391
0 0.511719 0.754883 0.080729 0.025391
0 0.729167 0.751953 0.098958 0.023438
0 0.294271 0.775391 0.036458 0.023438
0 0.375000 0.463867 0.057105 0.020993
0 0.376953 0.672363 0.054742 0.027820
