0 0.492188 0.339844 0.195312 0.013672
0 0.490234 0.364746 0.243490 0.018555
0 0.631510 0.860840 0.200521 0.020508
0 0.303385 0.809570 0.106771 0.019531
0 0.697266 0.802246 0.076823 0.016602
0 0.492188 0.339844 0.203125 0.023438
0 0.494792 0.425781 0.270833 0.031250
0 0.281250 0.453125 0.044271 0.017578
0 0.397135 0.453125 0.031250 0.017578
0 0.453125 0.452148 0.044271 0.019531
0 0.546875 0.453125 0.078125 0.023438
0 0.440104 0.499023 0.039062 0.015625
0 0.619792 0.524414 0.179688 0.019531
0 0.441406 0.547852 0.041667 0.015625
0 0.559896 0.547852 0.070312 0.019531
0 0.440104 0.598633 0.039062 0.015625
0 0.561198 0.596680 0.067708 0.019531
0 0.692708 0.596680 0.070312 0.019531
0 0.384766 0.625000 0.269531 0.027344
0 0.570312 0.624023 0.033854 0.019531
0 0.441406 0.648438 0.041667 0.013672
0 0.562500 0.647461 0.070312 0.019531
0 0.692708 0.647461 0.070312 0.019531
0 0.563802 0.674805 0.031250 0.019531
0 0.557292 0.698242 0.080729 0.019531
0 0.688802 0.697266 0.085938 0.023438
0 0.484375 0.727539 0.463542 0.025391
0 0.441406 0.750000 0.041667 0.013672
0 0.565104 0.749023 0.070312 0.019531
0 0.299479 0.808594 0.109375 0.023438
0 0.502604 0.831055 0.049479 0.019531
0 0.626302 0.900391 0.062500 0.013672
0 0.328776 0.454102 0.063567 0.027043
