0 0.468220 0.187012 0.139831 0.016602
0 0.461864 0.206055 0.542373 0.025391
0 0.472458 0.225586 0.423729 0.021484
0 0.477754 0.302734 0.252119 0.011719
0 0.746822 0.582031 0.091102 0.015625
0 0.529661 0.584961 0.148305 0.017578
0 0.355932 0.245117 0.055085 0.015625
0 0.222458 0.343750 0.059322 0.013672
0 0.262712 0.417969 0.131356 0.013672
0 0.239407 0.472656 0.084746 0.013672
0 0.741525 0.540039 0.088983 0.015625
0 0.527542 0.584961 0.152542 0.019531
0 0.750000 0.582031 0.088983 0.013672
0 0.493644 0.648438 0.067797 0.017578
0 0.508475 0.701172 0.309322 0.017578
0 0.274364 0.936035 0.451271 0.026367
