0 0.313802 0.208008 0.171875 0.033203
0 0.569661 0.161133 0.251302 0.023438
0 0.569661 0.188965 0.178385 0.020508
0 0.567057 0.213379 0.253906 0.022461
0 0.383464 0.301758 0.311198 0.025391
0 0.355469 0.504883 0.263021 0.019531
0 0.701172 0.512207 0.084635 0.018555
0 0.381510 0.301758 0.315104 0.029297
0 0.667969 0.306641 0.130208 0.019531
0 0.662760 0.330078 0.169271 0.023438
0 0.244792 0.369141 0.046875 0.023438
0 0.483073 0.375000 0.080729 0.023438
0 0.692708 0.375000 0.083333 0.023438
0 0.305990 0.416016 0.169271 0.023438
0 0.494792 0.418945 0.080729 0.019531
0 0.242188 0.435547 0.046875 0.023438
0 0.683594 0.444336 0.041667 0.019531
0 0.302734 0.460449 0.170573 0.026367
0 0.493490 0.463867 0.078125 0.019531
0 0.309896 0.504883 0.182292 0.025391
0 0.701823 0.512695 0.083333 0.019531
0 0.701823 0.559570 0.083333 0.019531
0 0.701823 0.606445 0.083333 0.019531
0 0.644531 0.725586 0.200521 0.029297
0 0.446615 0.791992 0.257812 0.029297
0 0.300130 0.369141 0.065955 0.030859
0 0.297526 0.437500 0.065955 0.030859
