0 0.381836 0.176061 0.103516 0.028551
0 0.383789 0.192533 0.197266 0.042460
0 0.375977 0.229136 0.341797 0.048316
0 0.380371 0.261347 0.336914 0.045388
0 0.395508 0.279283 0.232422 0.034407
0 0.392090 0.298682 0.282227 0.038067
0 0.540039 0.409590 0.070312 0.019766
0 0.339355 0.526720 0.221680 0.030015
0 0.548828 0.512079 0.082031 0.024158
0 0.353027 0.181186 0.057617 0.021230
0 0.348145 0.217423 0.047852 0.019034
0 0.495605 0.216691 0.053711 0.020498
0 0.375000 0.232796 0.093750 0.023426
0 0.229492 0.243777 0.039062 0.014641
0 0.375000 0.251098 0.037109 0.014641
0 0.425781 0.243777 0.031250 0.019034
0 0.222656 0.275988 0.021484 0.011713
0 0.475586 0.274524 0.072266 0.021962
0 0.286133 0.304539 0.056641 0.017570
0 0.303711 0.320644 0.060547 0.017570
0 0.304199 0.337848 0.079102 0.019766
0 0.414062 0.366398 0.076172 0.021230
0 0.266602 0.393119 0.095703 0.019034
0 0.444824 0.415447 0.096680 0.022694
0 0.243164 0.444363 0.042969 0.014641
0 0.333008 0.438507 0.126953 0.021962
0 0.441406 0.467423 0.166016 0.027086
0 0.570312 0.459736 0.023438 0.017570
0 0.290527 0.474744 0.137695 0.027086
0 0.375000 0.523426 0.148438 0.021962
0 0.250000 0.531479 0.042969 0.017570
0 0.287109 0.530747 0.021484 0.011713
0 0.296875 0.546120 0.042969 0.017570
0 0.385742 0.540996 0.126953 0.021962
0 0.337891 0.580527 0.216797 0.029283
0 0.569824 0.598829 0.061523 0.021962
0 0.307617 0.635432 0.033203 0.017570
0 0.267578 0.657394 0.027344 0.017570
0 0.296875 0.657394 0.021484 0.013177
0 0.490234 0.698389 0.042969 0.017570
0 0.362305 0.707174 0.210938 0.030747
0 0.320312 0.766471 0.136719 0.021962
0 0.558594 0.770132 0.035156 0.017570
0 0.303223 0.786603 0.047852 0.019766
0 0.600586 0.807467 0.052734 0.019034
0 0.271484 0.910688 0.074219 0.020498
0 0.267578 0.953148 0.074219 0.020498
0 0.453125 0.183382 0.064902 0.026449
0 0.348633 0.198755 0.044266 0.022497
0 0.448242 0.202050 0.096821 0.029594
0 0.445801 0.221816 0.052075 0.020499
0 0.526855 0.248536 0.055008 0.021954
0 0.499023 0.360542 0.073885 0.022975
0 0.335449 0.370059 0.056816 0.021821
0 0.539551 0.461567 0.038634 0.021761
0 0.328613 0.956076 0.051445 0.026129
0 0.382324 0.958638 0.061331 0.026874
