0 0.508789 0.221245 0.312500 0.035165
0 0.506348 0.250916 0.641602 0.044689
0 0.737305 0.403663 0.208984 0.024908
0 0.261230 0.799267 0.258789 0.039560
0 0.821289 0.798535 0.117188 0.027839
0 0.510254 0.221978 0.321289 0.036630
0 0.733398 0.258608 0.191406 0.026374
0 0.182617 0.479121 0.046875 0.027839
0 0.489258 0.487179 0.113281 0.029304
0 0.489258 0.565568 0.093750 0.030769
0 0.813965 0.567399 0.100586 0.035897
0 0.814453 0.654212 0.117188 0.036630
0 0.405273 0.700000 0.099609 0.044689
0 0.488281 0.745055 0.099609 0.032234
0 0.214355 0.801099 0.178711 0.049084
0 0.824219 0.800000 0.125000 0.036630
0 0.346191 0.800733 0.103948 0.048205
0 0.420410 0.872161 0.070381 0.037316
