0 0.509115 0.320801 0.247396 0.020508
0 0.508464 0.355469 0.305990 0.023438
0 0.679036 0.791504 0.259115 0.026367
0 0.265625 0.717773 0.140625 0.025391
0 0.772786 0.718750 0.087240 0.023438
0 0.460938 0.321289 0.151042 0.025391
0 0.588542 0.320312 0.088542 0.023438
0 0.218750 0.380859 0.052083 0.023438
0 0.513021 0.430664 0.335938 0.035156
0 0.246094 0.460938 0.054688 0.023438
0 0.391927 0.462891 0.039062 0.023438
0 0.460938 0.462891 0.057292 0.023438
0 0.575521 0.463867 0.098958 0.025391
0 0.717448 0.459961 0.138021 0.025391
0 0.458333 0.492676 0.494792 0.028320
0 0.444010 0.520508 0.046875 0.015625
0 0.593750 0.519531 0.083333 0.023438
0 0.760417 0.519531 0.088542 0.023438
0 0.444010 0.581055 0.052083 0.019531
0 0.595052 0.583008 0.085938 0.025391
0 0.761719 0.582031 0.091146 0.023438
0 0.330729 0.616211 0.255208 0.027344
0 0.772135 0.648438 0.075521 0.023438
0 0.250651 0.687500 0.113281 0.027344
0 0.261068 0.715820 0.141927 0.029297
0 0.772135 0.717773 0.091146 0.025391
0 0.289714 0.743164 0.199219 0.029297
0 0.524740 0.747070 0.059896 0.025391
0 0.513021 0.824219 0.177083 0.031250
0 0.380859 0.354492 0.058277 0.025040
0 0.305990 0.463867 0.077803 0.032862
