0 0.324653 0.125977 0.187500 0.042969
0 0.598958 0.100098 0.263889 0.024414
0 0.598958 0.121094 0.201389 0.015625
0 0.395833 0.197754 0.343750 0.034180
0 0.358507 0.411621 0.307292 0.030273
0 0.746528 0.416992 0.097222 0.019531
0 0.244792 0.246094 0.048611 0.017578
0 0.763889 0.289062 0.052083 0.017578
0 0.257812 0.300781 0.092014 0.019531
0 0.304688 0.320312 0.189236 0.025391
0 0.515625 0.327148 0.090278 0.015625
0 0.299479 0.375488 0.192708 0.024414
0 0.748264 0.455078 0.097222 0.017578
0 0.748264 0.473633 0.097222 0.019531
0 0.368056 0.488281 0.097222 0.023438
0 0.461806 0.491211 0.072917 0.015625
0 0.314236 0.567383 0.253472 0.025391
0 0.678819 0.574219 0.236111 0.017578
0 0.669271 0.632324 0.265625 0.026367
0 0.647569 0.696289 0.069444 0.019531
0 0.611111 0.717773 0.381944 0.025391
0 0.449653 0.779297 0.309028 0.023438
0 0.699653 0.784180 0.173611 0.019531
0 0.289062 0.922363 0.449653 0.030273
0 0.112847 0.947266 0.086806 0.023438
0 0.328993 0.946289 0.182292 0.025391
0 0.256076 0.193359 0.067441 0.023025
0 0.766493 0.416504 0.058054 0.022906
0 0.282118 0.486328 0.077752 0.027043
0 0.530382 0.493652 0.053306 0.022011
0 0.566840 0.694336 0.091747 0.027043
0 0.196181 0.946289 0.096727 0.032862
