0 0.491536 0.279297 0.269531 0.027344
0 0.486328 0.313477 0.329427 0.025391
0 0.664062 0.797852 0.286458 0.031250
0 0.204427 0.706055 0.156250 0.027344
0 0.758464 0.711914 0.108073 0.023438
0 0.489583 0.279785 0.265625 0.028320
0 0.513021 0.313477 0.276042 0.029297
0 0.171875 0.336914 0.049479 0.019531
0 0.195312 0.422852 0.057292 0.025391
0 0.354167 0.426758 0.041667 0.025391
0 0.430990 0.427734 0.059896 0.023438
0 0.557292 0.432617 0.109375 0.029297
0 0.712240 0.430664 0.148438 0.025391
0 0.473307 0.459473 0.639323 0.040039
0 0.313802 0.487305 0.036458 0.019531
0 0.408854 0.489258 0.054688 0.019531
0 0.583333 0.493164 0.078125 0.025391
0 0.750000 0.564453 0.114583 0.027344
0 0.419922 0.597168 0.558594 0.038086
0 0.730469 0.600586 0.044271 0.025391
0 0.402344 0.627930 0.057292 0.019531
0 0.566406 0.632812 0.117188 0.027344
0 0.222656 0.672852 0.049479 0.025391
0 0.342448 0.677734 0.039062 0.023438
0 0.235026 0.706055 0.082031 0.035156
0 0.761719 0.713867 0.117188 0.029297
0 0.229167 0.736328 0.213542 0.031250
0 0.484375 0.746094 0.067708 0.027344
0 0.479167 0.836914 0.205729 0.035156
0 0.455729 0.862305 0.497396 0.035156
0 0.348307 0.310547 0.068594 0.030859
0 0.259766 0.427246 0.081630 0.035850
0 0.617188 0.530762 0.066461 0.029483
