0 0.450212 0.174805 0.171610 0.019531
0 0.438559 0.196777 0.601695 0.022461
0 0.457627 0.218750 0.474576 0.021484
0 0.458686 0.308594 0.281780 0.011719
0 0.486229 0.582031 0.163136 0.015625
0 0.741525 0.578125 0.093220 0.013672
0 0.161017 0.195312 0.059322 0.023438
0 0.631356 0.196289 0.228814 0.025391
0 0.544492 0.291016 0.059322 0.013672
0 0.699153 0.411133 0.148305 0.015625
0 0.292373 0.478516 0.309322 0.017578
0 0.741525 0.534180 0.097458 0.015625
0 0.745763 0.579102 0.097458 0.015625
0 0.457627 0.606445 0.207627 0.015625
0 0.480932 0.708984 0.343220 0.023438
0 0.274364 0.936035 0.451271 0.026367
