0 0.485677 0.492676 0.179688 0.016602
0 0.483724 0.518555 0.225260 0.017578
0 0.608724 0.823242 0.186198 0.019531
0 0.324219 0.765625 0.138021 0.015625
0 0.671875 0.767090 0.072917 0.012695
0 0.486328 0.493164 0.186198 0.019531
0 0.269531 0.541016 0.036458 0.013672
0 0.486979 0.575195 0.250000 0.029297
0 0.398438 0.600586 0.028646 0.015625
0 0.450521 0.599609 0.044271 0.017578
0 0.536458 0.600586 0.070312 0.019531
0 0.462891 0.623047 0.407552 0.025391
0 0.549479 0.642578 0.065104 0.017578
0 0.669271 0.643555 0.065104 0.019531
0 0.430339 0.669922 0.347656 0.027344
0 0.549479 0.689453 0.065104 0.017578
0 0.671875 0.691406 0.065104 0.017578
0 0.324219 0.765625 0.148438 0.023438
0 0.315104 0.791016 0.145833 0.023438
0 0.670573 0.791992 0.078125 0.019531
0 0.489583 0.822266 0.437500 0.023438
0 0.489583 0.847656 0.135417 0.023438
0 0.491536 0.763672 0.048748 0.021649
