0 0.294915 0.237500 0.176271 0.021875
0 0.566949 0.206250 0.266102 0.015625
0 0.571186 0.221484 0.183051 0.014844
0 0.569492 0.236719 0.257627 0.015625
0 0.372034 0.294922 0.340678 0.016406
0 0.353390 0.414062 0.293220 0.010937
0 0.736441 0.412891 0.093220 0.010156
0 0.510169 0.296094 0.067797 0.012500
0 0.296610 0.369531 0.183051 0.012500
0 0.735593 0.412500 0.105085 0.014063
0 0.318644 0.429688 0.237288 0.018750
0 0.357627 0.477344 0.047458 0.012500
0 0.369492 0.490625 0.108475 0.018750
0 0.688983 0.520312 0.232203 0.015625
0 0.525424 0.536719 0.077966 0.015625
0 0.683898 0.551562 0.252542 0.020313
0 0.227119 0.623437 0.050847 0.014063
0 0.633898 0.618750 0.372881 0.018750
0 0.290678 0.937109 0.449153 0.025781
0 0.244068 0.956250 0.352542 0.021875
0 0.404237 0.654297 0.059693 0.019911
