0 0.460286 0.266113 0.321615 0.028320
0 0.457682 0.310059 0.402344 0.032227
0 0.710938 0.809570 0.354167 0.039062
0 0.126953 0.712891 0.196615 0.035156
0 0.819010 0.698730 0.140625 0.030273
0 0.461589 0.267578 0.329427 0.039062
0 0.069010 0.342773 0.059896 0.025391
0 0.466146 0.405273 0.453125 0.048828
0 0.304688 0.450195 0.052083 0.029297
0 0.402344 0.452148 0.075521 0.029297
0 0.527344 0.452148 0.075521 0.029297
0 0.746094 0.442383 0.187500 0.039062
0 0.317057 0.489746 0.535156 0.040039
0 0.376302 0.525391 0.070312 0.023438
0 0.574219 0.525391 0.132812 0.031250
0 0.797526 0.517090 0.144531 0.038086
0 0.439453 0.570312 0.798177 0.046875
0 0.815755 0.604980 0.126302 0.040039
0 0.102214 0.674805 0.160156 0.046875
0 0.316406 0.673828 0.020833 0.021484
0 0.119792 0.713867 0.195312 0.042969
0 0.162760 0.752930 0.276042 0.039062
0 0.484375 0.751953 0.083333 0.031250
0 0.481771 0.863281 0.252604 0.041016
0 0.458333 0.897461 0.617188 0.042969
0 0.591797 0.450684 0.067955 0.041510
0 0.619141 0.488281 0.078529 0.037537
