0 0.166102 0.400391 0.305085 0.039844
0 0.605085 0.348438 0.454237 0.031250
0 0.611017 0.375000 0.367797 0.026562
0 0.608475 0.400391 0.372881 0.032031
0 0.184746 0.475000 0.338983 0.021875
0 0.764407 0.474609 0.325424 0.021094
0 0.762712 0.475781 0.325424 0.023438
0 0.474576 0.500000 0.305085 0.021875
0 0.106780 0.526563 0.179661 0.025000
0 0.786441 0.523438 0.284746 0.021875
0 0.176271 0.551562 0.318644 0.025000
0 0.174576 0.576562 0.322034 0.025000
0 0.290678 0.936328 0.449153 0.024219
0 0.787288 0.352734 0.105730 0.033353
0 0.748305 0.378516 0.099285 0.030267
