0 0.353027 0.165081 0.172852 0.046120
0 0.601562 0.116398 0.205078 0.035139
0 0.598633 0.144949 0.275391 0.042460
0 0.598633 0.173133 0.160156 0.037335
0 0.415527 0.254026 0.311523 0.038067
0 0.370117 0.439971 0.271484 0.052709
0 0.706543 0.456442 0.106445 0.027086
0 0.380371 0.252928 0.223633 0.027086
0 0.528320 0.256955 0.060547 0.019034
0 0.692871 0.260249 0.143555 0.027086
0 0.681641 0.284041 0.164062 0.023426
0 0.510742 0.323572 0.089844 0.027818
0 0.607422 0.326501 0.027344 0.017570
0 0.717773 0.330161 0.076172 0.021962
0 0.671875 0.350659 0.039062 0.019034
0 0.334473 0.355783 0.159180 0.023426
0 0.710938 0.374817 0.078125 0.020498
0 0.328613 0.397145 0.163086 0.030015
0 0.465820 0.386530 0.076172 0.023426
0 0.691406 0.395315 0.062500 0.020498
0 0.462402 0.448755 0.073242 0.021962
0 0.425781 0.467789 0.054688 0.021962
0 0.301758 0.502928 0.105469 0.026354
0 0.279785 0.523792 0.071289 0.022694
0 0.484375 0.576135 0.318359 0.032211
0 0.247070 0.635432 0.060547 0.023426
0 0.291016 0.638360 0.013672 0.016105
0 0.634766 0.675329 0.226562 0.032943
0 0.687500 0.775256 0.109375 0.021962
0 0.656738 0.848097 0.153320 0.027086
0 0.534668 0.389824 0.061193 0.028362
0 0.408691 0.619327 0.064937 0.030509
