0 0.463983 0.210938 0.199153 0.027344
0 0.462924 0.237793 0.739407 0.024414
0 0.457627 0.263184 0.563559 0.024414
0 0.462924 0.369629 0.341102 0.016602
0 0.506356 0.647949 0.190678 0.018555
0 0.789195 0.646973 0.103814 0.020508
0 0.296610 0.237305 0.423729 0.029297
0 0.614407 0.261719 0.271186 0.031250
0 0.305085 0.287109 0.076271 0.023438
0 0.565678 0.347656 0.067797 0.017578
0 0.379237 0.369141 0.050847 0.017578
0 0.463983 0.369141 0.084746 0.017578
0 0.546610 0.369141 0.046610 0.017578
0 0.610169 0.369141 0.046610 0.017578
0 0.135593 0.444336 0.122881 0.019531
0 0.139831 0.494141 0.144068 0.023438
0 0.783898 0.545898 0.114407 0.019531
0 0.783898 0.592773 0.114407 0.019531
0 0.504237 0.618164 0.203390 0.025391
0 0.504237 0.647461 0.203390 0.025391
0 0.788136 0.647461 0.114407 0.019531
0 0.468220 0.810547 0.411017 0.023438
0 0.274364 0.936035 0.451271 0.026367
0 0.228814 0.957031 0.355932 0.023438
0 0.551907 0.592773 0.112005 0.027043
