0 0.397786 0.124023 0.261719 0.023438
0 0.393880 0.148926 0.326823 0.030273
0 0.647786 0.872559 0.358073 0.055664
0 0.091146 0.520996 0.135417 0.032227
0 0.705729 0.510254 0.127604 0.030273
0 0.104167 0.247070 0.054688 0.019531
0 0.268229 0.250000 0.041667 0.023438
0 0.346354 0.250977 0.059896 0.019531
0 0.475260 0.253906 0.106771 0.027344
0 0.325521 0.306641 0.054688 0.017578
0 0.686849 0.301270 0.082031 0.026367
0 0.319010 0.339844 0.533854 0.027344
0 0.505208 0.371094 0.093750 0.027344
0 0.106771 0.401367 0.125000 0.025391
0 0.221354 0.400391 0.041667 0.023438
0 0.325521 0.399414 0.059896 0.019531
0 0.510417 0.402344 0.078125 0.027344
0 0.132812 0.446289 0.052083 0.025391
0 0.265625 0.447266 0.041667 0.023438
0 0.105469 0.476562 0.166667 0.037109
0 0.091797 0.523438 0.152344 0.039062
0 0.135417 0.553711 0.242188 0.035156
0 0.417969 0.551758 0.075521 0.029297
0 0.678385 0.547852 0.065104 0.029297
0 0.082031 0.615234 0.127604 0.031250
0 0.292318 0.612305 0.240885 0.037109
0 0.167969 0.655762 0.312500 0.038086
0 0.773438 0.674805 0.046875 0.029297
0 0.763021 0.805664 0.122396 0.039062
0 0.190104 0.824219 0.380208 0.046875
0 0.422526 0.933105 0.251302 0.047852
0 0.169922 0.248535 0.084452 0.033860
0 0.068359 0.445312 0.086886 0.034856
