0 0.334961 0.447266 0.029297 0.430990
0 0.359863 0.446615 0.020508 0.054688
0 0.388672 0.445312 0.027344 0.458333
0 0.410645 0.443359 0.020508 0.165365
0 0.693359 0.576823 0.027344 0.208333
0 0.687012 0.251302 0.022461 0.111979
0 0.747070 0.210938 0.015625 0.028646
0 0.604492 0.326823 0.015625 0.031250
0 0.799805 0.355469 0.015625 0.036458
0 0.334961 0.407552 0.025391 0.075521
0 0.409180 0.388021 0.015625 0.049479
0 0.595703 0.399740 0.013672 0.031250
0 0.842773 0.449219 0.015625 0.078125
0 0.534180 0.554036 0.017578 0.154948
0 0.560547 0.565104 0.013672 0.070312
0 0.691406 0.573568 0.025391 0.082031
0 0.752441 0.593099 0.024414 0.100260
0 0.537109 0.664062 0.013672 0.049479
