0 0.279514 0.204102 0.232639 0.035156
0 0.615451 0.155273 0.265625 0.021484
0 0.618056 0.179688 0.357639 0.019531
0 0.618924 0.204102 0.272569 0.021484
0 0.375000 0.296875 0.420139 0.021484
0 0.348958 0.451660 0.357639 0.024414
0 0.808160 0.445801 0.123264 0.022461
0 0.279514 0.205078 0.229167 0.041016
0 0.524306 0.361328 0.125000 0.023438
0 0.663194 0.362305 0.038194 0.015625
0 0.810764 0.357422 0.114583 0.023438
0 0.336806 0.385742 0.340278 0.025391
0 0.279514 0.408203 0.225694 0.023438
0 0.532986 0.406250 0.107639 0.023438
0 0.814236 0.448242 0.111111 0.019531
0 0.817708 0.494141 0.114583 0.023438
0 0.817708 0.516602 0.111111 0.019531
0 0.273438 0.542969 0.217014 0.027344
0 0.593750 0.729492 0.555556 0.025391
0 0.289062 0.922363 0.449653 0.030273
0 0.111979 0.946289 0.092014 0.027344
0 0.330729 0.946289 0.185764 0.025391
0 0.401910 0.705078 0.064285 0.025829
0 0.196181 0.946289 0.096727 0.032862
