0 0.501465 0.159890 0.309570 0.020879
0 0.484863 0.174176 0.458008 0.020879
0 0.780762 0.307418 0.282227 0.026923
0 0.162109 0.660714 0.253906 0.020330
0 0.814453 0.665110 0.136719 0.033516
0 0.490234 0.197802 0.191406 0.017582
0 0.483398 0.262637 0.369141 0.028571
0 0.160645 0.300275 0.233398 0.023626
0 0.779785 0.310714 0.288086 0.033516
0 0.089844 0.374176 0.105469 0.023077
0 0.224609 0.407143 0.378906 0.027473
0 0.098633 0.437363 0.125000 0.023077
0 0.061523 0.487363 0.050781 0.021978
0 0.453125 0.489560 0.130859 0.024176
0 0.212891 0.533242 0.349609 0.024725
0 0.049805 0.566484 0.015625 0.013187
0 0.450684 0.562912 0.098633 0.022527
0 0.828125 0.576374 0.119141 0.021978
0 0.123047 0.633242 0.175781 0.029121
0 0.161133 0.661813 0.244141 0.026923
0 0.803223 0.695055 0.131836 0.027473
0 0.095703 0.717582 0.099609 0.020879
0 0.810059 0.724176 0.110352 0.023077
0 0.541504 0.178571 0.073091 0.019611
0 0.190918 0.376923 0.106026 0.032860
0 0.788574 0.612912 0.082431 0.028978
0 0.540527 0.735165 0.072975 0.028462
0 0.458496 0.737088 0.094459 0.023227
