0 0.404237 0.437891 0.672881 0.027344
0 0.488136 0.410547 0.572881 0.024219
0 0.348305 0.519141 0.557627 0.021094
0 0.222034 0.660937 0.366102 0.023438
0 0.819492 0.657031 0.167797 0.020313
0 0.435593 0.410938 0.481356 0.032813
0 0.147458 0.440625 0.166102 0.021875
0 0.481356 0.439844 0.511864 0.031250
0 0.159322 0.471094 0.183051 0.023438
0 0.369492 0.471094 0.108475 0.023438
0 0.213559 0.496094 0.301695 0.028125
0 0.530508 0.494531 0.301695 0.023438
0 0.233898 0.520312 0.335593 0.029687
0 0.532203 0.519531 0.183051 0.023438
0 0.146610 0.549219 0.171186 0.023438
0 0.432203 0.548438 0.057627 0.021875
0 0.533898 0.546094 0.071186 0.020313
0 0.655932 0.545312 0.057627 0.018750
0 0.796610 0.544531 0.196610 0.020313
0 0.559322 0.574219 0.128814 0.020313
0 0.231356 0.633203 0.384746 0.028906
0 0.871186 0.629687 0.061017 0.021875
0 0.290678 0.936328 0.449153 0.024219
0 0.244068 0.956250 0.352542 0.021875
0 0.719492 0.410547 0.102017 0.030788
0 0.282203 0.470313 0.071758 0.024688
