0 0.261285 0.207031 0.220486 0.035156
0 0.579861 0.150391 0.263889 0.017578
0 0.582465 0.174316 0.345486 0.024414
0 0.585069 0.200195 0.267361 0.019531
0 0.353299 0.289551 0.411458 0.018555
0 0.332465 0.437500 0.348958 0.021484
0 0.776042 0.431152 0.114583 0.018555
0 0.260417 0.207031 0.218750 0.037109
0 0.220486 0.312500 0.135417 0.023438
0 0.265625 0.398438 0.218750 0.023438
0 0.777778 0.389648 0.100694 0.019531
0 0.454861 0.438477 0.100694 0.019531
0 0.781250 0.433594 0.104167 0.023438
0 0.276042 0.484375 0.239583 0.027344
0 0.786458 0.476562 0.107639 0.023438
0 0.501736 0.547852 0.427083 0.029297
0 0.290799 0.922363 0.453125 0.030273
0 0.112847 0.947266 0.086806 0.023438
0 0.328993 0.946289 0.182292 0.025391
0 0.196181 0.946289 0.096727 0.032862
