0 0.165799 0.354980 0.262153 0.038086
0 0.546007 0.296387 0.362847 0.043945
0 0.550347 0.325684 0.256944 0.030273
0 0.547743 0.349121 0.373264 0.040039
0 0.180556 0.431641 0.298611 0.023438
0 0.690972 0.418945 0.291667 0.037109
0 0.185764 0.434570 0.295139 0.025391
0 0.440972 0.455078 0.263889 0.027344
0 0.710938 0.469238 0.258681 0.036133
0 0.123264 0.485352 0.163194 0.025391
0 0.211806 0.536133 0.222222 0.025391
0 0.289062 0.922363 0.449653 0.030273
0 0.110243 0.945801 0.095486 0.028320
0 0.330729 0.945312 0.185764 0.027344
0 0.196181 0.946289 0.096727 0.032862
