0 0.318576 0.215820 0.178819 0.027344
0 0.586806 0.180664 0.190972 0.015625
0 0.585069 0.199219 0.246528 0.017578
0 0.585069 0.217285 0.208333 0.016602
0 0.394965 0.286621 0.345486 0.016602
0 0.368924 0.409668 0.293403 0.020508
0 0.728299 0.410645 0.109375 0.020508
0 0.284722 0.340820 0.114583 0.015625
0 0.522569 0.340820 0.048611 0.019531
0 0.315972 0.375977 0.177083 0.015625
0 0.468750 0.413086 0.086806 0.015625
0 0.734375 0.448242 0.097222 0.015625
0 0.293403 0.463867 0.118056 0.019531
0 0.736111 0.465820 0.093750 0.015625
0 0.309028 0.483398 0.170139 0.019531
0 0.290799 0.922363 0.453125 0.030273
0 0.330729 0.945312 0.185764 0.027344
0 0.111979 0.945801 0.094972 0.029854
0 0.196181 0.946289 0.096727 0.032862
