0 0.468099 0.209961 0.233073 0.033203
0 0.469401 0.237793 0.292969 0.038086
0 0.686198 0.804199 0.268229 0.038086
0 0.771484 0.689941 0.092448 0.024414
0 0.248047 0.711426 0.131510 0.026367
0 0.468099 0.210449 0.240885 0.038086
0 0.478516 0.303223 0.326823 0.049805
0 0.428385 0.336914 0.052083 0.019531
0 0.540365 0.329102 0.096354 0.025391
0 0.649740 0.322266 0.083333 0.025391
0 0.256510 0.342773 0.117188 0.025391
0 0.361979 0.339844 0.036458 0.023438
0 0.688802 0.347656 0.117188 0.027344
0 0.600260 0.354492 0.070312 0.025391
0 0.561849 0.382812 0.087240 0.031250
0 0.705729 0.431641 0.036458 0.023438
0 0.567708 0.440430 0.083333 0.025391
0 0.580729 0.499023 0.072917 0.025391
0 0.745443 0.489746 0.079427 0.030273
0 0.587240 0.560547 0.070312 0.027344
0 0.755859 0.551758 0.079427 0.029297
0 0.763021 0.585938 0.041667 0.023438
0 0.427083 0.629883 0.049479 0.019531
0 0.585938 0.625000 0.088542 0.027344
0 0.759115 0.618164 0.091146 0.025391
0 0.246745 0.710938 0.139323 0.031250
0 0.279948 0.738281 0.195312 0.031250
0 0.513021 0.732422 0.062500 0.023438
0 0.769531 0.756836 0.106771 0.025391
0 0.272135 0.775391 0.200521 0.027344
0 0.518229 0.840820 0.182292 0.029297
0 0.334635 0.870117 0.098958 0.019531
0 0.682292 0.855469 0.083333 0.025391
0 0.533854 0.359375 0.068608 0.021061
0 0.722005 0.372070 0.089176 0.029788
0 0.585286 0.413086 0.057257 0.023563
0 0.525391 0.417969 0.070089 0.021061
0 0.617839 0.859863 0.051204 0.022605
