0 0.195312 0.164551 0.234375 0.030273
0 0.540799 0.114258 0.269097 0.023438
0 0.546007 0.139160 0.352431 0.022461
0 0.544271 0.164551 0.272569 0.018555
0 0.298611 0.258301 0.434028 0.018555
0 0.281250 0.421387 0.385417 0.022461
0 0.767361 0.413574 0.111111 0.024414
0 0.163194 0.329102 0.152778 0.025391
0 0.464410 0.325684 0.130208 0.028320
0 0.604167 0.325195 0.038194 0.019531
0 0.111111 0.352539 0.038194 0.019531
0 0.207465 0.375977 0.237847 0.027344
0 0.475694 0.373047 0.111111 0.023438
0 0.770833 0.462891 0.111111 0.023438
0 0.190972 0.497070 0.152778 0.025391
0 0.470486 0.540039 0.458333 0.035156
0 0.468750 0.612305 0.482639 0.035156
0 0.137153 0.646484 0.065972 0.023438
0 0.449653 0.712891 0.368056 0.037109
0 0.182292 0.721680 0.156250 0.025391
0 0.290799 0.922363 0.453125 0.030273
0 0.110243 0.945801 0.095486 0.028320
0 0.330729 0.946289 0.185764 0.025391
0 0.196181 0.946289 0.096727 0.032862
