0 0.265254 0.184766 0.194915 0.024219
0 0.533051 0.144922 0.184746 0.019531
0 0.538136 0.159766 0.293220 0.024219
0 0.354237 0.241016 0.332203 0.021094
0 0.533898 0.178125 0.227119 0.023438
0 0.359322 0.473828 0.298305 0.024219
0 0.728814 0.466016 0.098305 0.017969
0 0.240678 0.258594 0.111864 0.015625
0 0.723729 0.303906 0.047458 0.012500
0 0.282203 0.316016 0.181356 0.019531
0 0.725424 0.317969 0.050847 0.015625
0 0.711864 0.348438 0.088136 0.018750
0 0.287288 0.360547 0.177966 0.019531
0 0.510169 0.355469 0.047458 0.012500
0 0.716949 0.377344 0.081356 0.015625
0 0.292373 0.389844 0.181356 0.020313
0 0.328814 0.403906 0.057627 0.012500
0 0.650847 0.395313 0.094915 0.018750
0 0.227119 0.407031 0.044068 0.012500
0 0.738983 0.407031 0.050847 0.015625
0 0.295763 0.419531 0.181356 0.020313
0 0.299153 0.448828 0.181356 0.021094
0 0.520339 0.443750 0.047458 0.014063
0 0.747458 0.466406 0.047458 0.015625
0 0.737288 0.482031 0.047458 0.015625
0 0.742373 0.542188 0.084746 0.014063
0 0.606780 0.560156 0.142373 0.020313
0 0.379661 0.565625 0.101695 0.018750
0 0.734746 0.587109 0.106780 0.016406
0 0.361017 0.598437 0.200000 0.018750
0 0.737288 0.617969 0.115254 0.015625
0 0.624576 0.621094 0.127119 0.018750
0 0.511864 0.671094 0.372881 0.023438
0 0.654237 0.681250 0.298305 0.021875
0 0.346610 0.690625 0.225424 0.021875
0 0.631356 0.729297 0.228814 0.022656
0 0.438136 0.734766 0.164407 0.022656
0 0.290678 0.937109 0.449153 0.025781
0 0.244068 0.956250 0.352542 0.021875
0 0.277119 0.376172 0.050323 0.015139
0 0.775424 0.724609 0.050323 0.015139
