0 0.460938 0.233398 0.411458 0.019531
0 0.402778 0.257324 0.475694 0.020508
0 0.361979 0.330566 0.394097 0.018555
0 0.276910 0.478027 0.248264 0.016602
0 0.698785 0.473633 0.112847 0.015625
0 0.267361 0.307617 0.211806 0.019531
0 0.494792 0.307617 0.215278 0.019531
0 0.498264 0.329102 0.131944 0.019531
0 0.218750 0.379883 0.142361 0.019531
0 0.704861 0.400391 0.111111 0.023438
0 0.737847 0.448242 0.041667 0.019531
0 0.276042 0.477539 0.260417 0.025391
0 0.439236 0.505859 0.413194 0.031250
0 0.289062 0.922363 0.449653 0.030273
0 0.110243 0.945801 0.095486 0.028320
0 0.330729 0.946289 0.185764 0.025391
0 0.196181 0.946289 0.096727 0.032862
