0 0.283854 0.237305 0.119792 0.019531
0 0.668403 0.230469 0.083333 0.017578
0 0.583333 0.254395 0.270833 0.020508
0 0.620660 0.402344 0.206597 0.025391
0 0.326389 0.631836 0.166667 0.033203
0 0.708333 0.625977 0.055556 0.025391
0 0.635417 0.650391 0.194444 0.023438
0 0.456597 0.456055 0.211806 0.025391
0 0.703125 0.630859 0.052083 0.023438
0 0.289062 0.922363 0.449653 0.030273
0 0.110243 0.945801 0.095486 0.028320
0 0.330729 0.946289 0.185764 0.025391
0 0.196181 0.946289 0.096727 0.032862
