0 0.524740 0.413574 0.234375 0.028320
0 0.526042 0.436523 0.471354 0.042969
0 0.695964 0.541016 0.160156 0.033203
0 0.399740 0.837402 0.190104 0.043945
0 0.751953 0.839844 0.100260 0.035156
0 0.523438 0.413086 0.234375 0.029297
0 0.529948 0.671875 0.065104 0.023438
0 0.744792 0.670898 0.083333 0.025391
0 0.316406 0.685547 0.033854 0.023438
0 0.726562 0.733398 0.033854 0.019531
0 0.341146 0.845703 0.067708 0.023438
0 0.325521 0.777832 0.051016 0.028092
0 0.746094 0.838867 0.104066 0.038824
