0 0.494141 0.172852 0.339844 0.029297
0 0.486979 0.218262 0.408854 0.028320
0 0.719401 0.815918 0.355469 0.032227
0 0.149740 0.708496 0.169271 0.032227
0 0.843750 0.712402 0.109375 0.030273
0 0.490885 0.172852 0.335938 0.029297
0 0.445312 0.217773 0.330729 0.035156
0 0.102865 0.258789 0.059896 0.025391
0 0.493490 0.317383 0.455729 0.048828
0 0.138021 0.366211 0.067708 0.029297
0 0.329427 0.366211 0.049479 0.029297
0 0.423177 0.365234 0.075521 0.027344
0 0.579427 0.366211 0.135417 0.035156
0 0.770833 0.361328 0.182292 0.031250
0 0.376302 0.406250 0.575521 0.031250
0 0.838542 0.440430 0.098958 0.029297
0 0.615885 0.525391 0.096354 0.027344
0 0.149740 0.564453 0.143229 0.031250
0 0.278646 0.563477 0.046875 0.025391
0 0.614583 0.565430 0.098958 0.029297
0 0.835938 0.566406 0.119792 0.031250
0 0.135417 0.617676 0.148438 0.041992
0 0.325521 0.621094 0.046875 0.023438
0 0.184896 0.708984 0.067708 0.031250
0 0.188802 0.747070 0.255208 0.035156
0 0.507812 0.754883 0.083333 0.029297
0 0.845052 0.755859 0.122396 0.031250
0 0.467448 0.894531 0.598958 0.037109
0 0.651693 0.217285 0.086953 0.033860
0 0.216797 0.367188 0.102437 0.044665
0 0.108073 0.708496 0.103673 0.047629
