0 0.188136 0.380469 0.305085 0.035937
0 0.641525 0.330078 0.405085 0.022656
0 0.648305 0.357812 0.428814 0.023438
0 0.643220 0.385547 0.361017 0.024219
0 0.201695 0.457031 0.345763 0.028125
0 0.798305 0.461328 0.325424 0.025781
0 0.203390 0.459375 0.345763 0.025000
0 0.793220 0.460938 0.332203 0.025000
0 0.500000 0.484375 0.315254 0.025000
0 0.122034 0.510156 0.186441 0.028125
0 0.815254 0.511719 0.288136 0.023438
0 0.069492 0.535156 0.077966 0.023438
0 0.191525 0.559375 0.322034 0.025000
0 0.290678 0.936328 0.449153 0.024219
0 0.244068 0.957031 0.352542 0.020313
