0 0.505208 0.019043 0.268229 0.032227
0 0.496094 0.051270 0.333333 0.024414
0 0.727214 0.918457 0.316406 0.036133
0 0.216797 0.547852 0.149740 0.037109
0 0.813151 0.540039 0.134115 0.031250
0 0.496745 0.023926 0.261719 0.030273
0 0.503906 0.120117 0.364583 0.039062
0 0.252604 0.156250 0.130208 0.023438
0 0.371094 0.152344 0.039062 0.023438
0 0.447917 0.150391 0.062500 0.023438
0 0.572917 0.147461 0.109375 0.025391
0 0.401042 0.177734 0.447917 0.031250
0 0.598958 0.202148 0.093750 0.025391
0 0.226562 0.236328 0.114583 0.023438
0 0.428385 0.233398 0.052083 0.015625
0 0.779948 0.225586 0.096354 0.025391
0 0.464844 0.264648 0.598958 0.035156
0 0.919271 0.269531 0.041667 0.023438
0 0.247396 0.295898 0.171875 0.029297
0 0.612630 0.290527 0.084635 0.030273
0 0.947917 0.298828 0.104167 0.027344
0 0.218750 0.327148 0.119792 0.025391
0 0.329427 0.326172 0.036458 0.017578
0 0.427083 0.323242 0.054688 0.019531
0 0.611979 0.321289 0.083333 0.025391
0 0.955729 0.369141 0.088542 0.027344
0 0.242188 0.393555 0.177083 0.029297
0 0.619792 0.388672 0.083333 0.027344
0 0.957031 0.404297 0.085938 0.027344
0 0.212240 0.426758 0.122396 0.025391
0 0.428385 0.423828 0.059896 0.023438
0 0.617188 0.421875 0.083333 0.027344
0 0.805339 0.417969 0.105469 0.031250
0 0.242188 0.473633 0.052083 0.025391
0 0.369792 0.474609 0.041667 0.023438
0 0.217448 0.505859 0.161458 0.037109
0 0.809896 0.496094 0.125000 0.027344
0 0.207031 0.552734 0.145833 0.037109
0 0.250000 0.583984 0.229167 0.031250
0 0.238281 0.626953 0.242188 0.031250
0 0.826823 0.621094 0.106771 0.031250
0 0.203125 0.685547 0.119792 0.031250
0 0.402995 0.682129 0.233073 0.038086
0 0.170573 0.725586 0.057292 0.035156
0 0.421875 0.721191 0.216146 0.036133
0 0.859375 0.750977 0.041667 0.025391
0 0.225260 0.762695 0.169271 0.029297
0 0.260417 0.800781 0.236979 0.037109
0 0.263021 0.841309 0.242188 0.036133
0 0.196615 0.875000 0.096354 0.027344
0 0.364583 0.873047 0.247396 0.041016
0 0.527344 0.958008 0.210938 0.029297
0 0.253906 0.725098 0.129478 0.047567
