0 0.343750 0.193359 0.149306 0.021484
0 0.564236 0.162598 0.204861 0.014648
0 0.564236 0.179199 0.208333 0.012695
0 0.566840 0.194336 0.171875 0.013672
0 0.406250 0.252441 0.288194 0.014648
0 0.371528 0.502930 0.239583 0.017578
0 0.343750 0.193359 0.152778 0.027344
0 0.334201 0.340820 0.147569 0.017578
0 0.517361 0.343750 0.038194 0.013672
0 0.678819 0.345703 0.083333 0.013672
0 0.319444 0.385742 0.114583 0.015625
0 0.458333 0.386719 0.072917 0.013672
0 0.329861 0.400391 0.149306 0.013672
0 0.684028 0.404297 0.072917 0.013672
0 0.329861 0.430664 0.149306 0.017578
0 0.682292 0.433594 0.076389 0.013672
0 0.684028 0.449219 0.072917 0.013672
0 0.325521 0.475586 0.151042 0.017578
0 0.512153 0.477539 0.041667 0.015625
0 0.699653 0.478516 0.041667 0.013672
0 0.309028 0.536133 0.114583 0.015625
0 0.392361 0.537109 0.038194 0.013672
0 0.678819 0.539062 0.083333 0.013672
0 0.677083 0.554688 0.086806 0.013672
0 0.684028 0.570312 0.072917 0.013672
0 0.697917 0.649414 0.038194 0.011719
0 0.362847 0.693359 0.048611 0.013672
0 0.290799 0.922363 0.453125 0.030273
0 0.110243 0.946289 0.095486 0.027344
0 0.330729 0.946289 0.185764 0.025391
0 0.196181 0.946289 0.096727 0.032862
