0 0.449870 0.197754 0.266927 0.032227
0 0.444010 0.235352 0.325521 0.033203
0 0.634115 0.881348 0.307292 0.038086
0 0.188802 0.522461 0.156250 0.029297
0 0.710286 0.518066 0.126302 0.030273
0 0.447917 0.201660 0.252604 0.032227
0 0.397135 0.304688 0.244792 0.041016
0 0.169271 0.331055 0.057292 0.025391
0 0.320312 0.334961 0.041667 0.025391
0 0.394531 0.335938 0.059896 0.023438
0 0.514323 0.339844 0.101562 0.027344
0 0.656250 0.330566 0.145833 0.032227
0 0.374349 0.364258 0.493490 0.035156
0 0.375000 0.393555 0.054688 0.019531
0 0.524740 0.395508 0.101562 0.025391
0 0.420573 0.425781 0.588542 0.037109
0 0.371094 0.456055 0.052083 0.019531
0 0.165365 0.495117 0.111979 0.031250
0 0.180339 0.525879 0.141927 0.032227
0 0.708984 0.521484 0.113281 0.031250
0 0.208333 0.553711 0.203125 0.025391
0 0.447917 0.558594 0.062500 0.023438
0 0.720052 0.591797 0.101562 0.027344
0 0.160156 0.644531 0.106771 0.027344
0 0.339844 0.643555 0.200521 0.025391
0 0.346354 0.678711 0.072917 0.025391
0 0.755208 0.717773 0.041667 0.025391
0 0.136719 0.822266 0.085938 0.031250
0 0.730469 0.832031 0.106771 0.027344
0 0.208333 0.929688 0.046875 0.023438
0 0.436198 0.920410 0.208333 0.040039
0 0.479167 0.951172 0.377604 0.037109
0 0.231120 0.333496 0.081774 0.035850
0 0.270833 0.678223 0.088164 0.037834
