0 0.518880 0.159668 0.199219 0.026367
0 0.516927 0.184570 0.231771 0.021484
0 0.641276 0.906250 0.209635 0.023438
0 0.317708 0.645508 0.098958 0.019531
0 0.703125 0.651855 0.072917 0.014648
0 0.518880 0.159180 0.196615 0.029297
0 0.457031 0.183594 0.114583 0.017578
0 0.593750 0.188477 0.080729 0.015625
0 0.316406 0.262695 0.041667 0.019531
0 0.427083 0.268555 0.028646 0.015625
0 0.480469 0.270508 0.041667 0.015625
0 0.569010 0.273438 0.072917 0.017578
0 0.671875 0.272461 0.101562 0.019531
0 0.361979 0.287109 0.151042 0.023438
0 0.466146 0.314453 0.039062 0.013672
0 0.578125 0.316406 0.065104 0.017578
0 0.466146 0.359375 0.039062 0.013672
0 0.579427 0.364258 0.062500 0.015625
0 0.700521 0.364258 0.065104 0.015625
0 0.467448 0.385254 0.361979 0.030273
0 0.579427 0.411133 0.062500 0.015625
0 0.697917 0.410156 0.065104 0.017578
0 0.479167 0.431641 0.385417 0.027344
0 0.576823 0.456055 0.062500 0.019531
0 0.697917 0.456055 0.065104 0.019531
0 0.584635 0.501953 0.052083 0.017578
0 0.326823 0.519531 0.078125 0.017578
0 0.580729 0.522461 0.054688 0.019531
0 0.700521 0.524414 0.065104 0.015625
0 0.404948 0.545410 0.234375 0.020508
0 0.575521 0.546875 0.028646 0.017578
0 0.462240 0.567383 0.036458 0.015625
0 0.575521 0.568359 0.065104 0.017578
0 0.322917 0.616211 0.104167 0.025391
0 0.341146 0.666992 0.148438 0.019531
0 0.514323 0.671875 0.046875 0.017578
0 0.308594 0.733398 0.078125 0.019531
0 0.338542 0.758789 0.145833 0.025391
0 0.320312 0.785156 0.114583 0.023438
0 0.339844 0.836914 0.158854 0.025391
0 0.291667 0.863281 0.067708 0.023438
0 0.442708 0.866211 0.088542 0.025391
0 0.720052 0.870117 0.057292 0.019531
0 0.507812 0.933594 0.145833 0.027344
0 0.493490 0.954102 0.356771 0.029297
0 0.361328 0.266113 0.063597 0.028041
0 0.540365 0.547852 0.045001 0.019638
0 0.442057 0.760254 0.076683 0.028041
0 0.339844 0.982910 0.060651 0.051630
