0 0.501389 0.075391 0.336111 0.024219
0 0.512500 0.123828 0.630556 0.021094
0 0.510417 0.143359 0.601389 0.017969
0 0.497222 0.241016 0.247222 0.017969
0 0.383333 0.591406 0.222222 0.026562
0 0.776389 0.595703 0.138889 0.021094
0 0.519444 0.210938 0.302778 0.020313
0 0.244444 0.242188 0.133333 0.021875
0 0.254167 0.270313 0.158333 0.018750
0 0.455556 0.271094 0.183333 0.023438
0 0.294444 0.308594 0.050000 0.020313
0 0.590278 0.364844 0.086111 0.020313
0 0.790278 0.414844 0.086111 0.020313
0 0.780556 0.464062 0.105556 0.018750
0 0.580556 0.511719 0.105556 0.020313
0 0.776389 0.657031 0.130556 0.020313
0 0.776389 0.686719 0.130556 0.020313
0 0.191667 0.815625 0.061111 0.018750
0 0.529167 0.710547 0.076103 0.026800
