0 0.411458 0.092773 0.278646 0.042969
0 0.411458 0.131348 0.346354 0.041992
0 0.652344 0.777832 0.320312 0.040039
0 0.731120 0.435059 0.105469 0.032227
0 0.133464 0.458008 0.147135 0.037109
0 0.410807 0.096191 0.279948 0.038086
0 0.420573 0.208496 0.388021 0.051758
0 0.493490 0.240234 0.111979 0.027344
0 0.654948 0.231445 0.153646 0.029297
0 0.154948 0.254883 0.132812 0.025391
0 0.339844 0.307617 0.057292 0.019531
0 0.516927 0.301758 0.101562 0.029297
0 0.421875 0.343750 0.250000 0.027344
0 0.674479 0.331055 0.125000 0.029297
0 0.184896 0.349609 0.229167 0.037109
0 0.523438 0.370117 0.098958 0.029297
0 0.341146 0.374512 0.062500 0.024414
0 0.121094 0.429688 0.122396 0.031250
0 0.132812 0.460938 0.151042 0.031250
0 0.736328 0.471191 0.110677 0.036133
0 0.167969 0.490234 0.223958 0.037109
0 0.444010 0.481934 0.072917 0.028320
0 0.123698 0.551758 0.114583 0.035156
0 0.318359 0.542969 0.233073 0.041016
0 0.199219 0.587402 0.260417 0.041992
0 0.761719 0.643066 0.091146 0.032227
0 0.177083 0.665039 0.231771 0.035156
0 0.178385 0.706055 0.239583 0.039062
0 0.235677 0.740234 0.348958 0.041016
0 0.145833 0.794922 0.109375 0.031250
0 0.451823 0.825195 0.218750 0.039062
0 0.434896 0.855469 0.533854 0.037109
0 0.360026 0.244141 0.067943 0.028322
0 0.581380 0.336914 0.076156 0.032402
