0 0.492839 0.178223 0.194010 0.018555
0 0.488932 0.201172 0.235677 0.017578
0 0.616536 0.921875 0.199219 0.017578
0 0.281901 0.715332 0.115885 0.020508
0 0.695312 0.719727 0.085938 0.017578
0 0.492188 0.178711 0.190104 0.019531
0 0.429688 0.202148 0.111979 0.015625
0 0.492188 0.250977 0.260417 0.025391
0 0.451823 0.273438 0.041667 0.013672
0 0.541667 0.275391 0.075521 0.017578
0 0.377604 0.293945 0.236979 0.015625
0 0.436198 0.311523 0.041667 0.011719
0 0.553385 0.311523 0.067708 0.019531
0 0.388021 0.335938 0.276042 0.023438
0 0.434896 0.357422 0.039062 0.013672
0 0.553385 0.359375 0.067708 0.017578
0 0.680990 0.360352 0.067708 0.019531
0 0.368490 0.381836 0.244792 0.019531
0 0.432292 0.404297 0.044271 0.013672
0 0.559896 0.407227 0.054688 0.015625
0 0.690104 0.409180 0.054688 0.015625
0 0.350260 0.428711 0.213542 0.019531
0 0.582031 0.433594 0.130208 0.017578
0 0.554688 0.454102 0.070312 0.019531
0 0.687500 0.454102 0.070312 0.019531
0 0.428385 0.500977 0.041667 0.015625
0 0.688802 0.502930 0.072917 0.019531
0 0.373047 0.528809 0.285156 0.024414
0 0.428385 0.552734 0.041667 0.013672
0 0.553385 0.553711 0.072917 0.019531
0 0.692708 0.553711 0.075521 0.019531
0 0.447266 0.580566 0.438802 0.026367
0 0.555990 0.606445 0.072917 0.019531
0 0.449219 0.633789 0.440104 0.025391
0 0.696615 0.661133 0.072917 0.019531
0 0.268229 0.689453 0.093750 0.027344
0 0.384115 0.695312 0.031250 0.017578
0 0.303385 0.715820 0.059896 0.025391
0 0.300781 0.738281 0.158854 0.023438
0 0.488281 0.745117 0.052083 0.019531
0 0.268229 0.781250 0.083333 0.023438
0 0.341146 0.806641 0.229167 0.027344
0 0.285156 0.831055 0.114583 0.019531
0 0.716146 0.831055 0.028646 0.015625
0 0.311198 0.877930 0.161458 0.019531
0 0.691406 0.895508 0.067708 0.015625
0 0.610026 0.951172 0.058594 0.013672
0 0.249349 0.713867 0.065902 0.032862
