0 0.217882 0.180176 0.251736 0.041992
0 0.568576 0.119629 0.331597 0.032227
0 0.571181 0.144531 0.333333 0.027344
0 0.578125 0.172363 0.295139 0.028320
0 0.321181 0.275391 0.451389 0.029297
0 0.310764 0.444336 0.381944 0.037109
0 0.806424 0.430176 0.123264 0.024414
0 0.211806 0.183594 0.246528 0.041016
0 0.446181 0.344727 0.041667 0.019531
0 0.618056 0.340820 0.038194 0.019531
0 0.149306 0.379883 0.079861 0.019531
0 0.359375 0.372070 0.291667 0.035156
0 0.501736 0.392578 0.114583 0.023438
0 0.230903 0.400391 0.246528 0.035156
0 0.168403 0.548828 0.086806 0.027344
0 0.862847 0.726562 0.065972 0.023438
0 0.446181 0.742188 0.465278 0.041016
0 0.171875 0.752930 0.065972 0.025391
0 0.289062 0.922363 0.449653 0.030273
0 0.110243 0.946289 0.095486 0.027344
0 0.330729 0.945312 0.185764 0.027344
0 0.505208 0.343262 0.075499 0.032323
0 0.457465 0.440430 0.086656 0.030541
0 0.390625 0.716309 0.070824 0.030078
0 0.752604 0.729492 0.143504 0.029393
0 0.196181 0.946289 0.096727 0.032862
