0 0.470339 0.156738 0.148305 0.016602
0 0.461864 0.173828 0.542373 0.021484
0 0.473517 0.193359 0.425847 0.019531
0 0.475636 0.270508 0.256356 0.013672
0 0.516949 0.593750 0.148305 0.017578
0 0.739407 0.593262 0.088983 0.014648
0 0.209746 0.360352 0.059322 0.011719
0 0.724576 0.436523 0.088983 0.015625
0 0.728814 0.476562 0.088983 0.013672
0 0.298729 0.497070 0.254237 0.015625
0 0.733051 0.515625 0.088983 0.013672
0 0.737288 0.551758 0.088983 0.015625
0 0.476695 0.594727 0.076271 0.019531
0 0.741525 0.594727 0.088983 0.015625
0 0.487288 0.720703 0.317797 0.017578
0 0.274364 0.936035 0.451271 0.026367
