0 0.337240 0.318359 0.164062 0.037109
0 0.581380 0.275391 0.248698 0.021484
0 0.584635 0.299805 0.197917 0.021484
0 0.583333 0.324707 0.210938 0.020508
0 0.401693 0.405762 0.300781 0.024414
0 0.372396 0.555176 0.263021 0.032227
0 0.714844 0.565918 0.091146 0.026367
0 0.677734 0.410645 0.128906 0.026367
0 0.300781 0.425781 0.101562 0.023438
0 0.671875 0.431641 0.161458 0.023438
0 0.500000 0.474609 0.078125 0.023438
0 0.593750 0.476562 0.028646 0.017578
0 0.701823 0.474609 0.080729 0.023438
0 0.324870 0.513184 0.167969 0.026367
0 0.720052 0.567383 0.067708 0.019531
0 0.717448 0.613281 0.070312 0.023438
0 0.727865 0.779297 0.049479 0.023438
0 0.716146 0.848633 0.044271 0.019531
0 0.658203 0.302734 0.057943 0.028846
0 0.323568 0.469727 0.063567 0.027043
0 0.672526 0.774902 0.063567 0.026043
