0 0.243164 0.526693 0.041016 0.506510
0 0.277832 0.524740 0.026367 0.059896
0 0.305176 0.521484 0.030273 0.522135
0 0.330566 0.518880 0.016602 0.199219
0 0.507324 0.703125 0.028320 0.213542
0 0.687012 0.684896 0.030273 0.229167
0 0.682617 0.305339 0.031250 0.131510
0 0.758789 0.257812 0.019531 0.033854
0 0.576172 0.477865 0.017578 0.036458
0 0.868164 0.463542 0.019531 0.065104
0 0.447266 0.510417 0.017578 0.132812
0 0.576172 0.562500 0.017578 0.028646
0 0.476562 0.665365 0.013672 0.083333
0 0.622070 0.671875 0.019531 0.101562
0 0.644531 0.718750 0.023438 0.093750
0 0.718750 0.758464 0.023438 0.092448
0 0.754883 0.781250 0.019531 0.044271
0 0.644043 0.650391 0.024606 0.055826
