0 0.361328 0.415039 0.136719 0.031250
0 0.562500 0.375488 0.156250 0.016602
0 0.561849 0.396484 0.212240 0.015625
0 0.564453 0.415527 0.152344 0.014648
0 0.416016 0.484375 0.253906 0.019531
0 0.388672 0.611816 0.214844 0.020508
0 0.673177 0.614746 0.075521 0.024414
0 0.386719 0.486328 0.192708 0.017578
0 0.514323 0.487305 0.052083 0.015625
0 0.329427 0.540039 0.088542 0.019531
0 0.675781 0.542969 0.062500 0.017578
0 0.354167 0.577148 0.132812 0.015625
0 0.506510 0.579102 0.062500 0.015625
0 0.674479 0.581055 0.065104 0.015625
0 0.675781 0.655273 0.067708 0.015625
0 0.688802 0.672852 0.036458 0.019531
0 0.294271 0.786133 0.033854 0.015625
0 0.380208 0.786133 0.122396 0.015625
