0 0.451389 0.210938 0.534722 0.042969
0 0.333333 0.444824 0.232639 0.016602
0 0.474826 0.314941 0.567708 0.034180
0 0.337674 0.593262 0.355903 0.022461
0 0.749132 0.589844 0.147569 0.025391
0 0.591146 0.217773 0.269097 0.046875
0 0.339410 0.283691 0.206597 0.028320
0 0.454861 0.367188 0.517361 0.041016
0 0.256944 0.416992 0.232639 0.019531
0 0.460069 0.416992 0.118056 0.019531
0 0.635417 0.412109 0.208333 0.027344
0 0.689236 0.434570 0.041667 0.019531
0 0.331597 0.487305 0.125000 0.019531
0 0.326389 0.512695 0.291667 0.025391
0 0.207465 0.544434 0.102431 0.030273
0 0.331597 0.593750 0.336806 0.031250
0 0.585069 0.669922 0.121528 0.023438
0 0.586806 0.691406 0.125000 0.023438
0 0.342014 0.774414 0.062500 0.019531
0 0.496528 0.781250 0.090278 0.023438
0 0.362847 0.804688 0.309028 0.031250
0 0.425347 0.829102 0.065972 0.025391
0 0.642361 0.822266 0.267361 0.037109
0 0.314236 0.212891 0.284532 0.062337
0 0.195312 0.277344 0.102271 0.031022
0 0.412326 0.776367 0.095238 0.027043
0 0.501736 0.831543 0.103787 0.031862
