0 0.327148 0.059341 0.146484 0.035165
0 0.524902 0.063004 0.209961 0.023443
0 0.527832 0.021245 0.112305 0.019048
0 0.644531 0.523443 0.087891 0.022711
0 0.488281 0.021245 0.027344 0.019048
0 0.587891 0.044689 0.039062 0.019048
0 0.325195 0.062271 0.136719 0.032234
0 0.458984 0.063004 0.035156 0.020513
0 0.728516 0.125275 0.033203 0.014652
0 0.299805 0.153114 0.083984 0.019048
0 0.605957 0.155311 0.131836 0.023443
0 0.302734 0.186081 0.085938 0.020513
0 0.552734 0.192674 0.021484 0.014652
0 0.639160 0.188645 0.067383 0.022711
0 0.326660 0.223443 0.135742 0.021978
0 0.478516 0.227106 0.062500 0.017582
0 0.639648 0.226374 0.064453 0.019048
0 0.299805 0.242491 0.076172 0.019048
0 0.328613 0.260806 0.135742 0.020513
0 0.478516 0.263736 0.062500 0.017582
0 0.275391 0.279121 0.025391 0.014652
0 0.364258 0.299267 0.201172 0.021245
0 0.330078 0.316484 0.132812 0.017582
0 0.496094 0.318681 0.033203 0.011722
0 0.281250 0.334799 0.033203 0.014652
0 0.364258 0.334799 0.119141 0.019048
0 0.585938 0.334066 0.101562 0.017582
0 0.307617 0.353114 0.083984 0.017582
0 0.329102 0.370696 0.132812 0.017582
0 0.643555 0.369231 0.064453 0.017582
0 0.279297 0.389011 0.025391 0.014652
0 0.345703 0.406593 0.160156 0.019048
0 0.309570 0.426374 0.083984 0.017582
0 0.334473 0.441758 0.131836 0.019048
0 0.282227 0.458608 0.023438 0.013187
0 0.659180 0.456410 0.031250 0.011722
0 0.631836 0.469597 0.031250 0.011722
0 0.666992 0.468864 0.023438 0.010256
0 0.481445 0.487179 0.062500 0.014652
0 0.648438 0.482784 0.060547 0.014652
0 0.665039 0.496703 0.035156 0.013187
0 0.275391 0.506227 0.025391 0.014652
0 0.332031 0.536264 0.144531 0.020513
0 0.444336 0.534799 0.064453 0.017582
0 0.649414 0.528938 0.080078 0.017582
0 0.651367 0.545055 0.080078 0.017582
0 0.328125 0.570696 0.148438 0.021978
0 0.653320 0.563370 0.080078 0.019048
0 0.291016 0.610256 0.058594 0.019048
0 0.317383 0.629304 0.130859 0.021978
0 0.344238 0.687179 0.184570 0.023443
0 0.611816 0.680220 0.174805 0.022711
0 0.275391 0.708425 0.050781 0.019048
0 0.385742 0.706227 0.162109 0.020513
0 0.501953 0.701099 0.054688 0.019048
0 0.609863 0.717216 0.190430 0.021978
0 0.322754 0.726007 0.147461 0.026374
0 0.475586 0.784615 0.308594 0.032234
0 0.265625 0.815385 0.039062 0.019048
0 0.556641 0.023077 0.044549 0.023902
0 0.491699 0.191209 0.037151 0.020273
