0 0.464193 0.300781 0.584635 0.042969
0 0.468099 0.346191 0.519531 0.032227
0 0.279948 0.420898 0.377604 0.023438
0 0.245443 0.691406 0.204427 0.023438
0 0.830729 0.681641 0.111979 0.023438
0 0.464193 0.300781 0.602865 0.058594
0 0.283203 0.345215 0.157552 0.036133
0 0.391927 0.383789 0.059896 0.029297
0 0.541667 0.387695 0.065104 0.035156
0 0.470052 0.416992 0.776042 0.041016
0 0.278646 0.533203 0.135417 0.031250
0 0.464844 0.531250 0.039062 0.023438
0 0.592448 0.528320 0.085938 0.029297
0 0.251302 0.574219 0.221354 0.031250
0 0.600260 0.583008 0.106771 0.029297
0 0.182943 0.603516 0.092448 0.037109
0 0.231771 0.641602 0.195312 0.035156
0 0.238281 0.692383 0.203125 0.035156
0 0.833333 0.683594 0.119792 0.031250
0 0.268229 0.721680 0.257812 0.035156
0 0.846354 0.741211 0.109375 0.029297
0 0.272135 0.785156 0.205729 0.031250
0 0.393880 0.348633 0.073679 0.036843
