0 0.443576 0.161621 0.498264 0.030273
0 0.382812 0.191895 0.602431 0.030273
0 0.335069 0.272949 0.489583 0.026367
0 0.230903 0.420898 0.322917 0.025391
0 0.746528 0.417969 0.145833 0.021484
0 0.214410 0.248047 0.255208 0.023438
0 0.487847 0.249023 0.260417 0.025391
0 0.482639 0.272461 0.173611 0.023438
0 0.160590 0.303711 0.147569 0.025391
0 0.409722 0.303711 0.045139 0.015625
0 0.496528 0.302734 0.059028 0.017578
0 0.187500 0.333008 0.243056 0.025391
0 0.151042 0.360352 0.177083 0.029297
0 0.425347 0.457031 0.506944 0.041016
0 0.290799 0.922363 0.453125 0.030273
0 0.112847 0.947266 0.086806 0.023438
0 0.330729 0.946289 0.185764 0.025391
0 0.349826 0.391113 0.095168 0.028041
0 0.196181 0.946289 0.096727 0.032862
