0 0.355469 0.269531 0.164062 0.033203
0 0.602865 0.223145 0.244792 0.022461
0 0.604167 0.247559 0.169271 0.022461
0 0.603516 0.273438 0.243490 0.023438
0 0.423177 0.360840 0.302083 0.024414
0 0.402995 0.511230 0.251302 0.026367
0 0.738281 0.515625 0.072917 0.019531
0 0.302083 0.361328 0.057292 0.023438
0 0.324219 0.382812 0.101562 0.023438
0 0.695964 0.383789 0.165365 0.025391
0 0.617188 0.429688 0.028646 0.017578
0 0.713542 0.451172 0.049479 0.017578
0 0.355469 0.471680 0.161458 0.019531
0 0.738281 0.471680 0.078125 0.019531
0 0.493490 0.514648 0.072917 0.019531
0 0.738281 0.515625 0.078125 0.017578
0 0.738281 0.559570 0.078125 0.019531
0 0.673177 0.783203 0.088542 0.017578
0 0.360026 0.361328 0.058277 0.025040
