0 0.472168 0.243590 0.340820 0.028571
0 0.478027 0.275458 0.708008 0.030769
0 0.722168 0.435531 0.239258 0.030037
0 0.211914 0.780586 0.265625 0.040293
0 0.809082 0.777656 0.139648 0.028571
0 0.377930 0.312088 0.162109 0.023443
0 0.561035 0.311722 0.176758 0.027106
0 0.125000 0.534799 0.048828 0.027839
0 0.453125 0.534799 0.125000 0.035165
0 0.764648 0.528938 0.177734 0.035165
0 0.107422 0.624908 0.023438 0.024908
0 0.451660 0.622344 0.106445 0.038828
0 0.451172 0.720147 0.125000 0.036630
0 0.804199 0.719048 0.129883 0.040293
0 0.164551 0.780952 0.184570 0.048352
0 0.807129 0.778022 0.131836 0.039560
0 0.302246 0.780220 0.105922 0.048205
