0 0.456568 0.257324 0.595339 0.038086
0 0.371822 0.286621 0.697034 0.032227
0 0.317797 0.369629 0.580508 0.024414
0 0.185381 0.542480 0.362288 0.026367
0 0.801907 0.541016 0.184322 0.023438
0 0.402542 0.258789 0.495763 0.035156
0 0.173729 0.347656 0.296610 0.027344
0 0.497881 0.344727 0.309322 0.025391
0 0.491525 0.369141 0.211864 0.023438
0 0.109110 0.402832 0.175847 0.026367
0 0.394068 0.399414 0.055085 0.019531
0 0.504237 0.397461 0.072034 0.019531
0 0.101695 0.429688 0.203390 0.023438
0 0.542373 0.427734 0.110169 0.023438
0 0.125000 0.457031 0.250000 0.023438
0 0.194915 0.513672 0.389831 0.027344
0 0.853814 0.508789 0.063559 0.025391
0 0.800847 0.540039 0.177966 0.025391
0 0.417373 0.578125 0.610169 0.037109
0 0.274364 0.936035 0.451271 0.026367
0 0.690678 0.255859 0.103631 0.030648
