0 0.341797 0.241211 0.186198 0.035156
0 0.623047 0.190430 0.300781 0.027344
0 0.625000 0.218262 0.273438 0.022461
0 0.625000 0.245605 0.244792 0.024414
0 0.419271 0.344727 0.343750 0.023438
0 0.393880 0.519043 0.290365 0.028320
0 0.776042 0.523438 0.104167 0.023438
0 0.417969 0.345703 0.346354 0.027344
0 0.735677 0.349609 0.143229 0.023438
0 0.303385 0.370117 0.117188 0.025391
0 0.728516 0.374512 0.180990 0.024414
0 0.269531 0.418945 0.049479 0.025391
0 0.507812 0.423828 0.036458 0.023438
0 0.639323 0.424805 0.031250 0.019531
0 0.763021 0.423828 0.088542 0.027344
0 0.337240 0.470703 0.184896 0.023438
0 0.546875 0.473633 0.085938 0.019531
0 0.774740 0.475586 0.088542 0.019531
0 0.774740 0.525391 0.091146 0.023438
0 0.308594 0.544922 0.132812 0.027344
0 0.776042 0.574219 0.088542 0.023438
0 0.313802 0.597656 0.117188 0.027344
0 0.326823 0.623047 0.174479 0.027344
0 0.531250 0.650391 0.359375 0.027344
0 0.523438 0.729492 0.380208 0.029297
0 0.489583 0.755859 0.036458 0.023438
0 0.669271 0.755859 0.307292 0.027344
0 0.321615 0.830078 0.059896 0.023438
0 0.500000 0.832031 0.281250 0.023438
0 0.727865 0.830078 0.158854 0.023438
0 0.331380 0.420898 0.071135 0.032862
0 0.552734 0.423340 0.051816 0.030078
