0 0.360026 0.240723 0.173177 0.036133
0 0.626953 0.188477 0.311198 0.021484
0 0.625651 0.215820 0.240885 0.023438
0 0.626302 0.243652 0.213542 0.024414
0 0.433594 0.337891 0.315104 0.023438
0 0.405599 0.525391 0.261719 0.025391
0 0.772786 0.530762 0.069010 0.018555
0 0.432292 0.337891 0.322917 0.027344
0 0.730469 0.337891 0.138021 0.023438
0 0.725911 0.362305 0.178385 0.027344
0 0.539062 0.411133 0.083333 0.025391
0 0.638021 0.411133 0.028646 0.019531
0 0.757812 0.409180 0.088542 0.025391
0 0.631510 0.434570 0.041667 0.019531
0 0.355469 0.455078 0.174479 0.023438
0 0.567708 0.458008 0.044271 0.019531
0 0.774740 0.459961 0.072917 0.019531
0 0.286458 0.477539 0.033854 0.019531
0 0.787760 0.483398 0.046875 0.019531
0 0.501302 0.525391 0.080729 0.023438
0 0.372396 0.545898 0.213542 0.029297
0 0.765625 0.555664 0.059896 0.019531
0 0.773438 0.579102 0.070312 0.019531
0 0.334635 0.594727 0.111979 0.025391
0 0.770833 0.603516 0.072917 0.023438
0 0.533854 0.643555 0.333333 0.029297
0 0.631510 0.717773 0.138021 0.029297
0 0.467448 0.809570 0.330729 0.025391
0 0.350911 0.408203 0.068594 0.030859
