0 0.479818 0.353027 0.212240 0.022461
0 0.474609 0.382812 0.266927 0.019531
0 0.617839 0.820801 0.222656 0.022461
0 0.262370 0.749023 0.121094 0.021484
0 0.694010 0.755371 0.091146 0.016602
0 0.479167 0.353516 0.213542 0.023438
0 0.225260 0.403320 0.041667 0.015625
0 0.481771 0.448242 0.294271 0.035156
0 0.248698 0.473633 0.046875 0.019531
0 0.373698 0.475586 0.031250 0.019531
0 0.434896 0.475586 0.049479 0.019531
0 0.656250 0.475586 0.117188 0.019531
0 0.398438 0.500977 0.364583 0.025391
0 0.420573 0.526367 0.041667 0.015625
0 0.548177 0.527344 0.075521 0.023438
0 0.417969 0.579102 0.041667 0.015625
0 0.557292 0.581055 0.059896 0.019531
0 0.443359 0.609375 0.467448 0.025391
0 0.417969 0.634766 0.041667 0.017578
0 0.549479 0.636719 0.078125 0.023438
0 0.390625 0.666016 0.364583 0.027344
0 0.415365 0.690430 0.041667 0.015625
0 0.555990 0.693359 0.065104 0.023438
0 0.477865 0.780273 0.052083 0.019531
0 0.473958 0.848633 0.156250 0.025391
0 0.365885 0.381348 0.057037 0.028041
0 0.300130 0.475098 0.073977 0.033860
