0 0.280382 0.175293 0.192708 0.026367
0 0.570312 0.130859 0.210069 0.015625
0 0.572049 0.150879 0.276042 0.018555
0 0.572049 0.172852 0.237847 0.017578
0 0.367188 0.249023 0.366319 0.021484
0 0.342014 0.421387 0.319444 0.024414
0 0.744792 0.420410 0.100694 0.020508
0 0.284722 0.348633 0.190972 0.019531
0 0.505208 0.345703 0.090278 0.017578
0 0.744792 0.342773 0.090278 0.019531
0 0.288194 0.387695 0.190972 0.015625
0 0.750000 0.418945 0.093750 0.019531
0 0.225694 0.503906 0.069444 0.023438
0 0.347222 0.503906 0.052083 0.017578
0 0.763889 0.497070 0.079861 0.019531
0 0.319444 0.563477 0.253472 0.019531
0 0.602431 0.561523 0.062500 0.015625
0 0.262153 0.583984 0.142361 0.023438
0 0.679688 0.598633 0.258681 0.027344
0 0.496528 0.662109 0.402778 0.027344
0 0.290799 0.922363 0.453125 0.030273
0 0.328993 0.946289 0.182292 0.025391
0 0.111979 0.945801 0.094972 0.029854
0 0.196181 0.946289 0.096727 0.032862
