0 0.480035 0.210938 0.453125 0.033203
0 0.414062 0.240723 0.522569 0.036133
0 0.373264 0.322754 0.430556 0.028320
0 0.282986 0.531250 0.277778 0.021484
0 0.753472 0.523926 0.131944 0.022461
0 0.267361 0.297852 0.229167 0.027344
0 0.515625 0.294922 0.239583 0.027344
0 0.510417 0.318359 0.159722 0.023438
0 0.729167 0.337891 0.159722 0.023438
0 0.265625 0.402344 0.239583 0.027344
0 0.555556 0.420898 0.079861 0.019531
0 0.267361 0.452148 0.243056 0.025391
0 0.555556 0.445312 0.083333 0.023438
0 0.748264 0.467773 0.135417 0.025391
0 0.288194 0.501953 0.291667 0.023438
0 0.791667 0.494141 0.048611 0.023438
0 0.281250 0.531250 0.284722 0.027344
0 0.289062 0.922363 0.449653 0.030273
0 0.111979 0.946289 0.092014 0.027344
0 0.330729 0.945312 0.185764 0.027344
0 0.196181 0.946289 0.096727 0.032862
