0 0.433594 0.170898 0.255208 0.037109
0 0.429688 0.200684 0.315104 0.036133
0 0.640625 0.800781 0.299479 0.046875
0 0.164714 0.495605 0.134115 0.026367
0 0.700521 0.493652 0.119792 0.024414
0 0.429036 0.170898 0.256510 0.041016
0 0.065755 0.225586 0.131510 0.105469
0 0.434896 0.271484 0.348958 0.046875
0 0.153646 0.293945 0.057292 0.025391
0 0.309896 0.301758 0.041667 0.025391
0 0.384115 0.304688 0.059896 0.023438
0 0.503906 0.308594 0.101562 0.027344
0 0.643229 0.308594 0.135417 0.023438
0 0.281250 0.328125 0.335938 0.037109
0 0.195312 0.355469 0.166667 0.031250
0 0.526042 0.363281 0.088542 0.023438
0 0.167969 0.382812 0.117188 0.027344
0 0.272135 0.385742 0.036458 0.019531
0 0.367188 0.388672 0.054688 0.017578
0 0.531250 0.391602 0.072917 0.025391
0 0.682292 0.390625 0.104167 0.023438
0 0.196615 0.425781 0.049479 0.023438
0 0.313802 0.430664 0.036458 0.019531
0 0.172526 0.453613 0.147135 0.032227
0 0.160156 0.495117 0.135417 0.035156
0 0.696615 0.493164 0.106771 0.025391
0 0.200521 0.523438 0.213542 0.027344
0 0.449219 0.525391 0.065104 0.023438
0 0.154948 0.579102 0.111979 0.029297
0 0.200521 0.615234 0.208333 0.031250
0 0.747396 0.637695 0.041667 0.025391
0 0.170573 0.650391 0.164062 0.027344
0 0.725911 0.673340 0.095052 0.030273
0 0.200521 0.726562 0.236979 0.037109
0 0.735677 0.744141 0.096354 0.027344
0 0.454427 0.848633 0.208333 0.042969
0 0.429688 0.878906 0.520833 0.046875
0 0.399089 0.201172 0.058277 0.025040
0 0.451172 0.204590 0.053004 0.026043
0 0.218750 0.297852 0.083115 0.036843
0 0.138021 0.423828 0.080354 0.034856
