0 0.318359 0.190918 0.170573 0.030273
0 0.579427 0.139160 0.286458 0.022461
0 0.580078 0.163086 0.259115 0.019531
0 0.582031 0.190918 0.226562 0.020508
0 0.387370 0.283691 0.324219 0.022461
0 0.363932 0.538574 0.274740 0.022461
0 0.729818 0.544922 0.089844 0.019531
0 0.320312 0.192383 0.174479 0.039062
0 0.494792 0.354492 0.083333 0.025391
0 0.595052 0.354492 0.031250 0.019531
0 0.648438 0.376953 0.057292 0.023438
0 0.311198 0.400391 0.174479 0.023438
0 0.507812 0.401367 0.080729 0.019531
0 0.356771 0.424805 0.260417 0.025391
0 0.311198 0.447266 0.174479 0.023438
0 0.507812 0.448242 0.080729 0.019531
0 0.726562 0.447266 0.088542 0.023438
0 0.311198 0.494141 0.174479 0.023438
0 0.514323 0.495117 0.067708 0.019531
0 0.746094 0.495117 0.046875 0.019531
0 0.317708 0.540039 0.187500 0.025391
0 0.727865 0.543945 0.088542 0.019531
0 0.727865 0.593750 0.091146 0.023438
0 0.727865 0.617188 0.091146 0.023438
0 0.302083 0.636719 0.161458 0.027344
0 0.493490 0.663086 0.341146 0.029297
0 0.240885 0.758789 0.041667 0.019531
0 0.306641 0.353516 0.068594 0.030859
