0 0.373047 0.201172 0.115885 0.021484
0 0.552083 0.163574 0.127604 0.012695
0 0.552734 0.180176 0.199219 0.014648
0 0.550781 0.196777 0.164062 0.014648
0 0.426432 0.262207 0.235677 0.016602
0 0.409505 0.369141 0.201823 0.017578
0 0.655599 0.367188 0.071615 0.017578
0 0.372396 0.202148 0.119792 0.025391
0 0.591146 0.197266 0.070312 0.017578
0 0.350260 0.279297 0.072917 0.013672
0 0.498698 0.307617 0.057292 0.015625
0 0.376302 0.325195 0.125000 0.015625
0 0.567708 0.322266 0.039062 0.013672
0 0.372396 0.340820 0.117188 0.015625
0 0.506510 0.338867 0.057292 0.015625
0 0.656250 0.334961 0.059896 0.015625
0 0.481771 0.372070 0.039062 0.015625
0 0.670573 0.367188 0.031250 0.013672
0 0.657552 0.399414 0.057292 0.015625
0 0.359375 0.420898 0.075521 0.015625
0 0.670573 0.416016 0.031250 0.013672
0 0.403646 0.452148 0.039062 0.015625
0 0.592448 0.449219 0.046875 0.013672
0 0.390625 0.485352 0.153646 0.015625
0 0.647135 0.480469 0.083333 0.013672
0 0.608073 0.514648 0.145833 0.015625
0 0.537760 0.565430 0.166667 0.015625
0 0.329427 0.584961 0.031250 0.015625
0 0.404948 0.583008 0.109375 0.015625
0 0.677083 0.582031 0.028646 0.013672
