0 0.517090 0.031308 0.397461 0.036832
0 0.517578 0.055862 0.634766 0.044199
0 0.214355 0.221608 0.125977 0.028238
0 0.735840 0.238183 0.243164 0.029466
0 0.198730 0.248005 0.106445 0.023327
0 0.734375 0.262738 0.251953 0.023327
0 0.598145 0.035912 0.221680 0.030080
0 0.779297 0.168815 0.138672 0.022099
0 0.735352 0.240638 0.238281 0.025783
0 0.173828 0.311848 0.068359 0.023327
0 0.620117 0.323511 0.046875 0.022099
0 0.177734 0.364027 0.107422 0.024555
0 0.815430 0.360958 0.101562 0.023327
0 0.165527 0.396562 0.092773 0.024555
0 0.338867 0.400859 0.066406 0.022099
0 0.169922 0.419890 0.107422 0.023327
0 0.821777 0.415285 0.106445 0.025169
0 0.135742 0.453653 0.058594 0.022099
0 0.296875 0.457336 0.134766 0.024555
0 0.158203 0.478207 0.111328 0.024555
0 0.830078 0.471455 0.107422 0.023327
0 0.169922 0.515654 0.152344 0.029466
0 0.146484 0.539595 0.115234 0.027010
0 0.837891 0.530387 0.107422 0.023327
0 0.115234 0.578269 0.056641 0.023327
0 0.630859 0.588705 0.027344 0.023327
0 0.845215 0.593002 0.116211 0.030694
0 0.128906 0.606507 0.097656 0.029466
0 0.155273 0.651934 0.166016 0.029466
0 0.357422 0.652548 0.054688 0.033149
0 0.852051 0.659914 0.122070 0.031921
0 0.126953 0.675261 0.121094 0.029466
0 0.628906 0.750767 0.023438 0.018416
0 0.849121 0.752302 0.145508 0.032535
0 0.129883 0.868631 0.162109 0.030694
0 0.481934 0.950583 0.295898 0.025169
0 0.199219 0.174340 0.087668 0.031799
0 0.194824 0.198895 0.086641 0.028076
0 0.247559 0.313996 0.092535 0.032418
0 0.258301 0.399325 0.100402 0.029940
0 0.195801 0.454573 0.072749 0.028698
0 0.282715 0.650706 0.109962 0.037950
0 0.110840 0.742173 0.117522 0.047779
0 0.108887 0.832719 0.135046 0.054544
