0 0.448785 0.436035 0.331597 0.026367
0 0.324653 0.633301 0.131944 0.018555
0 0.446181 0.413574 0.385417 0.034180
0 0.329861 0.477051 0.239583 0.018555
0 0.682292 0.619141 0.076389 0.013672
0 0.401042 0.458008 0.041667 0.015625
0 0.496528 0.454102 0.065972 0.019531
0 0.345486 0.521484 0.267361 0.027344
0 0.277778 0.542969 0.121528 0.017578
0 0.680556 0.544922 0.065972 0.013672
0 0.684028 0.571289 0.072917 0.015625
0 0.312500 0.594727 0.086806 0.015625
0 0.350694 0.610352 0.052083 0.015625
0 0.361111 0.631836 0.065972 0.015625
0 0.685764 0.633789 0.076389 0.015625
0 0.591146 0.466309 0.216517 0.027246
0 0.379340 0.536621 0.090492 0.022160
0 0.696181 0.596680 0.051192 0.016678
0 0.292535 0.612793 0.073636 0.017417
0 0.292535 0.634277 0.073892 0.019447
