0 0.541667 0.318359 0.388889 0.056641
0 0.498264 0.347168 0.465278 0.057617
0 0.474826 0.415527 0.376736 0.047852
0 0.430556 0.543457 0.236111 0.043945
0 0.832465 0.499512 0.102431 0.026367
0 0.625000 0.317383 0.076389 0.025391
0 0.289931 0.364258 0.048611 0.019531
0 0.394097 0.383789 0.239583 0.029297
0 0.515625 0.397461 0.048611 0.015625
0 0.302083 0.411133 0.045139 0.019531
0 0.687500 0.422852 0.038194 0.015625
0 0.458333 0.516602 0.187500 0.029297
0 0.336806 0.524414 0.076389 0.025391
0 0.359375 0.549805 0.107639 0.029297
0 0.526042 0.563477 0.138889 0.035156
0 0.289062 0.922363 0.449653 0.030273
0 0.244792 0.945801 0.357639 0.028320
0 0.690972 0.308594 0.073481 0.027854
0 0.540799 0.325195 0.103869 0.029224
0 0.455729 0.332031 0.088922 0.025276
0 0.554688 0.345215 0.064616 0.024788
0 0.348090 0.358887 0.061144 0.024888
0 0.611979 0.385742 0.164197 0.034654
0 0.399306 0.403809 0.161412 0.031612
0 0.589410 0.409668 0.143601 0.029746
0 0.825521 0.452148 0.086269 0.029622
0 0.717882 0.541504 0.144895 0.040969
0 0.445312 0.541992 0.076091 0.023521
0 0.428819 0.573730 0.075499 0.032323
