0 0.487630 0.074219 0.313802 0.027344
0 0.483073 0.110840 0.385417 0.036133
0 0.700521 0.879883 0.315104 0.029297
0 0.181641 0.781250 0.191406 0.031250
0 0.802734 0.781250 0.154948 0.035156
0 0.485026 0.077637 0.300781 0.030273
0 0.131510 0.144531 0.059896 0.023438
0 0.489583 0.200195 0.414062 0.042969
0 0.207031 0.242676 0.151042 0.038086
0 0.341146 0.243164 0.046875 0.025391
0 0.427083 0.243164 0.067708 0.025391
0 0.541667 0.241211 0.067708 0.025391
0 0.739583 0.238281 0.161458 0.027344
0 0.414062 0.276855 0.596354 0.040039
0 0.591146 0.312500 0.104167 0.027344
0 0.791667 0.311523 0.104167 0.029297
0 0.425130 0.350586 0.626302 0.041016
0 0.403646 0.386719 0.062500 0.023438
0 0.600260 0.388672 0.085938 0.027344
0 0.803385 0.385742 0.091146 0.029297
0 0.382161 0.428711 0.540365 0.039062
0 0.591146 0.464844 0.104167 0.027344
0 0.798177 0.461914 0.111979 0.029297
0 0.364583 0.505859 0.494792 0.031250
0 0.591146 0.541016 0.104167 0.027344
0 0.798177 0.540039 0.111979 0.029297
0 0.367188 0.582031 0.505208 0.031250
0 0.756510 0.583984 0.132812 0.031250
0 0.402344 0.615234 0.065104 0.023438
0 0.595052 0.618164 0.106771 0.029297
0 0.800781 0.618164 0.106771 0.029297
0 0.303385 0.660645 0.388021 0.030273
0 0.565104 0.660156 0.083333 0.027344
0 0.597656 0.698242 0.106771 0.029297
0 0.159505 0.748535 0.141927 0.041992
0 0.175130 0.784180 0.175781 0.039062
0 0.495443 0.825684 0.079427 0.032227
0 0.492188 0.927734 0.226562 0.037109
0 0.632161 0.113770 0.076683 0.028041
0 0.602214 0.241699 0.059951 0.036370
0 0.656901 0.583008 0.077857 0.032183
