0 0.317057 0.378906 0.144531 0.029297
0 0.509766 0.330566 0.136719 0.022461
0 0.511719 0.351074 0.216146 0.026367
0 0.509766 0.371094 0.173177 0.023438
0 0.373047 0.444824 0.240885 0.022461
0 0.352865 0.604004 0.210938 0.020508
0 0.624349 0.601074 0.076823 0.018555
0 0.316406 0.378906 0.127604 0.031250
0 0.574219 0.369141 0.036458 0.017578
0 0.593099 0.439941 0.105469 0.024414
0 0.589193 0.457520 0.134115 0.024414
0 0.292969 0.500000 0.083333 0.017578
0 0.464844 0.495117 0.036458 0.019531
0 0.315755 0.534668 0.126302 0.020508
0 0.462240 0.532227 0.062500 0.015625
0 0.626302 0.527344 0.062500 0.017578
0 0.313802 0.570312 0.125000 0.017578
0 0.462240 0.569336 0.062500 0.015625
0 0.625000 0.601562 0.075521 0.017578
0 0.319010 0.641602 0.140625 0.019531
0 0.626302 0.641602 0.072917 0.015625
0 0.625000 0.658203 0.075521 0.017578
0 0.555990 0.776367 0.223958 0.019531
0 0.498698 0.834473 0.330729 0.024414
