0 0.427083 0.213379 0.468750 0.040039
0 0.453125 0.304199 0.503472 0.032227
0 0.335938 0.422852 0.203125 0.019531
0 0.349826 0.572754 0.303819 0.032227
0 0.710938 0.556641 0.133681 0.023438
0 0.427951 0.214355 0.487847 0.053711
0 0.263889 0.400879 0.204861 0.020508
0 0.445312 0.396484 0.105903 0.019531
0 0.603299 0.387207 0.185764 0.030273
0 0.335069 0.422852 0.211806 0.025391
0 0.336806 0.462891 0.107639 0.017578
0 0.236979 0.502930 0.064236 0.019531
0 0.692708 0.508789 0.041667 0.019531
0 0.230903 0.529297 0.086806 0.023438
0 0.580729 0.606934 0.157986 0.028320
0 0.493056 0.766602 0.506944 0.029297
0 0.479167 0.783203 0.159722 0.023438
