0 0.463542 0.239746 0.213542 0.032227
0 0.465495 0.266602 0.261719 0.031250
0 0.655599 0.737305 0.225260 0.033203
0 0.727214 0.666016 0.089844 0.021484
0 0.277344 0.687500 0.117188 0.029297
0 0.463542 0.239746 0.213542 0.030273
0 0.222656 0.299805 0.041667 0.015625
0 0.473958 0.326660 0.289062 0.043945
0 0.278646 0.362305 0.101562 0.019531
0 0.372396 0.358398 0.033854 0.019531
0 0.433594 0.356445 0.046875 0.015625
0 0.511719 0.351562 0.046875 0.017578
0 0.667969 0.368164 0.031250 0.015625
0 0.302734 0.384277 0.170573 0.030273
0 0.565104 0.395508 0.044271 0.019531
0 0.697917 0.388672 0.062500 0.023438
0 0.420573 0.403320 0.041667 0.015625
0 0.371745 0.433105 0.311198 0.036133
0 0.705729 0.439453 0.062500 0.023438
0 0.513021 0.477539 0.268229 0.035156
0 0.300130 0.487793 0.162760 0.030273
0 0.565755 0.500488 0.069010 0.028320
0 0.713542 0.492188 0.062500 0.023438
0 0.428385 0.506836 0.041667 0.015625
0 0.558594 0.529297 0.333333 0.037109
0 0.307943 0.541016 0.180990 0.035156
0 0.567708 0.553711 0.078125 0.025391
0 0.712240 0.547852 0.080729 0.025391
0 0.430990 0.560547 0.046875 0.017578
0 0.367188 0.594727 0.161458 0.029297
0 0.574219 0.584961 0.169271 0.029297
0 0.259115 0.599609 0.075521 0.027344
0 0.579427 0.610352 0.065104 0.025391
0 0.721354 0.603516 0.078125 0.023438
0 0.436198 0.616699 0.046875 0.018555
0 0.265625 0.662109 0.104167 0.027344
0 0.391927 0.658203 0.031250 0.017578
0 0.730469 0.694336 0.091146 0.025391
0 0.304688 0.710938 0.177083 0.031250
0 0.509115 0.704102 0.052083 0.019531
0 0.286458 0.752930 0.083333 0.025391
0 0.511719 0.771484 0.158854 0.027344
0 0.324219 0.803711 0.041667 0.019531
0 0.554688 0.350586 0.042566 0.024184
0 0.623047 0.369629 0.056413 0.022436
0 0.561849 0.447266 0.064225 0.025341
0 0.467448 0.591797 0.045001 0.019638
