0 0.469727 0.203148 0.183594 0.015373
0 0.471680 0.189605 0.095703 0.016105
0 0.461426 0.232064 0.307617 0.020498
0 0.460938 0.247072 0.294922 0.016837
0 0.461426 0.261347 0.309570 0.019034
0 0.470703 0.276720 0.208984 0.017570
0 0.465820 0.290264 0.248047 0.018302
0 0.509277 0.396047 0.206055 0.017570
0 0.385254 0.516105 0.194336 0.017570
0 0.572754 0.518668 0.075195 0.015373
0 0.471680 0.203514 0.189453 0.017570
0 0.493164 0.218155 0.158203 0.019034
0 0.439453 0.231332 0.048828 0.013177
0 0.549805 0.234261 0.091797 0.017570
0 0.362305 0.245242 0.097656 0.014641
0 0.455078 0.246706 0.033203 0.011713
0 0.548828 0.248170 0.119141 0.014641
0 0.518555 0.262811 0.027344 0.011713
0 0.454102 0.275256 0.173828 0.017570
0 0.381836 0.289165 0.080078 0.019034
0 0.458984 0.289898 0.021484 0.013177
0 0.458008 0.304905 0.208984 0.021230
0 0.380371 0.318082 0.065430 0.015373
0 0.385742 0.347731 0.082031 0.014641
0 0.472656 0.349195 0.064453 0.014641
0 0.549316 0.351025 0.065430 0.019766
0 0.374023 0.362372 0.154297 0.019034
0 0.588867 0.368960 0.035156 0.013177
0 0.353516 0.392387 0.021484 0.013177
0 0.470703 0.395315 0.132812 0.019034
0 0.355469 0.408492 0.041016 0.013177
0 0.497070 0.410688 0.232422 0.019034
0 0.574219 0.458272 0.078125 0.017570
0 0.455078 0.485359 0.076172 0.014641
0 0.573242 0.487555 0.076172 0.017570
0 0.337891 0.515373 0.021484 0.010249
0 0.416992 0.515373 0.134766 0.019034
0 0.572266 0.518302 0.078125 0.017570
0 0.434570 0.533309 0.095703 0.019766
0 0.406250 0.563690 0.136719 0.017570
0 0.333008 0.612006 0.115234 0.019034
0 0.567383 0.616398 0.087891 0.017570
0 0.575195 0.648609 0.072266 0.017570
0 0.346680 0.714495 0.123047 0.020498
0 0.338379 0.731332 0.110352 0.021962
0 0.479980 0.733163 0.073242 0.018302
0 0.338379 0.783675 0.051758 0.019766
0 0.429688 0.802709 0.273438 0.022694
0 0.583008 0.840410 0.048828 0.017570
0 0.448730 0.189971 0.053623 0.018017
0 0.324219 0.230234 0.040862 0.018017
0 0.484863 0.233163 0.039904 0.018017
0 0.486816 0.261347 0.031930 0.015737
0 0.560059 0.278551 0.039877 0.018017
0 0.545410 0.367496 0.047759 0.017260
0 0.316895 0.392753 0.047759 0.018017
0 0.312988 0.407028 0.039904 0.017260
0 0.304199 0.514275 0.043763 0.021020
0 0.343262 0.531113 0.041732 0.019523
0 0.307129 0.562592 0.059473 0.021020
0 0.298340 0.578331 0.041762 0.020273
0 0.417969 0.732430 0.052609 0.021020
0 0.291504 0.781479 0.043736 0.019523
0 0.439941 0.785505 0.037842 0.021767
