0 0.403320 0.137262 0.326172 0.031479
0 0.418457 0.162518 0.399414 0.042460
0 0.422852 0.395315 0.226562 0.029283
0 0.413574 0.519400 0.315430 0.024158
0 0.398438 0.112738 0.205078 0.030747
0 0.573242 0.158858 0.033203 0.021962
0 0.605469 0.158126 0.013672 0.019034
0 0.408691 0.187042 0.137695 0.030015
0 0.354980 0.284041 0.182617 0.030747
0 0.524414 0.280381 0.082031 0.026354
0 0.285156 0.377013 0.126953 0.026354
0 0.418945 0.398243 0.222656 0.027818
0 0.437500 0.442167 0.013672 0.016105
0 0.528320 0.441435 0.082031 0.026354
0 0.286133 0.467057 0.056641 0.023426
0 0.522461 0.464129 0.091797 0.023426
0 0.528809 0.495608 0.084961 0.027818
0 0.530273 0.518302 0.080078 0.023426
0 0.302734 0.543924 0.095703 0.026354
0 0.500977 0.540264 0.044922 0.023426
0 0.320801 0.566618 0.133789 0.027818
0 0.525391 0.562958 0.095703 0.026354
0 0.426758 0.612738 0.367188 0.029283
0 0.264648 0.636896 0.044922 0.023426
0 0.602539 0.679356 0.011719 0.016105
0 0.353516 0.729502 0.271484 0.027086
0 0.560547 0.728404 0.128906 0.021962
0 0.418457 0.750366 0.346680 0.029283
0 0.274414 0.772328 0.103516 0.021962
0 0.355469 0.771596 0.042969 0.020498
0 0.503906 0.768668 0.244141 0.027818
0 0.301270 0.790996 0.125977 0.022694
0 0.387695 0.789898 0.029297 0.019034
0 0.582031 0.785505 0.050781 0.019034
0 0.286133 0.809297 0.115234 0.021230
0 0.371094 0.808931 0.041016 0.014641
0 0.418945 0.806735 0.041016 0.017570
0 0.467773 0.805271 0.041016 0.017570
0 0.551758 0.801977 0.115234 0.021230
0 0.258789 0.826501 0.027344 0.014641
0 0.466797 0.819912 0.039062 0.017570
0 0.515137 0.819546 0.038086 0.013909
0 0.573242 0.817716 0.058594 0.011713
0 0.398926 0.836018 0.059570 0.014641
0 0.305176 0.825037 0.053925 0.020406
0 0.457520 0.833821 0.040714 0.014458
