0 0.466797 0.104980 0.316406 0.026367
0 0.464193 0.139160 0.404948 0.032227
0 0.682943 0.950684 0.347656 0.030273
0 0.126953 0.852539 0.199219 0.033203
0 0.805339 0.860840 0.141927 0.032227
0 0.467448 0.103027 0.315104 0.028320
0 0.093750 0.173828 0.057292 0.023438
0 0.468099 0.226074 0.444010 0.043945
0 0.302083 0.265625 0.046875 0.023438
0 0.395833 0.265625 0.072917 0.023438
0 0.552083 0.269531 0.130208 0.031250
0 0.739583 0.266602 0.177083 0.029297
0 0.346354 0.303711 0.562500 0.029297
0 0.575521 0.338867 0.114583 0.029297
0 0.325521 0.381836 0.549479 0.035156
0 0.363281 0.416016 0.070312 0.023438
0 0.576823 0.418945 0.117188 0.029297
0 0.300781 0.463867 0.526042 0.035156
0 0.358073 0.500000 0.070312 0.023438
0 0.578125 0.502930 0.119792 0.029297
0 0.382812 0.550781 0.710938 0.037109
0 0.354167 0.588867 0.072917 0.025391
0 0.588542 0.592773 0.106771 0.035156
0 0.820312 0.595703 0.127604 0.037109
0 0.578125 0.684570 0.127604 0.035156
0 0.371094 0.730469 0.687500 0.041016
0 0.163411 0.854980 0.095052 0.040039
0 0.466146 0.899414 0.083333 0.029297
0 0.462240 0.987305 0.231771 0.025391
0 0.072266 0.815430 0.102358 0.046642
