0 0.456380 0.163086 0.305990 0.050781
0 0.454427 0.202148 0.364583 0.033203
0 0.140625 0.633301 0.179688 0.032227
0 0.768880 0.630859 0.131510 0.031250
0 0.454427 0.168457 0.296875 0.041992
0 0.106771 0.237305 0.054688 0.019531
0 0.457031 0.291016 0.414062 0.046875
0 0.130208 0.327148 0.057292 0.025391
0 0.307292 0.332031 0.046875 0.027344
0 0.393229 0.331055 0.067708 0.025391
0 0.535156 0.329102 0.125000 0.035156
0 0.365885 0.362305 0.552083 0.035156
0 0.368490 0.397461 0.057292 0.019531
0 0.555990 0.395508 0.106771 0.029297
0 0.335938 0.436523 0.513021 0.035156
0 0.364583 0.470703 0.062500 0.023438
0 0.557292 0.470703 0.109375 0.027344
0 0.764323 0.469727 0.106771 0.029297
0 0.360677 0.545898 0.062500 0.019531
0 0.557292 0.548828 0.109375 0.027344
0 0.119141 0.598633 0.139323 0.041016
0 0.134766 0.636230 0.167969 0.040039
0 0.167969 0.669922 0.242188 0.031250
0 0.457031 0.676758 0.075521 0.029297
0 0.113281 0.736328 0.127604 0.031250
0 0.222656 0.778320 0.356771 0.048828
0 0.128906 0.820312 0.179688 0.031250
0 0.812500 0.821289 0.046875 0.029297
0 0.779948 0.864258 0.114583 0.035156
0 0.163411 0.910645 0.264323 0.041992
0 0.221354 0.949219 0.380208 0.046875
0 0.300130 0.210449 0.071272 0.031862
0 0.202474 0.329590 0.092296 0.037834
0 0.723958 0.392090 0.075046 0.033860
