0 0.433854 0.030469 0.221875 0.023438
0 0.487500 0.069531 0.345833 0.042188
0 0.561979 0.244922 0.309375 0.022656
0 0.488021 0.524609 0.442708 0.033594
0 0.384375 0.055469 0.029167 0.015625
0 0.372917 0.067969 0.027083 0.015625
0 0.434375 0.067187 0.085417 0.018750
0 0.551042 0.067187 0.118750 0.018750
0 0.355208 0.082812 0.085417 0.018750
0 0.627083 0.081250 0.062500 0.018750
0 0.319792 0.096875 0.039583 0.018750
0 0.371875 0.096875 0.052083 0.018750
0 0.425000 0.097656 0.035417 0.012500
0 0.319792 0.112500 0.039583 0.018750
0 0.635417 0.110156 0.027083 0.015625
0 0.303125 0.130469 0.052083 0.020313
0 0.363542 0.128906 0.050000 0.015625
0 0.430208 0.128125 0.052083 0.018750
0 0.355208 0.178906 0.089583 0.020313
0 0.535417 0.178125 0.075000 0.018750
0 0.416667 0.204687 0.083333 0.018750
0 0.515104 0.204297 0.055208 0.022656
0 0.594792 0.200781 0.052083 0.020313
0 0.305208 0.225000 0.118750 0.025000
0 0.396875 0.223438 0.052083 0.018750
0 0.448958 0.221875 0.039583 0.018750
0 0.496875 0.221875 0.037500 0.014063
0 0.641667 0.219531 0.120833 0.020313
0 0.271875 0.253906 0.052083 0.020313
0 0.329167 0.250000 0.033333 0.021875
0 0.270833 0.269922 0.054167 0.022656
0 0.370833 0.267969 0.133333 0.020313
0 0.360417 0.323437 0.014583 0.017188
0 0.483333 0.321875 0.125000 0.021875
0 0.314583 0.342187 0.091667 0.021875
0 0.484375 0.373828 0.118750 0.024219
0 0.651042 0.371875 0.118750 0.021875
0 0.320833 0.392969 0.087500 0.020313
0 0.584375 0.389844 0.114583 0.023438
0 0.604167 0.405469 0.200000 0.023438
0 0.646875 0.420312 0.114583 0.021875
0 0.302083 0.444531 0.041667 0.020313
0 0.581250 0.436719 0.112500 0.020313
0 0.489583 0.456250 0.125000 0.018750
0 0.490625 0.471094 0.102083 0.020313
0 0.644792 0.468750 0.114583 0.018750
0 0.584375 0.485938 0.102083 0.021875
0 0.330208 0.496094 0.085417 0.020313
0 0.442708 0.522656 0.175000 0.028125
0 0.643750 0.517969 0.116667 0.020313
0 0.365625 0.543750 0.081250 0.021875
0 0.434375 0.564844 0.170833 0.031250
0 0.307812 0.574609 0.076042 0.022656
0 0.633333 0.575781 0.129167 0.023438
0 0.320833 0.590625 0.095833 0.025000
0 0.405208 0.607812 0.035417 0.018750
0 0.302083 0.619531 0.054167 0.020313
0 0.388542 0.635156 0.047917 0.020313
0 0.361979 0.651953 0.040625 0.021094
0 0.515625 0.651563 0.035417 0.018750
0 0.415104 0.677344 0.059375 0.023438
0 0.341667 0.688281 0.079167 0.023438
0 0.613542 0.688281 0.035417 0.020313
0 0.350000 0.702344 0.093750 0.028125
0 0.484896 0.700781 0.096875 0.023438
0 0.345833 0.717969 0.079167 0.023438
0 0.608333 0.719531 0.025000 0.020313
0 0.323958 0.735938 0.039583 0.018750
0 0.325000 0.751563 0.037500 0.018750
0 0.392708 0.747656 0.091667 0.031250
0 0.612500 0.746875 0.018750 0.017188
0 0.610417 0.769531 0.025000 0.020313
0 0.332292 0.781250 0.047917 0.018750
0 0.514583 0.789062 0.125000 0.025000
0 0.431250 0.798438 0.037500 0.018750
0 0.500000 0.804688 0.037500 0.018750
0 0.355729 0.613281 0.051869 0.024433
0 0.414062 0.645312 0.062687 0.025814
0 0.297396 0.645703 0.043794 0.022256
0 0.419792 0.692969 0.050228 0.021986
0 0.560417 0.696484 0.051663 0.025489
0 0.410938 0.708984 0.052425 0.023672
0 0.377083 0.759766 0.040669 0.022474
0 0.330729 0.765625 0.052271 0.022738
0 0.459896 0.807031 0.038770 0.018996
0 0.668229 0.848047 0.063466 0.025611
