0 0.509766 0.368652 0.188802 0.020508
0 0.508464 0.394531 0.230469 0.019531
0 0.634115 0.808594 0.203125 0.017578
0 0.307943 0.749023 0.092448 0.019531
0 0.700521 0.751953 0.075521 0.015625
0 0.509766 0.368164 0.194010 0.025391
0 0.584635 0.396484 0.083333 0.013672
0 0.289062 0.412109 0.033854 0.013672
0 0.510417 0.452148 0.255208 0.029297
0 0.509115 0.478516 0.111979 0.023438
0 0.416667 0.498047 0.028646 0.017578
0 0.472656 0.500000 0.041667 0.013672
0 0.559896 0.501953 0.078125 0.023438
0 0.665365 0.500977 0.104167 0.019531
0 0.486979 0.522461 0.421875 0.025391
0 0.458333 0.543945 0.039062 0.015625
0 0.566406 0.544922 0.078125 0.017578
0 0.580729 0.593750 0.054688 0.017578
0 0.312500 0.612305 0.080729 0.019531
0 0.578125 0.616211 0.054688 0.019531
0 0.454427 0.665039 0.041667 0.015625
0 0.571615 0.665039 0.067708 0.019531
0 0.304688 0.695312 0.088542 0.023438
0 0.333333 0.769531 0.151042 0.023438
0 0.509115 0.775391 0.046875 0.017578
0 0.410807 0.391602 0.050360 0.025040
