0 0.465042 0.330566 0.502119 0.030273
0 0.389831 0.353516 0.601695 0.031250
0 0.435381 0.547852 0.807203 0.029297
0 0.334746 0.421875 0.508475 0.025391
0 0.467161 0.333008 0.510593 0.029297
0 0.163136 0.349609 0.156780 0.023438
0 0.523305 0.354492 0.334746 0.025391
0 0.247881 0.376953 0.326271 0.027344
0 0.213983 0.398438 0.266949 0.023438
0 0.400424 0.402344 0.067797 0.017578
0 0.532839 0.402344 0.213983 0.027344
0 0.228814 0.419922 0.305085 0.023438
0 0.504237 0.448242 0.063559 0.015625
0 0.150424 0.468750 0.216102 0.023438
0 0.523305 0.474609 0.118644 0.017578
0 0.130297 0.491211 0.192797 0.029297
0 0.163136 0.517578 0.258475 0.023438
0 0.274364 0.936035 0.451271 0.026367
0 0.228814 0.958008 0.351695 0.019531
0 0.104873 0.442871 0.073581 0.019968
0 0.075212 0.543945 0.111447 0.032862
