0 0.428385 0.106445 0.203125 0.033203
0 0.425130 0.131348 0.253906 0.036133
0 0.576172 0.886719 0.214844 0.033203
0 0.223307 0.659180 0.113281 0.021484
0 0.632812 0.649902 0.093750 0.020508
0 0.486979 0.113281 0.070312 0.017578
0 0.217448 0.205078 0.044271 0.023438
0 0.333333 0.213867 0.028646 0.015625
0 0.389323 0.213867 0.041667 0.015625
0 0.264323 0.230469 0.158854 0.031250
0 0.445312 0.237305 0.200521 0.019531
0 0.303385 0.277344 0.236979 0.031250
0 0.493490 0.284180 0.036458 0.015625
0 0.561198 0.284180 0.067708 0.019531
0 0.498698 0.306641 0.052083 0.017578
0 0.625000 0.304688 0.054688 0.017578
0 0.263672 0.323730 0.162760 0.032227
0 0.385417 0.330078 0.080729 0.017578
0 0.493490 0.352539 0.067708 0.019531
0 0.618490 0.350586 0.067708 0.019531
0 0.298828 0.372559 0.235677 0.028320
0 0.494792 0.378906 0.028646 0.013672
0 0.494792 0.401367 0.065104 0.015625
0 0.621094 0.399414 0.067708 0.019531
0 0.110677 0.448242 0.083333 0.074219
0 0.500000 0.448242 0.054688 0.019531
0 0.475260 0.473633 0.255208 0.019531
0 0.496094 0.495117 0.067708 0.019531
0 0.622396 0.495117 0.070312 0.019531
0 0.239583 0.545898 0.122396 0.019531
0 0.498698 0.543945 0.067708 0.019531
0 0.221354 0.569336 0.091146 0.019531
0 0.304688 0.569336 0.028646 0.015625
0 0.498698 0.567383 0.067708 0.019531
0 0.335938 0.604492 0.028646 0.015625
0 0.223958 0.626953 0.114583 0.023438
0 0.627604 0.620117 0.080729 0.019531
0 0.214844 0.660156 0.106771 0.027344
0 0.247396 0.682617 0.166667 0.025391
0 0.437500 0.680664 0.049479 0.019531
0 0.263021 0.753906 0.187500 0.027344
0 0.664062 0.769531 0.028646 0.017578
0 0.229167 0.782715 0.122396 0.020508
0 0.250000 0.808594 0.171875 0.027344
0 0.252604 0.837891 0.171875 0.027344
0 0.290365 0.862305 0.247396 0.025391
0 0.437500 0.922852 0.151042 0.025391
0 0.423177 0.942383 0.367188 0.029297
0 0.387370 0.108398 0.123673 0.033003
0 0.324870 0.128906 0.053091 0.029037
0 0.265625 0.210449 0.062344 0.026043
0 0.447266 0.283691 0.058384 0.022011
0 0.197266 0.603516 0.068594 0.030859
