0 0.421007 0.378418 0.414931 0.059570
0 0.426215 0.400391 0.362847 0.048828
0 0.304688 0.443359 0.269097 0.035156
0 0.322049 0.577148 0.161458 0.031250
0 0.717014 0.538574 0.083333 0.022461
0 0.581597 0.388672 0.048611 0.013672
0 0.420139 0.402344 0.045139 0.013672
0 0.300347 0.414062 0.104167 0.017578
0 0.482639 0.415039 0.045139 0.015625
0 0.378472 0.422852 0.038194 0.015625
0 0.479167 0.430664 0.079861 0.019531
0 0.411458 0.436523 0.055556 0.015625
0 0.214410 0.484863 0.078125 0.020508
0 0.538194 0.481445 0.059028 0.015625
0 0.322917 0.501953 0.093750 0.017578
0 0.324653 0.520508 0.128472 0.025391
0 0.343750 0.554688 0.059028 0.017578
0 0.547743 0.369141 0.153624 0.037638
0 0.256076 0.394043 0.096865 0.035642
0 0.374132 0.406738 0.049456 0.015715
0 0.606771 0.418457 0.185629 0.031441
0 0.341146 0.442383 0.088175 0.022342
0 0.263021 0.450684 0.091867 0.023334
0 0.285590 0.479492 0.075852 0.019287
0 0.707465 0.518066 0.087286 0.022222
0 0.265625 0.541504 0.074606 0.022518
0 0.717882 0.541504 0.087286 0.022222
0 0.721354 0.555664 0.086759 0.021179
0 0.274306 0.560059 0.089022 0.024337
0 0.351562 0.577637 0.069147 0.020504
0 0.281250 0.584961 0.089022 0.023264
0 0.338542 0.593262 0.085284 0.024372
0 0.398438 0.622070 0.058491 0.019745
