0 0.468099 0.231445 0.358073 0.027344
0 0.461589 0.270020 0.446615 0.030273
0 0.711589 0.711914 0.373698 0.033203
0 0.100911 0.612305 0.201823 0.033203
0 0.856771 0.607910 0.125000 0.026367
0 0.468750 0.230469 0.359375 0.031250
0 0.110026 0.424805 0.180990 0.041016
0 0.278646 0.421875 0.057292 0.031250
0 0.389323 0.419922 0.085938 0.031250
0 0.533203 0.420410 0.089844 0.036133
0 0.786458 0.416016 0.210938 0.037109
0 0.428385 0.464355 0.848958 0.041992
0 0.231771 0.507812 0.023438 0.021484
0 0.359375 0.507812 0.078125 0.027344
0 0.852214 0.508301 0.136719 0.041992
0 0.291667 0.575195 0.023438 0.023438
0 0.859375 0.610352 0.132812 0.035156
0 0.488281 0.656250 0.085938 0.031250
0 0.507812 0.752441 0.184896 0.040039
0 0.610026 0.421387 0.072628 0.043203
