0 0.510254 0.059066 0.239258 0.039011
0 0.512695 0.081868 0.351562 0.042857
0 0.213867 0.814286 0.201172 0.028571
0 0.765625 0.842033 0.095703 0.018132
0 0.660156 0.071978 0.052734 0.021978
0 0.400391 0.171429 0.068359 0.020879
0 0.743652 0.191758 0.243164 0.032967
0 0.193848 0.258516 0.092773 0.023626
0 0.801758 0.430769 0.087891 0.017582
0 0.150391 0.480220 0.013672 0.012088
0 0.470703 0.489560 0.066406 0.016484
0 0.283203 0.520330 0.296875 0.028571
0 0.269043 0.647802 0.286133 0.024176
0 0.215820 0.768681 0.054688 0.019780
0 0.186523 0.789835 0.136719 0.023626
0 0.258789 0.817033 0.105469 0.019780
0 0.279785 0.839835 0.055664 0.017033
0 0.765625 0.841758 0.097656 0.020879
0 0.178711 0.856044 0.033203 0.017582
0 0.341797 0.893407 0.154297 0.020879
0 0.573242 0.053297 0.128302 0.029212
0 0.486816 0.062363 0.059023 0.022978
0 0.427734 0.066758 0.077755 0.025686
0 0.611816 0.075549 0.050967 0.023314
0 0.365723 0.083791 0.062819 0.024573
0 0.508301 0.108516 0.154669 0.030648
0 0.463867 0.171978 0.070200 0.024503
0 0.408691 0.271703 0.088535 0.026798
0 0.181641 0.283516 0.075781 0.026242
0 0.252441 0.287637 0.086664 0.026798
0 0.368652 0.294231 0.165021 0.032335
0 0.504395 0.364286 0.050967 0.023947
0 0.175293 0.453846 0.074826 0.024015
0 0.339355 0.459615 0.060823 0.024573
0 0.458008 0.524451 0.073871 0.024573
0 0.163086 0.810989 0.093608 0.025130
0 0.213379 0.836813 0.084722 0.024015
