0 0.455729 0.221191 0.394097 0.036133
0 0.398438 0.242188 0.467014 0.035156
0 0.359375 0.305176 0.388889 0.032227
0 0.264757 0.514160 0.258681 0.030273
0 0.677951 0.517578 0.140625 0.015625
0 0.187500 0.234375 0.055556 0.023438
0 0.250000 0.237305 0.062500 0.025391
0 0.283854 0.285645 0.171875 0.032227
0 0.486111 0.293945 0.204861 0.019531
0 0.484375 0.313477 0.125000 0.019531
0 0.505208 0.381836 0.090278 0.019531
0 0.289931 0.400391 0.048611 0.013672
0 0.505208 0.403320 0.090278 0.019531
0 0.503472 0.424805 0.093750 0.019531
0 0.222222 0.443359 0.180556 0.027344
0 0.268229 0.490723 0.279514 0.028320
0 0.717014 0.493164 0.041667 0.019531
0 0.421875 0.545898 0.413194 0.029297
0 0.289062 0.922363 0.449653 0.030273
0 0.111979 0.946289 0.092014 0.027344
0 0.328993 0.946289 0.182292 0.025391
0 0.198785 0.259277 0.084797 0.026043
0 0.176215 0.372559 0.088007 0.031862
0 0.231771 0.396973 0.074296 0.024035
