0 0.504861 0.223828 0.601389 0.035156
0 0.502083 0.249219 0.093056 0.023438
0 0.506944 0.277344 0.641667 0.028125
0 0.370833 0.425391 0.397222 0.019531
0 0.505556 0.296094 0.236111 0.018750
0 0.330556 0.679688 0.286111 0.018750
0 0.779861 0.673438 0.148611 0.025000
0 0.497222 0.248438 0.077778 0.021875
0 0.412500 0.297656 0.050000 0.015625
0 0.501389 0.317188 0.258333 0.021875
0 0.504167 0.344531 0.372222 0.031250
0 0.206944 0.428906 0.066667 0.015625
0 0.197222 0.453906 0.041667 0.012500
0 0.463889 0.488281 0.030556 0.015625
0 0.565278 0.486719 0.044444 0.015625
0 0.668056 0.493750 0.047222 0.018750
0 0.793056 0.529687 0.086111 0.018750
0 0.275000 0.548438 0.094444 0.018750
0 0.798611 0.606250 0.086111 0.018750
0 0.604167 0.640625 0.069444 0.018750
0 0.800000 0.637500 0.088889 0.018750
0 0.323611 0.682813 0.288889 0.031250
0 0.277778 0.743750 0.183333 0.021875
0 0.523611 0.788281 0.275000 0.023438
0 0.377778 0.834375 0.116667 0.018750
0 0.291667 0.923828 0.452778 0.032031
0 0.113889 0.947656 0.088889 0.023438
0 0.327778 0.946484 0.183333 0.025781
0 0.565972 0.275391 0.056107 0.023883
0 0.197917 0.946875 0.097990 0.032559
