0 0.494792 0.305664 0.190104 0.023438
0 0.494792 0.330078 0.223958 0.021484
0 0.632161 0.898438 0.188802 0.023438
0 0.337240 0.674805 0.104167 0.019531
0 0.686849 0.671875 0.069010 0.019531
0 0.494141 0.305664 0.180990 0.019531
0 0.290365 0.352539 0.036458 0.015625
0 0.500000 0.384766 0.239583 0.027344
0 0.462240 0.408203 0.041667 0.017578
0 0.531250 0.408203 0.039062 0.013672
0 0.565104 0.408203 0.036458 0.023438
0 0.645833 0.406250 0.096354 0.017578
0 0.565104 0.448242 0.049479 0.015625
0 0.674479 0.446289 0.059896 0.015625
0 0.454427 0.492188 0.036458 0.013672
0 0.562500 0.492188 0.059896 0.017578
0 0.677083 0.490234 0.059896 0.017578
0 0.454427 0.536133 0.036458 0.011719
0 0.562500 0.536133 0.059896 0.015625
0 0.679688 0.534180 0.059896 0.015625
0 0.457031 0.580078 0.036458 0.013672
0 0.570312 0.580078 0.049479 0.017578
0 0.684896 0.577148 0.054688 0.019531
0 0.457031 0.625000 0.036458 0.013672
0 0.688802 0.625000 0.052083 0.017578
0 0.330729 0.674805 0.096354 0.019531
0 0.688802 0.671875 0.062500 0.017578
0 0.515625 0.693359 0.044271 0.017578
0 0.695312 0.719727 0.054688 0.015625
0 0.442708 0.752930 0.132812 0.019531
0 0.339844 0.801758 0.098958 0.015625
0 0.358073 0.822266 0.143229 0.023438
0 0.699219 0.820312 0.052083 0.017578
0 0.360677 0.845703 0.143229 0.023438
0 0.695312 0.866211 0.065104 0.019531
0 0.657552 0.898438 0.138021 0.023438
0 0.515625 0.923828 0.130208 0.023438
0 0.563151 0.897949 0.058277 0.026043
