0 0.456380 0.291016 0.191406 0.019531
0 0.455078 0.316895 0.240885 0.022461
0 0.595703 0.887695 0.204427 0.021484
0 0.268229 0.654297 0.104167 0.019531
0 0.660156 0.653809 0.075521 0.016602
0 0.457031 0.290527 0.200521 0.030273
0 0.233073 0.344727 0.031250 0.011719
0 0.459635 0.377930 0.265625 0.035156
0 0.277344 0.408203 0.096354 0.023438
0 0.361979 0.405273 0.028646 0.015625
0 0.509115 0.403320 0.078125 0.019531
0 0.621094 0.399414 0.109375 0.019531
0 0.436849 0.426758 0.428385 0.029297
0 0.401042 0.449219 0.039062 0.013672
0 0.522135 0.448242 0.067708 0.019531
0 0.408854 0.475586 0.375000 0.025391
0 0.524740 0.497070 0.067708 0.019531
0 0.375000 0.526367 0.312500 0.025391
0 0.402344 0.548828 0.041667 0.013672
0 0.528646 0.547852 0.059896 0.019531
0 0.442057 0.575684 0.454427 0.026367
0 0.403646 0.599609 0.039062 0.013672
0 0.529948 0.598633 0.057292 0.019531
0 0.657552 0.597656 0.072917 0.017578
0 0.286458 0.676758 0.148438 0.019531
0 0.462240 0.678711 0.046875 0.019531
0 0.253906 0.717773 0.078125 0.019531
0 0.265625 0.769531 0.114583 0.023438
0 0.286458 0.795898 0.156250 0.025391
0 0.673177 0.795898 0.057292 0.019531
0 0.243490 0.846680 0.067708 0.019531
0 0.393229 0.851562 0.088542 0.023438
0 0.462240 0.916992 0.148438 0.025391
0 0.450521 0.936523 0.359375 0.029297
