0 0.288194 0.156250 0.163194 0.023438
0 0.545139 0.116699 0.239583 0.014648
0 0.546007 0.152344 0.203125 0.019531
0 0.363715 0.222168 0.321181 0.014648
0 0.332465 0.438965 0.279514 0.016602
0 0.694444 0.436523 0.100694 0.017578
0 0.467014 0.270508 0.083333 0.015625
0 0.418403 0.288086 0.055556 0.015625
0 0.286458 0.304688 0.166667 0.015625
0 0.284722 0.338867 0.170139 0.015625
0 0.284722 0.373047 0.170139 0.015625
0 0.500000 0.372070 0.045139 0.015625
0 0.718750 0.368164 0.045139 0.015625
0 0.284722 0.408203 0.170139 0.017578
0 0.503472 0.406250 0.045139 0.013672
0 0.717014 0.402344 0.048611 0.017578
0 0.696181 0.438477 0.097222 0.015625
0 0.699653 0.473633 0.097222 0.015625
0 0.697917 0.490234 0.100694 0.017578
0 0.246528 0.512695 0.072917 0.015625
0 0.703125 0.507812 0.090278 0.017578
0 0.309028 0.584961 0.232639 0.019531
0 0.571181 0.583008 0.069444 0.015625
0 0.689236 0.581055 0.125000 0.015625
0 0.638021 0.618164 0.234375 0.019531
0 0.290799 0.922363 0.453125 0.030273
0 0.111979 0.946289 0.092014 0.027344
0 0.330729 0.945312 0.185764 0.027344
0 0.196181 0.946289 0.096727 0.032862
