0 0.483073 0.121094 0.346354 0.033203
0 0.479818 0.092285 0.277344 0.034180
0 0.696615 0.832031 0.309896 0.035156
0 0.190755 0.706055 0.167969 0.027344
0 0.795573 0.701660 0.135417 0.022461
0 0.480469 0.094238 0.278646 0.038086
0 0.151042 0.141602 0.054688 0.019531
0 0.218099 0.227539 0.139323 0.031250
0 0.347656 0.228516 0.044271 0.023438
0 0.428385 0.228516 0.065104 0.023438
0 0.562500 0.232422 0.114583 0.027344
0 0.720052 0.232422 0.148438 0.023438
0 0.338542 0.258789 0.406250 0.029297
0 0.408854 0.287109 0.059896 0.017578
0 0.587240 0.290039 0.096354 0.025391
0 0.463542 0.325195 0.666667 0.029297
0 0.217448 0.358398 0.187500 0.037109
0 0.600260 0.359375 0.080729 0.027344
0 0.186198 0.390625 0.127604 0.027344
0 0.408854 0.391602 0.059896 0.019531
0 0.598958 0.393555 0.083333 0.025391
0 0.781250 0.393555 0.098958 0.025391
0 0.408854 0.462891 0.062500 0.023438
0 0.601562 0.464844 0.083333 0.027344
0 0.787760 0.464844 0.101562 0.027344
0 0.210938 0.541992 0.195312 0.035156
0 0.604167 0.540039 0.083333 0.029297
0 0.180990 0.579102 0.132812 0.029297
0 0.604167 0.575195 0.088542 0.029297
0 0.790365 0.574707 0.106771 0.030273
0 0.173177 0.628906 0.140625 0.037109
0 0.350260 0.628906 0.044271 0.023438
0 0.190104 0.663086 0.174479 0.041016
0 0.794271 0.656250 0.119792 0.031250
0 0.179688 0.710938 0.153646 0.037109
0 0.796875 0.703125 0.119792 0.031250
0 0.225260 0.743164 0.239583 0.035156
0 0.502604 0.743164 0.072917 0.029297
0 0.796875 0.741211 0.119792 0.029297
0 0.800130 0.778809 0.108073 0.036133
0 0.500000 0.876953 0.216146 0.037109
0 0.473307 0.903809 0.529948 0.047852
