0 0.507324 0.100366 0.354492 0.023443
0 0.652832 0.674725 0.184570 0.021978
0 0.407715 0.433700 0.233398 0.027839
0 0.703613 0.432601 0.075195 0.019780
0 0.620117 0.106227 0.023438 0.014652
0 0.444336 0.117216 0.130859 0.020513
0 0.613281 0.120147 0.080078 0.013187
0 0.670898 0.117949 0.023438 0.008791
0 0.395508 0.130403 0.033203 0.017582
0 0.531250 0.134799 0.111328 0.013187
0 0.368164 0.186081 0.044922 0.017582
0 0.488281 0.207326 0.033203 0.014652
0 0.616211 0.235897 0.126953 0.017582
0 0.458984 0.251282 0.054688 0.019048
0 0.335938 0.269597 0.078125 0.017582
0 0.365234 0.283150 0.140625 0.022711
0 0.619141 0.281319 0.128906 0.017582
0 0.588867 0.297436 0.068359 0.017582
0 0.619629 0.330403 0.131836 0.021978
0 0.333984 0.368498 0.078125 0.019048
0 0.431152 0.363736 0.114258 0.027106
0 0.531250 0.363370 0.058594 0.017582
0 0.333008 0.386081 0.076172 0.019048
0 0.620605 0.380586 0.129883 0.022711
0 0.464844 0.397802 0.070312 0.019048
0 0.700195 0.432967 0.068359 0.019048
0 0.697266 0.468132 0.082031 0.019048
0 0.319336 0.622711 0.052734 0.020513
0 0.377930 0.621978 0.041016 0.021978
0 0.650879 0.673993 0.186523 0.029304
0 0.686523 0.730403 0.095703 0.019048
0 0.361328 0.769963 0.039062 0.019048
0 0.450195 0.785348 0.037109 0.017582
0 0.504883 0.785348 0.060547 0.017582
0 0.316406 0.824908 0.035156 0.020513
0 0.368652 0.099634 0.057480 0.021783
0 0.415039 0.184982 0.045239 0.019896
0 0.448730 0.208059 0.038514 0.020931
0 0.367676 0.826007 0.055223 0.026894
0 0.499512 0.867399 0.062953 0.030531
