0 0.257324 0.445964 0.024414 0.225260
0 0.281250 0.449219 0.025391 0.200521
0 0.359863 0.619792 0.030273 0.291667
0 0.506836 0.647135 0.027344 0.250000
0 0.514160 0.327474 0.018555 0.079427
0 0.472656 0.308594 0.017578 0.041667
0 0.514648 0.309896 0.015625 0.039062
0 0.514648 0.348958 0.015625 0.028646
0 0.709961 0.363281 0.015625 0.052083
0 0.284180 0.391276 0.027344 0.092448
0 0.467773 0.501302 0.019531 0.041667
0 0.426758 0.509115 0.019531 0.041667
0 0.705078 0.506510 0.017578 0.067708
0 0.425781 0.548177 0.017578 0.031250
0 0.768555 0.614583 0.019531 0.138021
0 0.270996 0.682943 0.038086 0.162760
0 0.442383 0.692708 0.019531 0.065104
