0 0.511719 0.375000 0.187500 0.017578
0 0.512370 0.398438 0.243490 0.017578
0 0.667969 0.909180 0.197917 0.019531
0 0.339844 0.806152 0.114583 0.020508
0 0.735677 0.803223 0.075521 0.016602
0 0.516927 0.454102 0.263021 0.029297
0 0.424479 0.481445 0.028646 0.015625
0 0.479167 0.479492 0.044271 0.015625
0 0.587240 0.522461 0.067708 0.019531
0 0.486979 0.551758 0.416667 0.025391
0 0.589844 0.571289 0.067708 0.019531
0 0.718750 0.569336 0.070312 0.019531
0 0.597656 0.597656 0.031250 0.017578
0 0.608073 0.622070 0.041667 0.019531
0 0.600260 0.645508 0.057292 0.019531
0 0.726562 0.643555 0.070312 0.019531
0 0.729167 0.696289 0.070312 0.019531
0 0.733073 0.749023 0.072917 0.019531
0 0.434896 0.788086 0.028646 0.015625
0 0.734375 0.803711 0.080729 0.019531
0 0.734375 0.833008 0.080729 0.019531
0 0.539062 0.857422 0.049479 0.017578
0 0.733073 0.880859 0.083333 0.017578
0 0.380208 0.952148 0.033854 0.015625
0 0.560547 0.599121 0.047710 0.026043
