0 0.421224 0.146973 0.191406 0.026367
0 0.414714 0.163574 0.238281 0.022461
0 0.568359 0.912109 0.217448 0.035156
0 0.209635 0.830566 0.127604 0.024414
0 0.635417 0.812988 0.091146 0.028320
0 0.984375 0.078125 0.028646 0.017578
0 0.082682 0.155273 0.165365 0.082031
0 0.475911 0.150391 0.066406 0.019531
0 0.420573 0.208984 0.252604 0.031250
0 0.218750 0.223633 0.039062 0.015625
0 0.369792 0.310547 0.039062 0.013672
0 0.488281 0.314453 0.062500 0.017578
0 0.608073 0.319336 0.062500 0.015625
0 0.353516 0.333008 0.345052 0.029297
0 0.371094 0.353516 0.041667 0.013672
0 0.489583 0.358398 0.065104 0.015625
0 0.611979 0.362305 0.059896 0.015625
0 0.369792 0.400391 0.039062 0.013672
0 0.489583 0.403320 0.065104 0.019531
0 0.613281 0.406250 0.062500 0.017578
0 0.069661 0.427734 0.139323 0.087891
0 0.490885 0.452148 0.067708 0.019531
0 0.614583 0.452148 0.065104 0.019531
0 0.405599 0.475586 0.470052 0.029297
0 0.368490 0.498047 0.041667 0.013672
0 0.490885 0.499023 0.067708 0.019531
0 0.617188 0.499023 0.065104 0.019531
0 0.384115 0.525391 0.424479 0.023438
0 0.368490 0.547852 0.041667 0.015625
0 0.492188 0.547852 0.070312 0.019531
0 0.621094 0.547852 0.067708 0.019531
0 0.493490 0.598633 0.067708 0.019531
0 0.622396 0.598633 0.070312 0.019531
0 0.388021 0.627930 0.453125 0.025391
0 0.492188 0.650391 0.072917 0.023438
0 0.625000 0.649414 0.070312 0.019531
0 0.361979 0.681641 0.406250 0.027344
0 0.609375 0.676758 0.065104 0.019531
0 0.365885 0.706055 0.041667 0.015625
0 0.494792 0.704102 0.070312 0.019531
0 0.628906 0.702148 0.067708 0.019531
0 0.365885 0.762695 0.041667 0.015625
0 0.496094 0.758789 0.072917 0.019531
0 0.630208 0.755859 0.072917 0.023438
0 0.322917 0.803711 0.028646 0.015625
0 0.631510 0.812500 0.085938 0.023438
0 0.634115 0.840820 0.085938 0.025391
0 0.230469 0.854492 0.174479 0.029297
0 0.430990 0.849609 0.054688 0.023438
0 0.634115 0.870117 0.085938 0.025391
0 0.205729 0.928711 0.083333 0.025391
0 0.428385 0.950195 0.158854 0.029297
0 0.566406 0.964844 0.070312 0.023438
0 0.358073 0.974609 0.273438 0.027344
0 0.947917 0.049805 0.057277 0.031022
0 0.263672 0.226074 0.058445 0.022011
0 0.512370 0.968262 0.048462 0.024788
