0 0.440104 0.222168 0.508681 0.020508
0 0.375868 0.250977 0.619792 0.027344
0 0.326389 0.334961 0.524306 0.019531
0 0.217882 0.489746 0.331597 0.026367
0 0.765625 0.476074 0.156250 0.026367
0 0.201389 0.311523 0.263889 0.025391
0 0.484375 0.308594 0.267361 0.027344
0 0.482639 0.333984 0.180556 0.023438
0 0.144965 0.367188 0.157986 0.027344
0 0.399306 0.364258 0.045139 0.019531
0 0.494792 0.362305 0.062500 0.019531
0 0.520833 0.392578 0.118056 0.023438
0 0.752604 0.414062 0.151042 0.031250
0 0.186632 0.426758 0.098958 0.029297
0 0.223958 0.458008 0.350694 0.025391
0 0.761285 0.476074 0.154514 0.032227
0 0.428819 0.525391 0.538194 0.046875
0 0.112847 0.947266 0.086806 0.023438
0 0.330729 0.945312 0.185764 0.027344
0 0.196181 0.946289 0.096727 0.032862
