0 0.473090 0.251953 0.425347 0.017578
0 0.404514 0.277344 0.506944 0.019531
0 0.377604 0.350098 0.428819 0.020508
0 0.285590 0.504883 0.272569 0.019531
0 0.733507 0.496582 0.123264 0.016602
0 0.272569 0.329102 0.225694 0.023438
0 0.510417 0.328125 0.229167 0.023438
0 0.190972 0.377930 0.059028 0.019531
0 0.517361 0.375000 0.052083 0.017578
0 0.223090 0.452148 0.161458 0.029297
0 0.727431 0.446289 0.118056 0.019531
0 0.294271 0.478027 0.296875 0.026367
0 0.769097 0.471680 0.041667 0.019531
0 0.284722 0.506836 0.277778 0.025391
0 0.290799 0.922363 0.453125 0.030273
0 0.330729 0.945312 0.185764 0.027344
0 0.254340 0.379883 0.077888 0.020993
0 0.111979 0.945801 0.094972 0.029854
0 0.196181 0.946289 0.096727 0.032862
