0 0.412109 0.110352 0.227865 0.031250
0 0.409505 0.137695 0.274740 0.029297
0 0.555339 0.822266 0.264323 0.025391
0 0.392578 0.554199 0.571615 0.022461
0 0.406901 0.114258 0.217448 0.029297
0 0.173177 0.225586 0.046875 0.019531
0 0.300781 0.230469 0.031250 0.017578
0 0.464844 0.228516 0.085938 0.023438
0 0.586589 0.221680 0.123698 0.025391
0 0.346354 0.279297 0.044271 0.013672
0 0.479167 0.276367 0.070312 0.019531
0 0.622396 0.268555 0.075521 0.019531
0 0.363281 0.303711 0.455729 0.025391
0 0.614583 0.296875 0.033854 0.017578
0 0.343750 0.329102 0.044271 0.015625
0 0.476562 0.328125 0.078125 0.023438
0 0.622396 0.321289 0.083333 0.025391
0 0.342448 0.381836 0.041667 0.015625
0 0.477865 0.380859 0.080729 0.023438
0 0.384115 0.410156 0.497396 0.027344
0 0.197917 0.437500 0.135417 0.023438
0 0.480469 0.435547 0.075521 0.023438
0 0.174479 0.461914 0.096354 0.019531
0 0.261719 0.462891 0.031250 0.017578
0 0.341146 0.461914 0.044271 0.015625
0 0.164062 0.496094 0.098958 0.023438
0 0.291667 0.498047 0.033854 0.017578
0 0.169271 0.517578 0.125000 0.027344
0 0.154948 0.552734 0.111979 0.027344
0 0.399089 0.579590 0.058594 0.024414
0 0.628906 0.580078 0.101562 0.023438
0 0.141927 0.623047 0.096354 0.023438
0 0.244792 0.653320 0.307292 0.029297
0 0.154948 0.684570 0.132812 0.025391
0 0.665365 0.687500 0.039062 0.023438
0 0.649740 0.721680 0.070312 0.025391
0 0.182292 0.745605 0.187500 0.030273
0 0.261719 0.775391 0.197917 0.037109
0 0.640625 0.783203 0.088542 0.023438
0 0.393229 0.849609 0.171875 0.027344
0 0.402995 0.871094 0.371094 0.031250
0 0.225911 0.228516 0.068884 0.031022
