0 0.273438 0.166016 0.206597 0.029297
0 0.575521 0.121582 0.217014 0.018555
0 0.573785 0.143555 0.286458 0.021484
0 0.577257 0.166016 0.237847 0.017578
0 0.357639 0.247559 0.378472 0.016602
0 0.334201 0.404785 0.338542 0.022461
0 0.759549 0.405273 0.092014 0.013672
0 0.270833 0.346680 0.204861 0.019531
0 0.621528 0.345703 0.038194 0.017578
0 0.755208 0.344727 0.097222 0.019531
0 0.234375 0.368164 0.131944 0.019531
0 0.447917 0.407227 0.093750 0.019531
0 0.760417 0.446289 0.100694 0.019531
0 0.190972 0.555664 0.038194 0.019531
0 0.357639 0.553711 0.163194 0.019531
0 0.691840 0.551270 0.244792 0.020508
0 0.244792 0.576172 0.149306 0.023438
0 0.359375 0.596680 0.378472 0.025391
0 0.684896 0.613770 0.269097 0.026367
0 0.290799 0.922363 0.453125 0.030273
0 0.112847 0.947266 0.086806 0.023438
0 0.331597 0.946289 0.184028 0.025391
0 0.243924 0.554199 0.061144 0.024888
0 0.196181 0.946289 0.096727 0.032862
