0 0.473958 0.325000 0.131250 0.023438
0 0.513542 0.397656 0.285417 0.023438
0 0.438542 0.327344 0.052083 0.023438
0 0.391667 0.400781 0.175000 0.023438
0 0.632292 0.399219 0.039583 0.020313
0 0.390625 0.463281 0.056250 0.020313
0 0.613542 0.463281 0.052083 0.020313
0 0.702083 0.464062 0.033333 0.018750
0 0.317708 0.527344 0.206250 0.023438
0 0.581250 0.528125 0.029167 0.018750
0 0.269792 0.557813 0.118750 0.021875
0 0.316667 0.591406 0.212500 0.020313
0 0.600000 0.593750 0.062500 0.021875
0 0.292187 0.896484 0.453125 0.041406
0 0.244792 0.928125 0.356250 0.039062
