0 0.445312 0.293945 0.382812 0.031250
0 0.693359 0.829590 0.329427 0.053711
0 0.785807 0.723145 0.115885 0.038086
0 0.134766 0.756348 0.188802 0.047852
0 0.440755 0.254883 0.305990 0.042969
0 0.071615 0.320312 0.065104 0.023438
0 0.446615 0.381836 0.411458 0.042969
0 0.303385 0.425781 0.049479 0.027344
0 0.391927 0.425781 0.070312 0.027344
0 0.533854 0.427734 0.119792 0.031250
0 0.695312 0.421875 0.156250 0.027344
0 0.398438 0.461914 0.669271 0.035156
0 0.371094 0.496094 0.065104 0.023438
0 0.558594 0.495117 0.101562 0.029297
0 0.751302 0.490234 0.101562 0.027344
0 0.406901 0.538574 0.694010 0.043945
0 0.375000 0.572266 0.067708 0.023438
0 0.760417 0.565430 0.104167 0.029297
0 0.367188 0.620117 0.619792 0.052734
0 0.772135 0.641602 0.101562 0.029297
0 0.118490 0.722656 0.145833 0.037109
0 0.139323 0.761719 0.187500 0.037109
0 0.177734 0.794922 0.272135 0.050781
0 0.492188 0.783203 0.078125 0.031250
0 0.147135 0.861328 0.125000 0.037109
0 0.401042 0.892578 0.067708 0.031250
0 0.563151 0.882812 0.076823 0.039062
0 0.283854 0.289551 0.077803 0.037834
0 0.190755 0.426270 0.102437 0.043675
0 0.580078 0.648438 0.094322 0.039032
0 0.480469 0.889648 0.106221 0.051562
