0 0.496094 0.126465 0.161458 0.018555
0 0.502604 0.148438 0.218750 0.021484
0 0.501953 0.168457 0.178385 0.018555
0 0.345052 0.251465 0.278646 0.028320
0 0.459635 0.519531 0.466146 0.039062
0 0.278646 0.178711 0.145833 0.029297
0 0.498698 0.189453 0.138021 0.023438
0 0.341146 0.250000 0.156250 0.023438
0 0.441406 0.304688 0.070312 0.023438
0 0.408854 0.325195 0.049479 0.019531
0 0.651042 0.334961 0.039062 0.015625
0 0.454427 0.343750 0.067708 0.017578
0 0.287109 0.348633 0.149740 0.025391
0 0.266927 0.368164 0.036458 0.019531
0 0.654948 0.373047 0.036458 0.017578
0 0.289714 0.388184 0.149740 0.026367
0 0.455729 0.382812 0.070312 0.017578
0 0.236979 0.409180 0.039062 0.019531
0 0.293620 0.427734 0.152344 0.023438
0 0.460938 0.421875 0.070312 0.017578
0 0.402344 0.443359 0.057292 0.017578
0 0.591146 0.434570 0.177083 0.029297
0 0.291667 0.466797 0.093750 0.023438
0 0.647135 0.472656 0.067708 0.017578
0 0.645833 0.511719 0.083333 0.023438
0 0.649740 0.552734 0.083333 0.017578
0 0.270182 0.609375 0.069010 0.025391
0 0.550781 0.637695 0.117188 0.025391
0 0.360677 0.645508 0.085938 0.025391
0 0.471354 0.642578 0.041667 0.023438
0 0.346354 0.689453 0.166667 0.027344
0 0.611328 0.676758 0.188802 0.029297
0 0.608724 0.719727 0.199219 0.029297
0 0.356771 0.732422 0.059896 0.017578
0 0.445312 0.815430 0.028646 0.015625
0 0.257812 0.823242 0.039062 0.019531
0 0.481771 0.876953 0.187500 0.027344
0 0.623698 0.870117 0.083333 0.019531
0 0.479818 0.479980 0.041264 0.018798
0 0.360026 0.522461 0.056413 0.025563
0 0.679036 0.612305 0.043868 0.019745
0 0.427734 0.644043 0.041264 0.018798
0 0.386068 0.793457 0.057526 0.027694
