0 0.412760 0.088867 0.309896 0.041016
0 0.408854 0.129883 0.356771 0.033203
0 0.138021 0.753418 0.166667 0.030273
0 0.707031 0.732422 0.114583 0.033203
0 0.624349 0.864746 0.303385 0.045898
0 0.408203 0.088379 0.290365 0.036133
0 0.316406 0.127930 0.174479 0.029297
0 0.087240 0.162109 0.039062 0.023438
0 0.414062 0.216797 0.377604 0.041016
0 0.157552 0.256836 0.132812 0.029297
0 0.279948 0.254883 0.039062 0.025391
0 0.359375 0.254883 0.062500 0.025391
0 0.462240 0.255859 0.059896 0.023438
0 0.636719 0.254883 0.143229 0.025391
0 0.294271 0.288086 0.427083 0.029297
0 0.338542 0.317383 0.054688 0.019531
0 0.498698 0.319336 0.106771 0.025391
0 0.671875 0.319336 0.109375 0.025391
0 0.375651 0.355469 0.592448 0.029297
0 0.342448 0.383789 0.057292 0.019531
0 0.507812 0.384766 0.093750 0.027344
0 0.269531 0.421875 0.388021 0.027344
0 0.341146 0.450195 0.054688 0.019531
0 0.513021 0.451172 0.093750 0.027344
0 0.335938 0.489746 0.526042 0.030273
0 0.515625 0.519531 0.093750 0.027344
0 0.695312 0.516602 0.093750 0.025391
0 0.360677 0.558594 0.583333 0.041016
0 0.342448 0.590820 0.057292 0.019531
0 0.527344 0.588867 0.080729 0.029297
0 0.345052 0.664062 0.059896 0.023438
0 0.520833 0.661133 0.098958 0.029297
0 0.704427 0.656250 0.096354 0.027344
0 0.156250 0.718750 0.052083 0.027344
0 0.132812 0.752930 0.164062 0.039062
0 0.166667 0.785156 0.231771 0.037109
0 0.436198 0.782227 0.070312 0.029297
0 0.721354 0.810547 0.098958 0.031250
0 0.162760 0.831055 0.223958 0.035156
0 0.136719 0.880859 0.106771 0.031250
0 0.435547 0.915527 0.217448 0.041992
0 0.514974 0.256836 0.054922 0.033440
0 0.094401 0.719727 0.091713 0.042684
