0 0.487288 0.191406 0.173729 0.019531
0 0.475636 0.214844 0.633475 0.025391
0 0.489407 0.235352 0.495763 0.021484
0 0.493644 0.329590 0.296610 0.014648
0 0.529661 0.622559 0.169492 0.018555
0 0.786017 0.623535 0.097458 0.014648
0 0.623941 0.236328 0.243644 0.027344
0 0.347458 0.257812 0.067797 0.023438
0 0.544492 0.311523 0.059322 0.015625
0 0.489407 0.331055 0.076271 0.015625
0 0.234110 0.355469 0.167373 0.017578
0 0.286017 0.459961 0.288136 0.019531
0 0.290254 0.507812 0.296610 0.017578
0 0.496822 0.573730 0.243644 0.020508
0 0.781780 0.572266 0.101695 0.017578
0 0.527542 0.622070 0.190678 0.025391
0 0.788136 0.623047 0.105932 0.017578
0 0.500000 0.647461 0.224576 0.019531
0 0.546610 0.672852 0.156780 0.019531
0 0.493644 0.759766 0.368644 0.023438
0 0.274364 0.936035 0.451271 0.026367
