0 0.489583 0.229004 0.458333 0.024414
0 0.426215 0.256348 0.543403 0.026367
0 0.389757 0.335938 0.467014 0.019531
0 0.295139 0.500977 0.298611 0.023438
0 0.763889 0.489258 0.156250 0.017578
0 0.277778 0.313477 0.236111 0.027344
0 0.531250 0.311523 0.243056 0.025391
0 0.190972 0.366211 0.059028 0.019531
0 0.453125 0.362305 0.041667 0.019531
0 0.286458 0.418945 0.274306 0.029297
0 0.779514 0.408203 0.100694 0.023438
0 0.225694 0.444336 0.166667 0.029297
0 0.807292 0.460938 0.052083 0.023438
0 0.302083 0.471680 0.305556 0.025391
0 0.289062 0.922363 0.449653 0.030273
0 0.110243 0.945801 0.095486 0.028320
0 0.330729 0.945312 0.185764 0.027344
0 0.521701 0.388184 0.068088 0.024695
0 0.196181 0.946289 0.096727 0.032862
