0 0.436632 0.174316 0.425347 0.020508
0 0.376736 0.195801 0.500000 0.022461
0 0.342014 0.271484 0.437500 0.019531
0 0.242188 0.565430 0.279514 0.023438
0 0.681424 0.560059 0.161458 0.022461
0 0.234375 0.250000 0.218750 0.023438
0 0.470486 0.249023 0.225694 0.025391
0 0.472222 0.270508 0.135417 0.019531
0 0.152778 0.295898 0.052083 0.015625
0 0.496528 0.321289 0.093750 0.019531
0 0.175347 0.346680 0.131944 0.019531
0 0.515625 0.344727 0.055556 0.019531
0 0.498264 0.391602 0.097222 0.019531
0 0.500000 0.415039 0.093750 0.019531
0 0.692708 0.412109 0.114583 0.023438
0 0.500000 0.437500 0.097222 0.023438
0 0.131944 0.464844 0.048611 0.023438
0 0.315972 0.463867 0.038194 0.019531
0 0.501736 0.460938 0.100694 0.023438
0 0.204861 0.488281 0.187500 0.023438
0 0.182292 0.511719 0.159722 0.027344
0 0.684028 0.507812 0.145833 0.023438
0 0.253472 0.538086 0.291667 0.025391
0 0.732639 0.533203 0.048611 0.023438
0 0.243056 0.566406 0.277778 0.027344
0 0.289062 0.922363 0.449653 0.030273
0 0.330729 0.946289 0.185764 0.025391
0 0.266493 0.463867 0.064616 0.023745
0 0.196181 0.946289 0.096727 0.032862
