0 0.281250 0.200195 0.161458 0.037109
0 0.524740 0.157227 0.265625 0.019531
0 0.527344 0.181152 0.236979 0.020508
0 0.527344 0.205566 0.208333 0.020508
0 0.350260 0.291016 0.307292 0.021484
0 0.329427 0.443848 0.260417 0.024414
0 0.663411 0.446777 0.087240 0.020508
0 0.628906 0.293945 0.125000 0.019531
0 0.247396 0.312500 0.104167 0.023438
0 0.623047 0.315430 0.165365 0.027344
0 0.470052 0.360352 0.044271 0.025391
0 0.653646 0.357422 0.083333 0.023438
0 0.223958 0.376953 0.057292 0.023438
0 0.345052 0.379883 0.052083 0.019531
0 0.276693 0.400879 0.170573 0.026367
0 0.665365 0.402344 0.080729 0.023438
0 0.665365 0.448242 0.078125 0.019531
0 0.665365 0.491211 0.078125 0.019531
0 0.665365 0.512695 0.078125 0.019531
0 0.450521 0.557617 0.317708 0.025391
0 0.608073 0.601562 0.200521 0.023438
0 0.276042 0.648438 0.171875 0.027344
0 0.602865 0.646484 0.216146 0.023438
