0 0.261719 0.547526 0.025391 0.102865
0 0.311523 0.544922 0.033203 0.311198
0 0.408203 0.540365 0.021484 0.182292
0 0.692871 0.359375 0.018555 0.062500
0 0.382812 0.398438 0.017578 0.054688
0 0.513672 0.406250 0.013672 0.059896
0 0.305664 0.419271 0.019531 0.059896
0 0.333008 0.515625 0.019531 0.049479
0 0.669922 0.510417 0.017578 0.101562
0 0.806152 0.577474 0.018555 0.097656
0 0.774414 0.649089 0.023438 0.134115
0 0.438477 0.694661 0.019531 0.102865
0 0.478516 0.695312 0.017578 0.033854
0 0.770996 0.559896 0.020504 0.051893
