0 0.272786 0.233887 0.165365 0.036133
0 0.527344 0.174805 0.236979 0.019531
0 0.535156 0.203125 0.244792 0.021484
0 0.526693 0.229004 0.209635 0.020508
0 0.345703 0.325195 0.308594 0.019531
0 0.320964 0.531250 0.269531 0.027344
0 0.675130 0.532227 0.087240 0.023438
0 0.239583 0.349609 0.104167 0.023438
0 0.629557 0.344238 0.173177 0.028320
0 0.240885 0.396484 0.106771 0.023438
0 0.447917 0.394531 0.083333 0.023438
0 0.546875 0.393555 0.028646 0.019531
0 0.660807 0.389648 0.089844 0.029297
0 0.268229 0.440430 0.164062 0.019531
0 0.468750 0.440430 0.065104 0.019531
0 0.680990 0.437500 0.070312 0.023438
0 0.268229 0.486328 0.171875 0.023438
0 0.467448 0.485352 0.067708 0.019531
0 0.675781 0.532227 0.083333 0.019531
0 0.273438 0.579102 0.182292 0.025391
0 0.675781 0.581055 0.083333 0.019531
0 0.442708 0.823242 0.539062 0.035156
