0 0.265625 0.184082 0.215278 0.034180
0 0.571181 0.142578 0.243056 0.017578
0 0.572049 0.163086 0.321181 0.021484
0 0.570312 0.185547 0.255208 0.017578
0 0.350694 0.265625 0.378472 0.017578
0 0.328125 0.446777 0.340278 0.020508
0 0.747396 0.446777 0.119792 0.020508
0 0.690972 0.286133 0.197917 0.019531
0 0.269097 0.366211 0.222222 0.019531
0 0.376736 0.387695 0.125000 0.019531
0 0.262153 0.407227 0.208333 0.019531
0 0.496528 0.407227 0.100694 0.019531
0 0.750000 0.412109 0.104167 0.031250
0 0.440972 0.447266 0.097222 0.023438
0 0.744792 0.446289 0.111111 0.019531
0 0.746528 0.487305 0.114583 0.019531
0 0.241319 0.509766 0.135417 0.023438
0 0.218750 0.530273 0.086806 0.019531
0 0.725694 0.530273 0.038194 0.019531
0 0.684028 0.615234 0.246528 0.017578
0 0.677083 0.658203 0.270833 0.023438
0 0.289062 0.922363 0.449653 0.030273
0 0.112847 0.947266 0.086806 0.023438
0 0.328993 0.946289 0.182292 0.025391
