0 0.333333 0.139648 0.135417 0.023438
0 0.390625 0.209961 0.255208 0.015625
0 0.366536 0.545410 0.220052 0.020508
0 0.651042 0.548828 0.080729 0.015625
0 0.330729 0.230469 0.033854 0.013672
0 0.621094 0.229492 0.135417 0.015625
0 0.324219 0.285156 0.046875 0.013672
0 0.403646 0.284180 0.106771 0.019531
0 0.526042 0.286133 0.065104 0.015625
0 0.304688 0.303711 0.085938 0.015625
0 0.329427 0.321289 0.135417 0.019531
0 0.283854 0.340820 0.044271 0.015625
0 0.328125 0.359375 0.138021 0.017578
0 0.658854 0.360352 0.065104 0.015625
0 0.408854 0.378906 0.302083 0.023438
0 0.610677 0.379883 0.036458 0.019531
0 0.653646 0.379883 0.033854 0.015625
0 0.328125 0.397461 0.138021 0.015625
0 0.657552 0.398438 0.067708 0.017578
0 0.398438 0.417969 0.033854 0.013672
0 0.445312 0.417969 0.044271 0.017578
0 0.328125 0.434570 0.138021 0.015625
0 0.657552 0.436523 0.067708 0.015625
0 0.291667 0.453125 0.065104 0.017578
0 0.368490 0.454102 0.072917 0.019531
0 0.483073 0.472656 0.067708 0.017578
0 0.656250 0.472656 0.070312 0.017578
0 0.313802 0.491211 0.119792 0.019531
0 0.324219 0.509766 0.140625 0.017578
0 0.463542 0.509766 0.028646 0.017578
0 0.500000 0.511719 0.033854 0.013672
0 0.653646 0.588867 0.080729 0.019531
0 0.654948 0.609375 0.078125 0.017578
0 0.291667 0.625000 0.059896 0.017578
0 0.665365 0.627930 0.057292 0.019531
0 0.341146 0.705078 0.187500 0.023438
0 0.602214 0.747559 0.191406 0.024414
0 0.401042 0.889648 0.312500 0.025391
