0 0.383301 0.464495 0.120117 0.019766
0 0.635742 0.470717 0.082031 0.020498
0 0.296387 0.243777 0.049805 0.020498
0 0.463867 0.245974 0.169922 0.023426
0 0.479980 0.154100 0.233398 0.021230
0 0.480957 0.172401 0.227539 0.019766
0 0.381836 0.153001 0.035156 0.014641
0 0.501953 0.155198 0.191406 0.020498
0 0.352539 0.192533 0.130859 0.019034
0 0.392090 0.226574 0.176758 0.022694
0 0.599609 0.230600 0.080078 0.014641
0 0.334961 0.267936 0.044922 0.017570
0 0.626953 0.329429 0.101562 0.017570
0 0.643555 0.351391 0.068359 0.017570
0 0.625000 0.376281 0.101562 0.017570
0 0.640625 0.398243 0.070312 0.017570
0 0.341797 0.415813 0.144531 0.020498
0 0.622559 0.423499 0.102539 0.019766
0 0.403320 0.466325 0.060547 0.019034
0 0.635742 0.471449 0.076172 0.017570
0 0.395508 0.485359 0.072266 0.019034
0 0.375000 0.503294 0.113281 0.019766
0 0.464844 0.547584 0.292969 0.020498
0 0.464844 0.640556 0.175781 0.019034
0 0.613281 0.683748 0.101562 0.017570
0 0.382812 0.804539 0.033203 0.011713
0 0.715820 0.971449 0.031250 0.008785
0 0.740234 0.983163 0.074219 0.019034
0 0.353516 0.464129 0.050456 0.023133
0 0.426270 0.804173 0.055552 0.021020
