0 0.245660 0.149902 0.192708 0.026367
0 0.532118 0.102051 0.230903 0.016602
0 0.534722 0.124023 0.305556 0.017578
0 0.534722 0.143555 0.243056 0.017578
0 0.333333 0.222168 0.361111 0.016602
0 0.313368 0.426758 0.317708 0.019531
0 0.711806 0.423340 0.097222 0.014648
0 0.244792 0.150391 0.190972 0.031250
0 0.249132 0.315430 0.192708 0.019531
0 0.467014 0.313477 0.090278 0.019531
0 0.704861 0.309570 0.093750 0.019531
0 0.185764 0.334961 0.062500 0.015625
0 0.250000 0.353516 0.190972 0.017578
0 0.708333 0.348633 0.093750 0.015625
0 0.248264 0.391602 0.194444 0.019531
0 0.717014 0.461914 0.097222 0.019531
0 0.718750 0.481445 0.093750 0.019531
0 0.210069 0.508789 0.083333 0.019531
0 0.324653 0.546387 0.114583 0.024414
0 0.284722 0.587891 0.256944 0.023438
0 0.657118 0.582520 0.241319 0.024414
0 0.650174 0.622070 0.262153 0.027344
0 0.289062 0.922363 0.449653 0.030273
0 0.111979 0.946289 0.092014 0.027344
0 0.328993 0.946289 0.182292 0.025391
