0 0.437500 0.378418 0.239583 0.034180
0 0.433594 0.409180 0.299479 0.041016
0 0.585938 0.938965 0.257812 0.022461
0 0.677734 0.835938 0.095052 0.021484
0 0.154297 0.839355 0.139323 0.024414
0 0.077474 0.364258 0.154948 0.105469
0 0.360677 0.404297 0.044271 0.023438
0 0.529297 0.413574 0.105469 0.024414
0 0.144531 0.422852 0.046875 0.019531
0 0.436198 0.478516 0.335938 0.046875
0 0.165365 0.501953 0.054688 0.023438
0 0.315104 0.505859 0.041667 0.023438
0 0.385417 0.509766 0.057292 0.023438
0 0.500000 0.515625 0.098958 0.027344
0 0.634115 0.515625 0.127604 0.023438
0 0.259115 0.533691 0.273438 0.036133
0 0.567708 0.542969 0.229167 0.027344
0 0.673177 0.572266 0.085938 0.023438
0 0.360677 0.627930 0.052083 0.019531
0 0.514323 0.632812 0.085938 0.023438
0 0.675781 0.634766 0.085938 0.023438
0 0.268229 0.665039 0.328125 0.037109
0 0.511719 0.667969 0.039062 0.023438
0 0.356771 0.694336 0.054688 0.019531
0 0.513021 0.698242 0.088542 0.025391
0 0.677083 0.700195 0.088542 0.025391
0 0.042969 0.740234 0.083333 0.091797
0 0.390625 0.732910 0.583333 0.030273
0 0.354167 0.764648 0.054688 0.019531
0 0.514323 0.766602 0.085938 0.025391
0 0.178385 0.809570 0.049479 0.025391
0 0.190755 0.838867 0.074219 0.029297
0 0.186198 0.866211 0.205729 0.025391
0 0.428385 0.872070 0.062500 0.019531
0 0.674479 0.902344 0.104167 0.023438
0 0.414062 0.936523 0.598958 0.029297
0 0.417969 0.962891 0.179688 0.023438
0 0.231771 0.978516 0.096354 0.017578
0 0.449219 0.982422 0.330729 0.023438
0 0.311198 0.402344 0.062287 0.029037
0 0.406901 0.407227 0.058277 0.025040
0 0.226562 0.504395 0.083018 0.033860
0 0.422526 0.541016 0.071229 0.030859
0 0.120443 0.838379 0.084183 0.037834
