0 0.461426 0.151903 0.350586 0.030015
0 0.400879 0.202416 0.409180 0.068082
0 0.428711 0.349561 0.476562 0.050512
0 0.470703 0.721083 0.595703 0.033675
0 0.454102 0.175695 0.029297 0.017570
0 0.216797 0.194729 0.042969 0.017570
0 0.214844 0.228404 0.042969 0.017570
0 0.360352 0.228404 0.041016 0.017570
0 0.525391 0.228404 0.070312 0.020498
0 0.219727 0.309663 0.044922 0.019034
0 0.587891 0.306735 0.060547 0.026354
0 0.661133 0.308931 0.033203 0.023426
0 0.245117 0.363104 0.103516 0.020498
0 0.336914 0.362372 0.060547 0.019034
0 0.528320 0.363836 0.083984 0.021962
0 0.628906 0.363104 0.062500 0.020498
0 0.347656 0.419473 0.119141 0.026354
0 0.550781 0.564422 0.050781 0.019034
0 0.550781 0.622255 0.050781 0.020498
0 0.693359 0.624451 0.035156 0.021962
0 0.261719 0.658126 0.158203 0.026354
0 0.267578 0.861640 0.158203 0.029283
0 0.310059 0.229502 0.063296 0.023885
