0 0.425781 0.266602 0.208333 0.027344
0 0.426432 0.293945 0.261719 0.029297
0 0.613281 0.890137 0.236979 0.034180
0 0.685547 0.818359 0.092448 0.027344
0 0.231120 0.834961 0.118490 0.025391
0 0.425130 0.268066 0.212240 0.028320
0 0.183594 0.326172 0.041667 0.013672
0 0.432292 0.356445 0.289062 0.039062
0 0.330729 0.386719 0.033854 0.017578
0 0.389323 0.383789 0.046875 0.019531
0 0.608073 0.374023 0.117188 0.025391
0 0.236979 0.389648 0.101562 0.019531
0 0.314453 0.411621 0.277344 0.030273
0 0.510417 0.405273 0.104167 0.025391
0 0.376302 0.432617 0.041667 0.015625
0 0.646484 0.419434 0.076823 0.026367
0 0.260417 0.463379 0.171875 0.030273
0 0.510417 0.478516 0.078125 0.023438
0 0.651042 0.470703 0.078125 0.025391
0 0.378906 0.483398 0.041667 0.015625
0 0.197917 0.519531 0.046875 0.023438
0 0.514323 0.531250 0.075521 0.023438
0 0.658854 0.525391 0.078125 0.023438
0 0.381510 0.536133 0.041667 0.015625
0 0.195312 0.573242 0.044271 0.019531
0 0.518229 0.584961 0.078125 0.025391
0 0.665365 0.580078 0.080729 0.023438
0 0.522135 0.642578 0.080729 0.023438
0 0.671875 0.636719 0.083333 0.023438
0 0.381510 0.679688 0.421875 0.041016
0 0.384115 0.706055 0.031250 0.019531
0 0.526042 0.702148 0.083333 0.025391
0 0.679036 0.695801 0.084635 0.028320
0 0.386719 0.766602 0.046875 0.019531
0 0.539062 0.762695 0.067708 0.025391
0 0.691406 0.756836 0.070312 0.025391
0 0.345052 0.809570 0.031250 0.015625
0 0.686198 0.819336 0.098958 0.029297
0 0.257161 0.859375 0.178385 0.027344
0 0.463542 0.856445 0.054688 0.019531
