0 0.501302 0.323242 0.171875 0.015625
0 0.499349 0.345703 0.212240 0.015625
0 0.621094 0.884277 0.187500 0.020508
0 0.312500 0.668457 0.078125 0.016602
0 0.683594 0.673340 0.075521 0.016602
0 0.501953 0.324219 0.175781 0.019531
0 0.295573 0.362305 0.031250 0.011719
0 0.502604 0.396484 0.239583 0.027344
0 0.466146 0.419922 0.039062 0.013672
0 0.473958 0.439453 0.377604 0.017578
0 0.339844 0.460938 0.104167 0.017578
0 0.567708 0.461914 0.049479 0.015625
0 0.322917 0.481445 0.070312 0.015625
0 0.565104 0.481445 0.049479 0.015625
0 0.674479 0.480469 0.075521 0.017578
0 0.561198 0.524414 0.062500 0.019531
0 0.679688 0.525391 0.065104 0.017578
0 0.335938 0.569336 0.106771 0.019531
0 0.566406 0.570312 0.052083 0.017578
0 0.683594 0.592773 0.067708 0.015625
0 0.311198 0.620117 0.078125 0.019531
0 0.338542 0.688477 0.138021 0.019531
0 0.502604 0.694336 0.044271 0.015625
0 0.321615 0.774414 0.104167 0.019531
0 0.708333 0.782227 0.028646 0.019531
0 0.339844 0.798828 0.143229 0.023438
0 0.701823 0.805664 0.041667 0.019531
0 0.338542 0.824707 0.151042 0.026367
0 0.371094 0.849609 0.210938 0.027344
0 0.687500 0.850586 0.065104 0.019531
0 0.516927 0.909180 0.093750 0.019531
0 0.451172 0.907227 0.042630 0.020993
