0 0.503255 0.270996 0.475260 0.036133
0 0.500651 0.297852 0.076823 0.023438
0 0.501953 0.326172 0.516927 0.033203
0 0.501302 0.348145 0.190104 0.022461
0 0.398438 0.523438 0.335938 0.017578
0 0.352214 0.697754 0.243490 0.026367
0 0.718099 0.695801 0.139323 0.024414
0 0.320312 0.276367 0.119792 0.029297
0 0.546875 0.269531 0.203125 0.031250
0 0.704427 0.266602 0.075521 0.029297
0 0.497396 0.298828 0.062500 0.023438
0 0.623698 0.325195 0.067708 0.019531
0 0.729167 0.321289 0.049479 0.019531
0 0.428385 0.351562 0.041667 0.017578
0 0.498698 0.465820 0.161458 0.019531
0 0.361328 0.495117 0.061198 0.019531
0 0.261719 0.526367 0.052083 0.015625
0 0.358073 0.592773 0.088542 0.015625
0 0.550781 0.588867 0.036458 0.019531
0 0.635417 0.598633 0.039062 0.019531
0 0.619792 0.872070 0.171875 0.025391
0 0.412109 0.273438 0.067763 0.030439
0 0.268880 0.333496 0.041264 0.018798
0 0.400391 0.521484 0.031789 0.016883
0 0.268880 0.699219 0.081669 0.034856
