0 0.184082 0.427734 0.024414 0.183594
0 0.212402 0.700521 0.036133 0.171875
0 0.309082 0.629557 0.022461 0.334635
0 0.527832 0.653646 0.024414 0.289062
0 0.532715 0.276693 0.028320 0.100260
0 0.822266 0.333333 0.023438 0.052083
0 0.409180 0.417969 0.025391 0.049479
0 0.765625 0.398438 0.023438 0.093750
0 0.310547 0.515625 0.023438 0.036458
0 0.383789 0.541667 0.019531 0.033854
0 0.410156 0.541667 0.023438 0.109375
0 0.410156 0.622396 0.023438 0.036458
0 0.839844 0.610026 0.029297 0.160156
0 0.409180 0.680990 0.019531 0.072917
0 0.812500 0.671875 0.023438 0.036458
0 0.212891 0.701823 0.037109 0.182292
0 0.432617 0.708333 0.019531 0.179688
0 0.480469 0.708333 0.023438 0.182292
