0 0.380208 0.197754 0.250000 0.018555
0 0.328993 0.342285 0.151042 0.014648
0 0.600694 0.344727 0.093750 0.013672
0 0.454861 0.201172 0.100694 0.013672
0 0.500000 0.242188 0.045139 0.013672
0 0.611111 0.310547 0.072917 0.013672
0 0.612847 0.322266 0.069444 0.013672
0 0.378472 0.343750 0.045139 0.013672
0 0.611111 0.345703 0.072917 0.013672
0 0.612847 0.391602 0.069444 0.011719
0 0.276042 0.427734 0.055556 0.013672
0 0.621528 0.503906 0.072917 0.013672
0 0.277778 0.615234 0.072917 0.013672
0 0.631944 0.656250 0.065972 0.013672
0 0.633681 0.795898 0.083333 0.015625
0 0.654514 0.816406 0.045139 0.023438
