0 0.291667 0.282227 0.151042 0.025391
0 0.511719 0.235352 0.174479 0.023438
0 0.513021 0.256836 0.236979 0.027344
0 0.513672 0.278809 0.173177 0.026367
0 0.355469 0.361328 0.286458 0.021484
0 0.347656 0.578125 0.234375 0.021484
0 0.651042 0.568848 0.080729 0.018555
0 0.244792 0.362305 0.049479 0.019531
0 0.604818 0.373535 0.144531 0.026367
0 0.503906 0.436523 0.036458 0.015625
0 0.296875 0.459961 0.148438 0.019531
0 0.298828 0.498047 0.152344 0.025391
0 0.649740 0.490234 0.067708 0.017578
0 0.250000 0.521484 0.049479 0.017578
0 0.299479 0.539062 0.151042 0.023438
0 0.475260 0.533203 0.057292 0.017578
0 0.657552 0.529297 0.057292 0.017578
0 0.345052 0.578125 0.242188 0.027344
0 0.658854 0.630859 0.075521 0.017578
0 0.460938 0.742188 0.307292 0.027344
0 0.250000 0.769531 0.039062 0.017578
