0 0.324219 0.160645 0.117188 0.020508
0 0.499349 0.123047 0.178385 0.019531
0 0.501953 0.142578 0.118490 0.017578
0 0.501302 0.161133 0.171875 0.015625
0 0.374349 0.225098 0.217448 0.016602
0 0.356771 0.603027 0.190104 0.020508
0 0.590495 0.601562 0.074219 0.019531
0 0.351562 0.227539 0.164062 0.015625
0 0.460938 0.228516 0.044271 0.013672
0 0.283854 0.273438 0.028646 0.013672
0 0.447917 0.275391 0.054688 0.017578
0 0.324219 0.305664 0.114583 0.015625
0 0.325521 0.351562 0.117188 0.013672
0 0.434896 0.353516 0.028646 0.013672
0 0.575521 0.354492 0.028646 0.011719
0 0.609375 0.353516 0.028646 0.013672
0 0.299479 0.367188 0.065104 0.013672
0 0.440104 0.369141 0.205729 0.017578
0 0.325521 0.383789 0.117188 0.015625
0 0.455729 0.384766 0.054688 0.013672
0 0.485026 0.399414 0.048177 0.019531
0 0.571615 0.400391 0.072917 0.013672
0 0.325521 0.414062 0.117188 0.013672
0 0.299479 0.429688 0.065104 0.013672
0 0.325521 0.444336 0.117188 0.015625
0 0.457031 0.445312 0.052083 0.013672
0 0.325521 0.476562 0.117188 0.013672
0 0.468750 0.477539 0.028646 0.011719
0 0.325521 0.508789 0.117188 0.015625
0 0.455729 0.507812 0.054688 0.013672
0 0.324219 0.540039 0.119792 0.015625
0 0.457031 0.539062 0.057292 0.013672
0 0.322917 0.571289 0.117188 0.013672
0 0.470052 0.571289 0.031250 0.015625
0 0.598958 0.571289 0.054688 0.015625
0 0.432292 0.602539 0.039062 0.015625
0 0.388021 0.619141 0.039062 0.013672
0 0.283854 0.637695 0.039062 0.015625
0 0.596354 0.634766 0.065104 0.013672
0 0.615885 0.683594 0.031250 0.013672
0 0.559896 0.734375 0.143229 0.013672
0 0.555990 0.768555 0.151042 0.015625
0 0.519531 0.822266 0.093750 0.013672
0 0.274740 0.840820 0.031250 0.015625
0 0.621094 0.839844 0.031250 0.013672
0 0.558594 0.890625 0.067708 0.013672
0 0.321615 0.273438 0.044152 0.017281
