0 0.169492 0.414453 0.298305 0.035156
0 0.617797 0.361719 0.459322 0.023438
0 0.622034 0.388281 0.372881 0.023438
0 0.627966 0.416016 0.384746 0.024219
0 0.189831 0.492578 0.338983 0.019531
0 0.777966 0.487500 0.325424 0.021875
0 0.623729 0.442969 0.288136 0.028125
0 0.071186 0.493750 0.101695 0.025000
0 0.250847 0.492188 0.230508 0.025000
0 0.488136 0.515625 0.311864 0.025000
0 0.113559 0.543750 0.186441 0.025000
0 0.800000 0.537500 0.284746 0.021875
0 0.196610 0.567578 0.349153 0.028906
0 0.290678 0.935937 0.449153 0.025000
0 0.205085 0.956250 0.274576 0.023438
0 0.800847 0.363672 0.105730 0.033353
0 0.760169 0.389844 0.109474 0.034147
