0 0.427734 0.095215 0.326823 0.038086
0 0.417318 0.141113 0.410156 0.041992
0 0.654297 0.718750 0.365885 0.035156
0 0.082682 0.615723 0.162760 0.041992
0 0.773438 0.612305 0.138021 0.035156
0 0.427083 0.100586 0.322917 0.029297
0 0.035156 0.167969 0.059896 0.023438
0 0.110677 0.271973 0.161458 0.038086
0 0.259115 0.271484 0.049479 0.027344
0 0.355469 0.270508 0.075521 0.025391
0 0.513021 0.272461 0.138021 0.035156
0 0.703125 0.269531 0.177083 0.031250
0 0.550781 0.346680 0.096354 0.029297
0 0.080729 0.387695 0.140625 0.029297
0 0.207031 0.383789 0.044271 0.025391
0 0.548177 0.386719 0.096354 0.031250
0 0.765625 0.384766 0.119792 0.031250
0 0.361979 0.432129 0.710938 0.038086
0 0.540365 0.470703 0.117188 0.031250
0 0.770833 0.469727 0.122396 0.035156
0 0.106771 0.526367 0.057292 0.029297
0 0.252604 0.529297 0.046875 0.027344
0 0.085286 0.565918 0.170573 0.043945
0 0.779948 0.561523 0.122396 0.029297
0 0.109375 0.620117 0.075521 0.035156
0 0.124349 0.658203 0.248698 0.037109
0 0.442708 0.662109 0.083333 0.031250
0 0.425781 0.771484 0.250000 0.041016
0 0.402344 0.805664 0.609375 0.039062
0 0.581380 0.138184 0.087014 0.031862
