0 0.587891 0.390922 0.281250 0.039531
0 0.485352 0.563324 0.544922 0.025622
0 0.705078 0.558565 0.117188 0.027818
0 0.479980 0.286237 0.340820 0.048316
0 0.447266 0.374085 0.046875 0.019034
0 0.646973 0.388726 0.143555 0.032211
0 0.307617 0.405564 0.105469 0.030747
0 0.490234 0.399707 0.068359 0.027818
0 0.651367 0.445095 0.072266 0.023426
0 0.239258 0.463397 0.083984 0.021962
0 0.501953 0.480966 0.035156 0.019034
0 0.505859 0.510249 0.035156 0.021962
0 0.316406 0.564422 0.212891 0.029283
0 0.476074 0.716325 0.256836 0.030015
