0 0.376736 0.153809 0.270833 0.012695
0 0.282986 0.414062 0.093750 0.011719
0 0.585938 0.413574 0.105903 0.012695
0 0.576389 0.258789 0.100694 0.011719
0 0.255208 0.303711 0.041667 0.011719
0 0.600694 0.401367 0.072917 0.011719
0 0.586806 0.414062 0.100694 0.013672
0 0.621528 0.440430 0.038194 0.011719
0 0.269097 0.493164 0.076389 0.011719
0 0.609375 0.515625 0.076389 0.013672
0 0.609375 0.529297 0.076389 0.013672
0 0.324653 0.793945 0.222222 0.015625
0 0.244792 0.810547 0.062500 0.013672
0 0.289062 0.922363 0.449653 0.030273
