0 0.436849 0.223633 0.217448 0.029297
0 0.432943 0.250000 0.272135 0.029297
0 0.580078 0.943359 0.261719 0.025391
0 0.683594 0.853027 0.096354 0.020508
0 0.128255 0.858398 0.126302 0.025391
0 0.437500 0.223633 0.226562 0.037109
0 0.320312 0.306641 0.072917 0.031250
0 0.191406 0.328125 0.046875 0.017578
0 0.324219 0.333984 0.031250 0.017578
0 0.390625 0.336914 0.049479 0.019531
0 0.494792 0.342285 0.085938 0.020508
0 0.619792 0.342773 0.117188 0.019531
0 0.078125 0.362305 0.156250 0.099609
0 0.297526 0.355469 0.295573 0.039062
0 0.638021 0.366211 0.065104 0.019531
0 0.510417 0.386719 0.075521 0.017578
0 0.237630 0.401367 0.196615 0.039062
0 0.511719 0.438477 0.078125 0.019531
0 0.662760 0.439453 0.080729 0.023438
0 0.223307 0.454590 0.188802 0.036133
0 0.415365 0.464844 0.210938 0.027344
0 0.365885 0.487305 0.046875 0.015625
0 0.511719 0.493164 0.078125 0.019531
0 0.665365 0.496094 0.080729 0.023438
0 0.303385 0.512695 0.369792 0.039062
0 0.621094 0.524414 0.036458 0.019531
0 0.139323 0.535156 0.049479 0.023438
0 0.253906 0.541016 0.044271 0.023438
0 0.523438 0.547852 0.072917 0.025391
0 0.165365 0.564453 0.111979 0.027344
0 0.522135 0.575195 0.070312 0.025391
0 0.370443 0.604492 0.537760 0.039062
0 0.355469 0.633789 0.052083 0.019531
0 0.516927 0.637695 0.091146 0.025391
0 0.682292 0.640625 0.088542 0.023438
0 0.376302 0.670898 0.567708 0.035156
0 0.527344 0.706055 0.075521 0.025391
0 0.140625 0.734375 0.119792 0.027344
0 0.348958 0.736328 0.057292 0.023438
0 0.526042 0.739258 0.078125 0.025391
0 0.289062 0.786133 0.039062 0.019531
0 0.424479 0.886719 0.062500 0.023438
0 0.678385 0.881836 0.106771 0.025391
0 0.392578 0.309082 0.079079 0.033860
0 0.245443 0.331543 0.071498 0.032013
0 0.513672 0.521973 0.058350 0.024035
0 0.572266 0.523438 0.068810 0.029037
0 0.106120 0.813965 0.089174 0.041692
