0 0.505859 0.143555 0.233073 0.013672
0 0.473958 0.162109 0.276042 0.015625
0 0.445964 0.213867 0.222656 0.015625
0 0.373698 0.900391 0.138021 0.015625
0 0.611979 0.907227 0.078125 0.017578
0 0.385417 0.162109 0.033854 0.013672
0 0.647135 0.255859 0.041667 0.013672
0 0.341146 0.269531 0.033854 0.013672
0 0.647135 0.272461 0.041667 0.015625
0 0.350260 0.287109 0.057292 0.013672
0 0.528646 0.324219 0.054688 0.013672
0 0.527344 0.358398 0.052083 0.015625
0 0.377604 0.373047 0.111979 0.017578
0 0.526042 0.375000 0.054688 0.017578
0 0.338542 0.388672 0.033854 0.013672
0 0.526042 0.409180 0.049479 0.011719
0 0.367188 0.457031 0.091146 0.013672
0 0.355469 0.491211 0.062500 0.015625
0 0.639323 0.495117 0.041667 0.015625
0 0.350260 0.506836 0.062500 0.015625
0 0.337240 0.641602 0.041667 0.015625
0 0.348958 0.659180 0.070312 0.015625
0 0.334635 0.676758 0.041667 0.015625
0 0.519531 0.681641 0.052083 0.013672
0 0.636719 0.684570 0.041667 0.015625
0 0.378906 0.695312 0.046875 0.013672
0 0.329427 0.710938 0.036458 0.013672
0 0.518229 0.714844 0.054688 0.013672
0 0.518229 0.731445 0.054688 0.015625
0 0.635417 0.735352 0.039062 0.015625
0 0.368490 0.748047 0.052083 0.013672
0 0.587240 0.906250 0.031250 0.013672
