0 0.315972 0.265137 0.138889 0.022461
0 0.534722 0.237305 0.194444 0.011719
0 0.532118 0.267578 0.178819 0.011719
0 0.532986 0.250977 0.208333 0.013672
0 0.375000 0.321777 0.270833 0.014648
0 0.345486 0.448242 0.225694 0.021484
0 0.316840 0.266113 0.157986 0.036133
0 0.629340 0.324707 0.092014 0.016602
0 0.304688 0.393555 0.144097 0.017578
0 0.468750 0.396484 0.072917 0.013672
0 0.625000 0.412109 0.072917 0.013672
0 0.302951 0.422852 0.147569 0.017578
0 0.482639 0.425781 0.038194 0.013672
0 0.661458 0.426758 0.041667 0.011719
0 0.434028 0.453125 0.052083 0.013672
0 0.645833 0.456055 0.072917 0.011719
0 0.307292 0.466797 0.048611 0.013672
0 0.378472 0.466797 0.052083 0.013672
0 0.642361 0.500000 0.072917 0.013672
0 0.553819 0.589844 0.243056 0.017578
0 0.290799 0.922363 0.453125 0.030273
0 0.241319 0.945801 0.357639 0.028320
0 0.247396 0.508789 0.053630 0.017281
