0 0.287109 0.199707 0.102865 0.040039
0 0.608724 0.179199 0.118490 0.028320
0 0.310547 0.228027 0.149740 0.034180
0 0.570312 0.210449 0.203125 0.032227
0 0.581380 0.235352 0.186198 0.039062
0 0.289714 0.516602 0.066406 0.025391
0 0.408203 0.511719 0.097656 0.027344
0 0.509766 0.508301 0.053385 0.028320
0 0.647786 0.501953 0.076823 0.023438
0 0.361328 0.590332 0.186198 0.038086
0 0.601562 0.580566 0.184896 0.030273
0 0.408203 0.120117 0.121094 0.042969
0 0.571615 0.182617 0.049479 0.025391
0 0.633464 0.262207 0.092448 0.036133
0 0.643229 0.371094 0.072917 0.027344
0 0.452474 0.457520 0.186198 0.038086
0 0.429688 0.485352 0.062500 0.025391
0 0.653646 0.475586 0.062500 0.025391
0 0.404948 0.512695 0.098958 0.029297
0 0.656901 0.528809 0.069010 0.030273
0 0.601562 0.583008 0.184896 0.035156
0 0.293620 0.897461 0.451823 0.042969
0 0.246094 0.927734 0.354167 0.042969
