0 0.389757 0.232910 0.432292 0.045898
0 0.264757 0.290527 0.237847 0.018555
0 0.414931 0.312500 0.475694 0.050781
0 0.299479 0.422363 0.192708 0.018555
0 0.312500 0.604004 0.298611 0.030273
0 0.654514 0.588379 0.125000 0.026367
0 0.596354 0.639160 0.255208 0.028320
0 0.278646 0.239258 0.237847 0.048828
0 0.303819 0.293945 0.166667 0.015625
0 0.362847 0.316406 0.378472 0.031250
0 0.276042 0.362305 0.184028 0.029297
0 0.524306 0.390625 0.118056 0.023438
0 0.232639 0.402344 0.197917 0.017578
0 0.597222 0.402344 0.038194 0.017578
0 0.302083 0.422852 0.190972 0.019531
0 0.302083 0.461914 0.100694 0.015625
0 0.279514 0.481445 0.208333 0.019531
0 0.671875 0.499023 0.086806 0.025391
0 0.635417 0.538086 0.038194 0.019531
0 0.196181 0.560547 0.086806 0.023438
0 0.302083 0.603516 0.291667 0.031250
0 0.535590 0.639160 0.151042 0.028320
0 0.440972 0.767578 0.312500 0.023438
0 0.447917 0.797852 0.500000 0.029297
0 0.442708 0.814453 0.156250 0.023438
0 0.507812 0.231445 0.226835 0.051943
0 0.596354 0.299316 0.111325 0.032218
0 0.556424 0.346191 0.124024 0.044708
0 0.434896 0.357422 0.140349 0.031524
0 0.407118 0.397949 0.101670 0.019214
