0 0.506510 0.470215 0.213542 0.016602
0 0.507161 0.498047 0.264323 0.019531
0 0.647786 0.823730 0.217448 0.018555
0 0.291667 0.762207 0.101562 0.020508
0 0.727865 0.765137 0.072917 0.014648
0 0.507812 0.468750 0.213542 0.023438
0 0.509115 0.561523 0.296875 0.035156
0 0.303385 0.592773 0.106771 0.025391
0 0.399740 0.590820 0.031250 0.019531
0 0.462240 0.590820 0.046875 0.019531
0 0.686198 0.592773 0.119792 0.019531
0 0.432292 0.620117 0.380208 0.025391
0 0.308594 0.644531 0.132812 0.023438
0 0.587240 0.645508 0.062500 0.019531
0 0.287760 0.668945 0.088542 0.019531
0 0.371094 0.669922 0.031250 0.013672
0 0.446615 0.670898 0.041667 0.015625
0 0.584635 0.671875 0.065104 0.023438
0 0.403646 0.708008 0.028646 0.015625
0 0.292318 0.729492 0.115885 0.025391
0 0.284505 0.759766 0.102865 0.027344
0 0.319010 0.783203 0.164062 0.023438
0 0.518229 0.788086 0.049479 0.019531
0 0.507812 0.846680 0.151042 0.025391
0 0.513021 0.868164 0.328125 0.025391
0 0.395182 0.497559 0.055642 0.026043
0 0.331380 0.862305 0.042573 0.020993
