0 0.332682 0.285645 0.141927 0.030273
0 0.532552 0.248047 0.161458 0.015625
0 0.532552 0.266113 0.208333 0.016602
0 0.532552 0.285645 0.161458 0.016602
0 0.385417 0.355957 0.252604 0.018555
0 0.362630 0.534668 0.220052 0.024414
0 0.646484 0.538086 0.069010 0.017578
0 0.281250 0.356445 0.044271 0.015625
0 0.324219 0.446289 0.135417 0.015625
0 0.480469 0.448242 0.062500 0.015625
0 0.645833 0.448242 0.065104 0.015625
0 0.324219 0.500977 0.135417 0.015625
0 0.477865 0.502930 0.062500 0.015625
0 0.645833 0.540039 0.065104 0.015625
0 0.648438 0.577148 0.065104 0.015625
0 0.313802 0.612305 0.130208 0.019531
0 0.593750 0.708984 0.179688 0.017578
0 0.523438 0.786133 0.138021 0.019531
0 0.619792 0.789062 0.044271 0.013672
0 0.666667 0.790039 0.033854 0.015625
0 0.588542 0.848633 0.065104 0.015625
