0 0.479167 0.147949 0.234375 0.041992
0 0.479167 0.181641 0.294271 0.035156
0 0.669271 0.821289 0.260417 0.041016
0 0.254557 0.554688 0.144531 0.025391
0 0.716797 0.547852 0.126302 0.027344
0 0.477865 0.152344 0.229167 0.037109
0 0.210938 0.194336 0.044271 0.015625
0 0.268880 0.268555 0.115885 0.029297
0 0.372396 0.270508 0.033854 0.019531
0 0.438802 0.270508 0.052083 0.019531
0 0.389974 0.296387 0.376302 0.032227
0 0.699219 0.327148 0.088542 0.019531
0 0.565104 0.379883 0.075521 0.019531
0 0.710938 0.379883 0.075521 0.019531
0 0.436198 0.407227 0.476562 0.029297
0 0.425781 0.433594 0.046875 0.013672
0 0.576823 0.434570 0.062500 0.019531
0 0.468750 0.463867 0.546875 0.025391
0 0.571615 0.490234 0.080729 0.023438
0 0.722656 0.490234 0.080729 0.023438
0 0.272135 0.529297 0.044271 0.023438
0 0.285156 0.555664 0.065104 0.025391
0 0.718750 0.549805 0.114583 0.025391
0 0.280599 0.581055 0.196615 0.029297
0 0.493490 0.582031 0.059896 0.023438
0 0.240885 0.632812 0.101562 0.027344
0 0.404297 0.629395 0.186198 0.030273
0 0.264323 0.666016 0.148438 0.031250
0 0.766927 0.684570 0.049479 0.025391
0 0.256510 0.698242 0.143229 0.025391
0 0.283854 0.730469 0.203125 0.031250
0 0.284505 0.765625 0.207031 0.031250
0 0.768229 0.776367 0.046875 0.025391
0 0.729167 0.779297 0.036458 0.023438
0 0.329427 0.793945 0.296875 0.035156
0 0.250000 0.842773 0.093750 0.025391
0 0.503906 0.862305 0.174479 0.029297
0 0.354167 0.893555 0.177083 0.025391
0 0.453776 0.178711 0.053169 0.020993
0 0.589193 0.187012 0.055952 0.020283
0 0.219401 0.528320 0.076450 0.032862
