0 0.533203 0.206543 0.251302 0.026367
0 0.531250 0.223145 0.479167 0.051758
0 0.685547 0.347168 0.165365 0.020508
0 0.335938 0.813965 0.184896 0.032227
0 0.707031 0.820312 0.104167 0.025391
0 0.585938 0.259766 0.117188 0.017578
0 0.708333 0.410156 0.119792 0.023438
0 0.292969 0.425781 0.039062 0.023438
0 0.430990 0.437500 0.049479 0.023438
0 0.501302 0.468750 0.080729 0.023438
0 0.725260 0.472656 0.085938 0.023438
0 0.381510 0.492188 0.226562 0.031250
0 0.496745 0.526367 0.084635 0.027344
0 0.496094 0.585938 0.080729 0.023438
0 0.722656 0.594727 0.085938 0.025391
0 0.398438 0.619141 0.281250 0.031250
0 0.488281 0.709961 0.080729 0.025391
0 0.718750 0.721680 0.083333 0.025391
0 0.484375 0.773438 0.083333 0.023438
0 0.707031 0.823242 0.101562 0.025391
0 0.462891 0.258301 0.113263 0.028041
0 0.357422 0.431641 0.100191 0.031022
0 0.484375 0.439941 0.072665 0.035850
