0 0.466146 0.121094 0.242188 0.042969
0 0.461589 0.156738 0.311198 0.053711
0 0.623047 0.946289 0.285156 0.027344
0 0.186198 0.631348 0.119792 0.026367
0 0.703776 0.637207 0.095052 0.024414
0 0.419922 0.116699 0.154948 0.032227
0 0.169271 0.159180 0.049479 0.019531
0 0.338542 0.221680 0.080729 0.035156
0 0.342448 0.253906 0.039062 0.023438
0 0.414062 0.259766 0.057292 0.023438
0 0.057292 0.306641 0.114583 0.109375
0 0.178385 0.303711 0.049479 0.025391
0 0.289062 0.311523 0.041667 0.025391
0 0.548177 0.348633 0.067708 0.019531
0 0.285156 0.400391 0.044271 0.023438
0 0.300781 0.428711 0.036458 0.019531
0 0.549479 0.437500 0.072917 0.023438
0 0.167318 0.490234 0.053385 0.027344
0 0.279948 0.493164 0.044271 0.025391
0 0.199219 0.522461 0.111979 0.025391
0 0.546875 0.528320 0.070312 0.019531
0 0.326823 0.567383 0.052083 0.019531
0 0.222656 0.631836 0.054688 0.025391
0 0.222656 0.660156 0.205729 0.027344
0 0.458333 0.666016 0.062500 0.023438
0 0.180990 0.714844 0.106771 0.023438
0 0.246094 0.749023 0.244792 0.035156
0 0.194010 0.782227 0.153646 0.025391
0 0.738281 0.785156 0.039062 0.023438
0 0.714844 0.821289 0.091146 0.025391
0 0.445312 0.984375 0.192708 0.031250
0 0.337891 0.145996 0.066396 0.037936
0 0.418620 0.229004 0.086814 0.037834
0 0.194661 0.245117 0.066005 0.032862
0 0.255859 0.251465 0.081914 0.037834
0 0.182943 0.275391 0.060602 0.028846
0 0.172526 0.396973 0.055276 0.029854
0 0.161458 0.630371 0.080315 0.035850
