0 0.517090 0.234066 0.336914 0.025641
0 0.522949 0.264835 0.696289 0.032967
0 0.765625 0.427473 0.236328 0.032967
0 0.255859 0.761538 0.267578 0.046154
0 0.846191 0.764835 0.124023 0.030769
0 0.519531 0.234799 0.341797 0.027106
0 0.424805 0.301832 0.158203 0.023443
0 0.605469 0.300366 0.175781 0.023443
0 0.518555 0.379487 0.324219 0.030769
0 0.166016 0.517216 0.048828 0.027839
0 0.493164 0.521612 0.126953 0.035165
0 0.804199 0.519414 0.170898 0.032234
0 0.346680 0.565201 0.423828 0.041758
0 0.493164 0.609524 0.123047 0.035165
0 0.835938 0.611722 0.123047 0.032234
0 0.271973 0.657875 0.299805 0.038095
0 0.491211 0.705495 0.126953 0.036630
0 0.842773 0.707692 0.126953 0.038095
0 0.207520 0.764103 0.184570 0.046886
0 0.845703 0.765568 0.128906 0.036630
0 0.466309 0.658242 0.107895 0.051891
0 0.343750 0.763370 0.106971 0.049680
0 0.421387 0.851648 0.072249 0.037225
