0 0.328993 0.179199 0.161458 0.026367
0 0.557292 0.141113 0.187500 0.016602
0 0.557292 0.158691 0.246528 0.018555
0 0.400174 0.239258 0.289931 0.021484
0 0.401042 0.407227 0.250000 0.021484
0 0.714410 0.398926 0.074653 0.016602
0 0.307292 0.257812 0.097222 0.013672
0 0.340278 0.304688 0.038194 0.013672
0 0.699653 0.324219 0.041667 0.013672
0 0.704861 0.338867 0.072917 0.015625
0 0.345486 0.349121 0.152778 0.018555
0 0.519097 0.345703 0.069444 0.013672
0 0.723958 0.354492 0.041667 0.015625
0 0.713542 0.400391 0.069444 0.013672
0 0.730903 0.416016 0.041667 0.013672
0 0.732639 0.431641 0.038194 0.013672
0 0.390625 0.565430 0.118056 0.019531
0 0.671007 0.555176 0.199653 0.024414
0 0.689236 0.618164 0.173611 0.015625
0 0.324653 0.632812 0.041667 0.013672
0 0.685764 0.665527 0.173611 0.018555
0 0.328125 0.679688 0.041667 0.013672
0 0.290799 0.922363 0.453125 0.030273
0 0.110243 0.946289 0.095486 0.027344
0 0.330729 0.946289 0.185764 0.025391
0 0.564236 0.621582 0.071900 0.017417
0 0.196181 0.946289 0.096727 0.032862
