0 0.505208 0.243652 0.328125 0.032227
0 0.501953 0.286621 0.397135 0.028320
0 0.180990 0.679199 0.197917 0.034180
0 0.751302 0.778809 0.348958 0.040039
0 0.876953 0.668945 0.108073 0.029297
0 0.504557 0.245605 0.326823 0.036133
0 0.510417 0.380859 0.447917 0.046875
0 0.202474 0.426270 0.160156 0.032227
0 0.351562 0.424805 0.052083 0.029297
0 0.446615 0.424805 0.075521 0.029297
0 0.598958 0.424805 0.132812 0.035156
0 0.784505 0.418457 0.180990 0.032227
0 0.484375 0.461914 0.747396 0.039062
0 0.421875 0.498047 0.067708 0.023438
0 0.624349 0.499023 0.118490 0.037109
0 0.847656 0.495117 0.117188 0.029297
0 0.419271 0.580078 0.067708 0.023438
0 0.859375 0.578125 0.119792 0.031250
0 0.877604 0.671875 0.122396 0.037109
0 0.212240 0.716797 0.270833 0.037109
0 0.539062 0.718750 0.083333 0.031250
0 0.881510 0.714844 0.117188 0.031250
0 0.526042 0.833984 0.252604 0.041016
