0 0.322266 0.170410 0.183594 0.040039
0 0.597005 0.119141 0.285156 0.031250
0 0.597005 0.149414 0.261719 0.021484
0 0.597656 0.175781 0.270833 0.023438
0 0.401693 0.271973 0.342448 0.024414
0 0.369141 0.484863 0.285156 0.028320
0 0.738281 0.493652 0.091146 0.024414
0 0.324219 0.169922 0.182292 0.041016
0 0.394531 0.269531 0.335938 0.031250
0 0.282552 0.292969 0.111979 0.023438
0 0.696615 0.296875 0.179688 0.023438
0 0.250000 0.340820 0.046875 0.025391
0 0.506510 0.346680 0.085938 0.025391
0 0.609375 0.346680 0.028646 0.019531
0 0.493490 0.370117 0.216146 0.025391
0 0.315104 0.391602 0.177083 0.025391
0 0.518229 0.395508 0.080729 0.019531
0 0.243490 0.414062 0.033854 0.023438
0 0.425781 0.418945 0.059896 0.025391
0 0.313802 0.439453 0.179688 0.023438
0 0.739583 0.494141 0.088542 0.023438
0 0.738281 0.542969 0.091146 0.023438
0 0.738281 0.568359 0.091146 0.023438
0 0.500000 0.612305 0.343750 0.029297
0 0.335286 0.660156 0.233073 0.027344
0 0.671224 0.664551 0.220052 0.030273
0 0.663411 0.713867 0.235677 0.031250
0 0.239583 0.807617 0.044271 0.019531
0 0.351562 0.807617 0.158854 0.019531
0 0.457031 0.809570 0.031250 0.019531
0 0.630208 0.814453 0.296875 0.031250
0 0.407552 0.881836 0.388021 0.025391
0 0.309245 0.341797 0.068594 0.030859
0 0.367839 0.415527 0.055127 0.031862
