0 0.472034 0.243750 0.537288 0.031250
0 0.476271 0.267188 0.406780 0.028125
0 0.704237 0.633594 0.300000 0.028125
0 0.329661 0.573047 0.340678 0.025781
0 0.783051 0.556641 0.115254 0.019531
0 0.464407 0.243750 0.532203 0.029687
0 0.642373 0.261719 0.047458 0.015625
0 0.476271 0.335156 0.379661 0.031250
0 0.513559 0.381250 0.098305 0.018750
0 0.349153 0.403906 0.037288 0.015625
0 0.428814 0.402344 0.061017 0.015625
0 0.251695 0.425000 0.208475 0.021875
0 0.344915 0.463281 0.072881 0.015625
0 0.583898 0.458594 0.103390 0.023438
0 0.764407 0.453125 0.098305 0.018750
0 0.258475 0.485547 0.208475 0.024219
0 0.388136 0.503906 0.461017 0.028125
0 0.367797 0.524219 0.040678 0.012500
0 0.593220 0.518750 0.101695 0.018750
0 0.779661 0.556250 0.115254 0.018750
0 0.324576 0.571094 0.350847 0.028125
0 0.786441 0.580469 0.115254 0.020313
0 0.269492 0.594141 0.220339 0.024219
0 0.518644 0.588281 0.064407 0.015625
0 0.437288 0.688281 0.210169 0.020313
0 0.289831 0.937109 0.450847 0.025781
0 0.244068 0.956250 0.352542 0.021875
0 0.433051 0.381641 0.071492 0.022256
0 0.792373 0.512109 0.063083 0.019831
