0 0.421875 0.301270 0.221354 0.024414
0 0.418620 0.325684 0.277344 0.020508
0 0.615885 0.924805 0.270833 0.029297
0 0.149089 0.849121 0.154948 0.026367
0 0.718099 0.827148 0.105469 0.023438
0 0.419271 0.300781 0.223958 0.029297
0 0.424479 0.375977 0.312500 0.029297
0 0.311198 0.400391 0.036458 0.017578
0 0.378906 0.402344 0.052083 0.017578
0 0.489583 0.405273 0.091146 0.019531
0 0.618490 0.403320 0.119792 0.015625
0 0.360677 0.443359 0.046875 0.013672
0 0.511719 0.442383 0.078125 0.015625
0 0.250000 0.466309 0.270833 0.024414
0 0.496094 0.466797 0.216146 0.023438
0 0.359375 0.491211 0.049479 0.015625
0 0.515625 0.492188 0.088542 0.023438
0 0.677083 0.492188 0.088542 0.023438
0 0.365885 0.523438 0.523438 0.027344
0 0.359375 0.548828 0.054688 0.017578
0 0.529948 0.550781 0.075521 0.023438
0 0.696615 0.548340 0.075521 0.026367
0 0.399089 0.584961 0.615885 0.035156
0 0.357422 0.612793 0.061198 0.024414
0 0.528646 0.612305 0.093750 0.025391
0 0.703776 0.608887 0.092448 0.030273
0 0.378906 0.654297 0.588542 0.041016
0 0.535156 0.682617 0.096354 0.029297
0 0.358073 0.759766 0.059896 0.023438
0 0.537760 0.756836 0.096354 0.029297
0 0.718750 0.750977 0.093750 0.029297
0 0.148438 0.848633 0.164062 0.035156
0 0.447917 0.869141 0.067708 0.023438
0 0.375000 0.957031 0.049479 0.013672
0 0.224609 0.397949 0.076528 0.031862
