0 0.221191 0.516927 0.032227 0.541667
0 0.250488 0.514974 0.024414 0.066406
0 0.284180 0.514323 0.027344 0.565104
0 0.310547 0.514323 0.021484 0.205729
0 0.465820 0.639974 0.019531 0.365885
0 0.706543 0.695964 0.024414 0.259115
0 0.700684 0.280599 0.028320 0.154948
0 0.543945 0.273438 0.019531 0.033854
0 0.600586 0.273438 0.019531 0.033854
0 0.701172 0.281250 0.031250 0.161458
0 0.553711 0.368490 0.019531 0.041667
0 0.285156 0.454427 0.023438 0.044271
0 0.403320 0.500000 0.019531 0.143229
0 0.544922 0.555990 0.017578 0.031250
0 0.224609 0.677083 0.031250 0.052083
0 0.465820 0.701823 0.015625 0.104167
0 0.498047 0.697917 0.013672 0.033854
0 0.545898 0.712240 0.019531 0.046875
0 0.594727 0.699870 0.019531 0.061198
0 0.651367 0.717448 0.019531 0.052083
0 0.704102 0.692708 0.025391 0.098958
0 0.781250 0.799479 0.023438 0.052083
