0 0.437012 0.495443 0.024414 0.178385
0 0.460449 0.496745 0.020508 0.207031
0 0.857422 0.373698 0.021484 0.177083
0 0.794922 0.654297 0.021484 0.092448
0 0.788574 0.317708 0.018555 0.070312
0 0.632812 0.371094 0.017578 0.093750
0 0.532227 0.434896 0.015625 0.028646
0 0.509766 0.473958 0.023438 0.052083
0 0.551758 0.489583 0.015625 0.039062
0 0.591309 0.475911 0.018555 0.097656
0 0.437500 0.526042 0.017578 0.106771
0 0.633789 0.505208 0.015625 0.117188
0 0.716797 0.536458 0.013672 0.033854
0 0.531738 0.465495 0.017642 0.042843
