0 0.217797 0.490234 0.289831 0.035156
0 0.652542 0.437500 0.444068 0.028125
0 0.650000 0.466406 0.364407 0.023438
0 0.653390 0.492578 0.371186 0.021094
0 0.239831 0.562891 0.320339 0.021094
0 0.800000 0.559766 0.325424 0.025781
0 0.654237 0.493750 0.369492 0.029687
0 0.518644 0.585938 0.298305 0.021875
0 0.162712 0.612500 0.176271 0.025000
0 0.822034 0.610156 0.274576 0.020313
0 0.227119 0.636719 0.305085 0.023438
0 0.290678 0.936328 0.449153 0.024219
0 0.830508 0.441797 0.104000 0.033353
0 0.787288 0.467578 0.099566 0.030267
