0 0.289714 0.232422 0.167969 0.029297
0 0.546875 0.180664 0.278646 0.019531
0 0.546224 0.204590 0.251302 0.020508
0 0.541667 0.229980 0.226562 0.020508
0 0.358724 0.320801 0.319010 0.024414
0 0.332682 0.480469 0.266927 0.023438
0 0.690104 0.482422 0.080729 0.019531
0 0.290365 0.234375 0.171875 0.037109
0 0.355469 0.322266 0.315104 0.023438
0 0.643229 0.342285 0.171875 0.026367
0 0.559896 0.391602 0.028646 0.019531
0 0.675781 0.388672 0.085938 0.023438
0 0.651042 0.414062 0.109375 0.023438
0 0.281250 0.436523 0.169271 0.019531
0 0.688802 0.436523 0.083333 0.019531
0 0.688802 0.483398 0.083333 0.019531
0 0.688802 0.530273 0.083333 0.019531
0 0.688802 0.553711 0.083333 0.019531
0 0.464844 0.598633 0.320312 0.025391
