0 0.346354 0.191406 0.174479 0.039062
0 0.598958 0.145996 0.231771 0.026367
0 0.601562 0.173828 0.234375 0.021484
0 0.600260 0.200195 0.200521 0.023438
0 0.417318 0.284668 0.321615 0.030273
0 0.380208 0.534668 0.270833 0.030273
0 0.729167 0.545410 0.096354 0.022461
0 0.679688 0.175781 0.078125 0.023438
0 0.411458 0.286133 0.317708 0.029297
0 0.305990 0.306641 0.106771 0.023438
0 0.694010 0.313477 0.169271 0.023438
0 0.333984 0.398926 0.170573 0.028320
0 0.730469 0.406250 0.096354 0.023438
0 0.352865 0.422852 0.205729 0.025391
0 0.333333 0.445312 0.171875 0.023438
0 0.523438 0.448242 0.080729 0.019531
0 0.734375 0.452148 0.080729 0.019531
0 0.330078 0.490723 0.173177 0.026367
0 0.523438 0.494141 0.083333 0.023438
0 0.704427 0.543945 0.046875 0.019531
0 0.333333 0.583008 0.182292 0.025391
0 0.726562 0.591797 0.098958 0.023438
0 0.726562 0.615234 0.098958 0.023438
0 0.751953 0.543945 0.050360 0.025040
