0 0.380859 0.357422 0.123698 0.029297
0 0.571615 0.315918 0.119792 0.016602
0 0.572266 0.337891 0.152344 0.019531
0 0.572917 0.358398 0.135417 0.017578
0 0.427083 0.424805 0.234375 0.017578
0 0.401042 0.591797 0.208333 0.019531
0 0.675130 0.597168 0.061198 0.014648
0 0.380208 0.356445 0.125000 0.029297
0 0.570312 0.375977 0.122396 0.019531
0 0.453125 0.424805 0.190104 0.015625
0 0.654948 0.426758 0.114583 0.015625
0 0.645833 0.444336 0.132812 0.015625
0 0.678385 0.483398 0.062500 0.015625
0 0.367188 0.516602 0.127604 0.015625
0 0.360677 0.537109 0.041667 0.013672
0 0.363281 0.554688 0.130208 0.017578
0 0.475260 0.594727 0.062500 0.015625
0 0.678385 0.598633 0.062500 0.015625
0 0.678385 0.637695 0.067708 0.019531
0 0.679688 0.658203 0.065104 0.017578
0 0.669271 0.784180 0.085938 0.015625
0 0.324219 0.833984 0.083333 0.017578
0 0.537760 0.840820 0.338542 0.035156
