0 0.381510 0.145020 0.234375 0.036133
0 0.380859 0.174805 0.298177 0.035156
0 0.146484 0.491211 0.144531 0.023438
0 0.632812 0.492676 0.080729 0.024414
0 0.555339 0.790527 0.246094 0.038086
0 0.044271 0.113281 0.088542 0.089844
0 0.337891 0.143066 0.147135 0.030273
0 0.101562 0.187500 0.044271 0.017578
0 0.273438 0.267578 0.036458 0.023438
0 0.341146 0.268555 0.054688 0.019531
0 0.450521 0.272461 0.093750 0.025391
0 0.574870 0.275391 0.121094 0.027344
0 0.326823 0.321289 0.046875 0.015625
0 0.476562 0.323242 0.065104 0.019531
0 0.611979 0.329102 0.072917 0.025391
0 0.313151 0.352051 0.441406 0.030273
0 0.325521 0.377930 0.049479 0.019531
0 0.479167 0.380859 0.062500 0.023438
0 0.182292 0.406250 0.187500 0.023438
0 0.442708 0.410156 0.145833 0.023438
0 0.326823 0.429688 0.046875 0.013672
0 0.481771 0.431641 0.067708 0.023438
0 0.132812 0.465820 0.114583 0.025391
0 0.277344 0.467773 0.036458 0.019531
0 0.141927 0.491211 0.138021 0.025391
0 0.170573 0.516602 0.205729 0.025391
0 0.402344 0.521484 0.059896 0.023438
0 0.164062 0.551758 0.203125 0.025391
0 0.628906 0.552734 0.091146 0.023438
0 0.161458 0.635742 0.179688 0.035156
0 0.144531 0.668945 0.153646 0.025391
0 0.174479 0.738281 0.216146 0.037109
0 0.217448 0.767578 0.307292 0.041016
0 0.552083 0.791504 0.242188 0.040039
0 0.372396 0.837891 0.125000 0.031250
0 0.550130 0.847168 0.079427 0.028320
0 0.408854 0.862305 0.216146 0.042969
0 0.229167 0.881836 0.153646 0.035156
0 0.456380 0.147949 0.087014 0.031862
0 0.259766 0.168945 0.060942 0.027043
0 0.354818 0.175293 0.053169 0.022011
0 0.444661 0.177246 0.050360 0.026043
0 0.494792 0.181641 0.059726 0.025040
0 0.128255 0.260254 0.060602 0.029854
0 0.188802 0.265137 0.080496 0.037834
0 0.300130 0.407715 0.053169 0.022011
0 0.347005 0.409668 0.047910 0.022011
