0 0.607422 0.148975 0.228516 0.038799
0 0.796387 0.161420 0.114258 0.025622
0 0.703613 0.769766 0.161133 0.041728
0 0.373535 0.734993 0.350586 0.060029
0 0.469238 0.068814 0.139648 0.030747
0 0.616699 0.075037 0.114258 0.030015
0 0.750488 0.081259 0.116211 0.030747
0 0.814453 0.114202 0.062500 0.023426
0 0.405273 0.140556 0.033203 0.023426
0 0.605957 0.151537 0.231445 0.036603
0 0.421387 0.167277 0.237305 0.041728
0 0.583984 0.225476 0.046875 0.023426
0 0.770508 0.234993 0.148438 0.032211
0 0.569336 0.250366 0.132812 0.030747
0 0.415039 0.266471 0.078125 0.027818
0 0.489258 0.270864 0.037109 0.023426
0 0.556641 0.329429 0.134766 0.030747
0 0.400879 0.345534 0.081055 0.030747
0 0.477539 0.351391 0.037109 0.023426
0 0.387207 0.426061 0.081055 0.030747
0 0.462891 0.431918 0.035156 0.023426
0 0.754395 0.425695 0.143555 0.037335
0 0.472656 0.461933 0.037109 0.026354
0 0.376465 0.508053 0.083008 0.030747
0 0.451172 0.513909 0.035156 0.023426
0 0.743652 0.510981 0.145508 0.040996
0 0.277344 0.553807 0.099609 0.035871
0 0.361328 0.590044 0.080078 0.027818
0 0.734375 0.593704 0.056641 0.026354
0 0.446289 0.625915 0.039062 0.026354
0 0.523926 0.660688 0.098633 0.032943
0 0.721680 0.682284 0.152344 0.045388
0 0.351562 0.765007 0.035156 0.021962
0 0.273438 0.844070 0.052734 0.026354
0 0.684570 0.885066 0.164062 0.043924
0 0.276367 0.901903 0.054688 0.030747
0 0.227539 0.930454 0.082031 0.032211
0 0.199219 0.959004 0.037109 0.027818
0 0.206543 0.987921 0.071289 0.024158
0 0.603516 0.100659 0.052398 0.023885
0 0.739746 0.109078 0.082877 0.032066
0 0.344727 0.139458 0.079880 0.034224
0 0.572266 0.173499 0.067910 0.030509
0 0.523926 0.223646 0.072975 0.035704
0 0.654297 0.230966 0.085767 0.035704
0 0.363770 0.369327 0.206043 0.043082
0 0.503418 0.381040 0.082733 0.032740
0 0.581543 0.388360 0.076980 0.037183
0 0.351074 0.450586 0.207997 0.044554
0 0.521484 0.465227 0.059922 0.032740
0 0.688965 0.591508 0.062414 0.037868
0 0.502441 0.633236 0.078920 0.039398
0 0.566406 0.637262 0.062045 0.034224
0 0.346191 0.674231 0.088583 0.034964
0 0.232422 0.723280 0.078001 0.042346
0 0.343262 0.733529 0.072852 0.034964
0 0.421387 0.741215 0.088629 0.035704
0 0.505859 0.750366 0.087709 0.037922
0 0.295410 0.758785 0.077021 0.041609
0 0.415039 0.771596 0.091709 0.042346
0 0.498535 0.780747 0.090731 0.041609
0 0.230469 0.809297 0.105404 0.044554
0 0.314941 0.817350 0.074886 0.034224
0 0.393066 0.826135 0.090632 0.037183
0 0.478027 0.834919 0.088670 0.037183
0 0.211914 0.835286 0.071930 0.034964
0 0.198730 0.864202 0.060919 0.034224
0 0.318848 0.877013 0.076856 0.037922
0 0.255371 0.965593 0.072749 0.036444
