0 0.415365 0.264160 0.309896 0.038086
0 0.419271 0.307617 0.382812 0.037109
0 0.717448 0.660156 0.098958 0.029297
0 0.113281 0.667969 0.158854 0.033203
0 0.615885 0.751953 0.304688 0.035156
0 0.417318 0.266602 0.308594 0.039062
0 0.058594 0.340820 0.059896 0.025391
0 0.419271 0.398438 0.406250 0.046875
0 0.274740 0.440430 0.049479 0.029297
0 0.360677 0.441406 0.070312 0.027344
0 0.498698 0.444336 0.119792 0.035156
0 0.659505 0.441406 0.154948 0.029297
0 0.386719 0.478027 0.664062 0.032227
0 0.335938 0.507812 0.062500 0.023438
0 0.519531 0.510742 0.101562 0.029297
0 0.708333 0.509766 0.098958 0.027344
0 0.335938 0.583008 0.059896 0.019531
0 0.519531 0.583984 0.101562 0.027344
0 0.708333 0.583984 0.098958 0.027344
0 0.098307 0.635254 0.139323 0.041992
0 0.113281 0.668945 0.171875 0.039062
0 0.147135 0.705078 0.236979 0.031250
0 0.434896 0.704102 0.072917 0.029297
0 0.419271 0.801758 0.216146 0.039062
