0 0.485243 0.275391 0.574653 0.035156
0 0.488715 0.310547 0.508681 0.029297
0 0.303819 0.366699 0.361111 0.020508
0 0.279514 0.613281 0.194444 0.017578
0 0.821181 0.607910 0.107639 0.018555
0 0.485243 0.273438 0.588542 0.050781
0 0.411458 0.310059 0.364583 0.028320
0 0.708333 0.306641 0.069444 0.023438
0 0.407986 0.337891 0.059028 0.023438
0 0.489583 0.363281 0.746528 0.037109
0 0.241319 0.390625 0.246528 0.027344
0 0.214410 0.411621 0.192708 0.026367
0 0.303819 0.446289 0.125000 0.019531
0 0.479167 0.445312 0.038194 0.017578
0 0.220486 0.497070 0.083333 0.019531
0 0.288194 0.515625 0.215278 0.023438
0 0.607639 0.521484 0.104167 0.023438
0 0.257812 0.535645 0.154514 0.028320
0 0.263889 0.560547 0.180556 0.023438
0 0.817708 0.555664 0.111111 0.019531
0 0.274306 0.586914 0.138889 0.025391
0 0.269097 0.613281 0.190972 0.023438
0 0.295139 0.632812 0.243056 0.023438
0 0.821181 0.628906 0.114583 0.023438
0 0.829861 0.674805 0.100694 0.019531
0 0.632812 0.307617 0.090128 0.030439
