0 0.477865 0.164551 0.291667 0.026367
0 0.475911 0.194824 0.360677 0.024414
0 0.699219 0.903320 0.328125 0.033203
0 0.148438 0.786133 0.174479 0.031250
0 0.817057 0.778320 0.128906 0.031250
0 0.421875 0.163086 0.174479 0.023438
0 0.570312 0.164062 0.104167 0.023438
0 0.326823 0.194336 0.062500 0.019531
0 0.132812 0.219727 0.049479 0.015625
0 0.483073 0.262695 0.416667 0.039062
0 0.193359 0.299805 0.147135 0.029297
0 0.330729 0.297852 0.046875 0.025391
0 0.536458 0.296875 0.067708 0.023438
0 0.736979 0.294922 0.161458 0.023438
0 0.389323 0.329590 0.575521 0.030273
0 0.393229 0.358398 0.059896 0.019531
0 0.589844 0.361328 0.106771 0.027344
0 0.377604 0.399414 0.578125 0.029297
0 0.809896 0.431641 0.109375 0.027344
0 0.329427 0.475586 0.510417 0.035156
0 0.174479 0.514648 0.210938 0.041016
0 0.613281 0.513672 0.096354 0.031250
0 0.138021 0.554688 0.145833 0.031250
0 0.391927 0.550781 0.070312 0.023438
0 0.610677 0.551758 0.096354 0.029297
0 0.822917 0.551758 0.117188 0.035156
0 0.398438 0.600586 0.664062 0.039062
0 0.278646 0.640625 0.023438 0.021484
0 0.602865 0.638672 0.117188 0.031250
0 0.825521 0.636719 0.114583 0.031250
0 0.127604 0.698242 0.153646 0.041016
0 0.322917 0.701172 0.046875 0.027344
0 0.145833 0.735352 0.184896 0.041016
0 0.138021 0.786133 0.164062 0.041016
0 0.190104 0.820312 0.255208 0.031250
0 0.497396 0.824219 0.078125 0.027344
0 0.191406 0.863281 0.242188 0.031250
0 0.813802 0.856445 0.132812 0.029297
0 0.490885 0.936523 0.221354 0.025391
0 0.528646 0.956055 0.096354 0.015625
0 0.598307 0.297852 0.057347 0.033174
