0 0.450521 0.207520 0.289062 0.020508
0 0.449219 0.243164 0.361979 0.023438
0 0.647786 0.596191 0.295573 0.028320
0 0.162760 0.514648 0.151042 0.027344
0 0.751302 0.508789 0.101562 0.019531
0 0.449219 0.208008 0.283854 0.025391
0 0.108073 0.276367 0.052083 0.019531
0 0.451823 0.327148 0.395833 0.042969
0 0.312500 0.369141 0.046875 0.027344
0 0.394531 0.372070 0.072917 0.035156
0 0.529948 0.371094 0.117188 0.031250
0 0.691406 0.365234 0.153646 0.027344
0 0.339193 0.402344 0.488281 0.031250
0 0.740885 0.433594 0.101562 0.027344
0 0.162109 0.513672 0.165365 0.037109
0 0.196615 0.545898 0.226562 0.029297
0 0.470052 0.546875 0.070312 0.027344
0 0.458333 0.637695 0.210938 0.039062
0 0.526042 0.434570 0.053784 0.030859
0 0.123047 0.481934 0.091816 0.041692
