0 0.455508 0.166016 0.156780 0.017578
0 0.448093 0.186523 0.574153 0.023438
0 0.461864 0.206543 0.457627 0.022461
0 0.458686 0.290527 0.273305 0.014648
0 0.491525 0.547363 0.156780 0.016602
0 0.721398 0.547852 0.086864 0.011719
0 0.459746 0.291016 0.067797 0.013672
0 0.182203 0.332031 0.063559 0.013672
0 0.218220 0.406250 0.144068 0.013672
0 0.194915 0.447266 0.097458 0.013672
0 0.722458 0.504883 0.093220 0.015625
0 0.459746 0.668945 0.322034 0.015625
0 0.274364 0.936035 0.451271 0.026367
0 0.530720 0.504883 0.086756 0.017281
