0 0.524902 0.120055 0.225586 0.026923
0 0.519043 0.140934 0.329102 0.031319
0 0.727051 0.247527 0.208008 0.029121
0 0.265137 0.811813 0.188477 0.017033
0 0.498047 0.144505 0.175781 0.029670
0 0.519043 0.168956 0.139648 0.026923
0 0.422852 0.216484 0.062500 0.020879
0 0.222656 0.232418 0.048828 0.019780
0 0.727539 0.248077 0.212891 0.026923
0 0.235840 0.299725 0.086914 0.022527
0 0.225098 0.323077 0.067383 0.023077
0 0.574219 0.315385 0.177734 0.020879
0 0.395996 0.330495 0.153320 0.028022
0 0.212891 0.385165 0.041016 0.019780
0 0.520508 0.397802 0.037109 0.017582
0 0.301758 0.422253 0.220703 0.026923
0 0.493164 0.452747 0.068359 0.015385
0 0.370117 0.481868 0.367188 0.024176
0 0.491211 0.508791 0.068359 0.015385
0 0.774414 0.515385 0.076172 0.015385
0 0.773438 0.572527 0.078125 0.017582
0 0.326172 0.599176 0.287109 0.021429
0 0.486328 0.621429 0.070312 0.016484
0 0.768066 0.628571 0.079102 0.017582
0 0.330078 0.656044 0.302734 0.020879
0 0.483398 0.677473 0.056641 0.014286
0 0.771973 0.683791 0.063477 0.017033
0 0.480957 0.733791 0.071289 0.018132
0 0.765137 0.738187 0.073242 0.017033
0 0.264648 0.769780 0.183594 0.023077
0 0.753418 0.766758 0.098633 0.021429
0 0.238770 0.789560 0.129883 0.019780
0 0.264648 0.810714 0.179688 0.020330
0 0.750488 0.808791 0.100586 0.021978
0 0.748047 0.828571 0.099609 0.020879
0 0.211914 0.849451 0.072266 0.015385
0 0.752930 0.850000 0.080078 0.016484
0 0.445801 0.120055 0.073091 0.024622
0 0.579590 0.123901 0.109696 0.022596
0 0.502441 0.126374 0.059021 0.022898
0 0.387695 0.135989 0.056285 0.021287
0 0.481934 0.221154 0.068970 0.025686
0 0.290527 0.326374 0.078769 0.025130
0 0.476074 0.394780 0.061162 0.021287
