0 0.496745 0.261719 0.550781 0.041016
0 0.498047 0.303711 0.490885 0.025391
0 0.310547 0.372559 0.355469 0.024414
0 0.820312 0.770020 0.130208 0.026367
0 0.259115 0.767090 0.208333 0.028320
0 0.496094 0.260742 0.565104 0.050781
0 0.419271 0.339844 0.057292 0.031250
0 0.562500 0.342773 0.091146 0.035156
0 0.247396 0.426758 0.247396 0.035156
0 0.171875 0.455078 0.098958 0.031250
0 0.403646 0.459473 0.190104 0.036133
0 0.263021 0.488770 0.289062 0.036133
0 0.304688 0.528320 0.125000 0.029297
0 0.480469 0.530273 0.039062 0.025391
0 0.292318 0.567871 0.243490 0.036133
0 0.830729 0.571289 0.104167 0.029297
0 0.299479 0.598633 0.260417 0.029297
0 0.143229 0.611328 0.018229 0.021484
0 0.833333 0.616211 0.104167 0.029297
0 0.298177 0.654297 0.148438 0.031250
0 0.203776 0.681641 0.089844 0.039062
0 0.250000 0.718750 0.187500 0.031250
0 0.821615 0.721680 0.138021 0.029297
0 0.251302 0.767578 0.200521 0.031250
0 0.821615 0.770508 0.138021 0.029297
0 0.276042 0.797852 0.257812 0.035156
0 0.822917 0.800781 0.135417 0.031250
0 0.218750 0.824219 0.145833 0.031250
0 0.833333 0.864258 0.119792 0.029297
0 0.267578 0.457031 0.105063 0.042684
