0 0.303385 0.379883 0.143229 0.019531
0 0.501302 0.336426 0.158854 0.016602
0 0.508464 0.358887 0.214844 0.018555
0 0.505859 0.378418 0.160156 0.016602
0 0.365885 0.452148 0.265625 0.021484
0 0.350260 0.613281 0.223958 0.021484
0 0.629557 0.605469 0.069010 0.015625
0 0.259115 0.471680 0.041667 0.015625
0 0.303385 0.471680 0.031250 0.015625
0 0.586589 0.463867 0.131510 0.019531
0 0.454427 0.501953 0.075521 0.023438
0 0.623047 0.497559 0.063802 0.020508
0 0.305339 0.542969 0.139323 0.023438
0 0.476562 0.538086 0.033854 0.015625
0 0.626302 0.534180 0.062500 0.015625
0 0.462240 0.575195 0.062500 0.015625
0 0.305339 0.580078 0.139323 0.023438
0 0.425781 0.612305 0.062500 0.019531
0 0.645833 0.607422 0.033854 0.013672
0 0.632812 0.643555 0.065104 0.019531
0 0.628906 0.663086 0.078125 0.019531
0 0.632812 0.682617 0.075521 0.015625
0 0.330729 0.692383 0.075521 0.019531
0 0.546875 0.782227 0.260417 0.025391
0 0.322266 0.790039 0.076823 0.019531
0 0.592448 0.838379 0.156250 0.020508
0 0.261719 0.850586 0.036458 0.015625
0 0.309896 0.848633 0.044271 0.015625
0 0.262370 0.692871 0.053542 0.024606
