0 0.458333 0.247559 0.118056 0.018555
0 0.513021 0.368652 0.494792 0.018555
0 0.320312 0.534180 0.175347 0.017578
0 0.560764 0.530273 0.211806 0.015625
0 0.815972 0.764160 0.142361 0.024414
0 0.418403 0.763184 0.340278 0.024414
0 0.524306 0.313477 0.170139 0.039062
0 0.515625 0.424805 0.260417 0.025391
0 0.517361 0.458008 0.406250 0.035156
0 0.475694 0.485352 0.093750 0.019531
0 0.586806 0.483398 0.093750 0.019531
0 0.270833 0.510742 0.065972 0.019531
0 0.586806 0.505859 0.065972 0.017578
0 0.322917 0.534180 0.180556 0.025391
0 0.520833 0.530273 0.135417 0.019531
0 0.633681 0.530273 0.069444 0.015625
0 0.315972 0.556641 0.166667 0.023438
0 0.388889 0.579590 0.312500 0.024414
0 0.378472 0.600586 0.114583 0.019531
0 0.684028 0.596680 0.072917 0.019531
0 0.295139 0.657227 0.163194 0.019531
0 0.697917 0.653320 0.052083 0.019531
0 0.293403 0.688477 0.086806 0.025391
0 0.361111 0.724609 0.236111 0.027344
0 0.407986 0.761719 0.322917 0.027344
0 0.677083 0.813477 0.173611 0.025391
0 0.664931 0.875977 0.125000 0.019531
0 0.668403 0.895508 0.125000 0.019531
