0 0.592361 0.106250 0.556944 0.025000
0 0.595833 0.130859 0.405556 0.022656
0 0.928472 0.736328 0.118056 0.024219
0 0.438194 0.718359 0.379167 0.027344
0 0.930556 0.710156 0.127778 0.020313
0 0.488194 0.132422 0.198611 0.024219
0 0.456944 0.275000 0.041667 0.018750
0 0.648611 0.271875 0.063889 0.018750
0 0.831250 0.269141 0.154167 0.021094
0 0.368750 0.376563 0.223611 0.025000
0 0.373611 0.453906 0.225000 0.020313
0 0.716667 0.499219 0.083333 0.020313
0 0.900000 0.496094 0.100000 0.020313
0 0.375694 0.530469 0.226389 0.023438
0 0.722222 0.575781 0.083333 0.020313
0 0.380556 0.609375 0.222222 0.021875
0 0.730556 0.656250 0.077778 0.021875
0 0.922222 0.653125 0.083333 0.018750
0 0.493056 0.692969 0.038889 0.015625
0 0.381944 0.746094 0.219444 0.023438
0 0.643056 0.741406 0.069444 0.020313
0 0.926389 0.739062 0.102778 0.021875
0 0.600000 0.804688 0.286111 0.029687
0 0.299306 0.694531 0.086986 0.029474
0 0.300694 0.720313 0.092355 0.032559
