0 0.265625 0.498698 0.019531 0.200521
0 0.287598 0.498047 0.020508 0.167969
0 0.367676 0.658854 0.022461 0.278646
0 0.504395 0.675781 0.026367 0.231771
0 0.501953 0.373698 0.023438 0.072917
0 0.503906 0.356771 0.017578 0.039062
0 0.752930 0.359375 0.015625 0.039062
0 0.729492 0.414062 0.019531 0.044271
0 0.466797 0.540365 0.013672 0.036458
0 0.347656 0.597656 0.017578 0.031250
0 0.369141 0.665365 0.017578 0.156250
0 0.750000 0.632161 0.023438 0.131510
0 0.586914 0.675781 0.019531 0.041667
0 0.446289 0.692708 0.019531 0.049479
0 0.367188 0.769531 0.023438 0.054688
