0 0.450521 0.508301 0.205729 0.020508
0 0.448568 0.537598 0.259115 0.020508
0 0.585938 0.858398 0.216146 0.019531
0 0.237630 0.796387 0.115885 0.022461
0 0.666667 0.800293 0.072917 0.016602
0 0.449219 0.509766 0.210938 0.023438
0 0.449219 0.601562 0.289062 0.031250
0 0.248698 0.631348 0.106771 0.026367
0 0.342448 0.629883 0.031250 0.019531
0 0.403646 0.630859 0.049479 0.017578
0 0.502604 0.632812 0.088542 0.023438
0 0.622396 0.630859 0.119792 0.023438
0 0.433594 0.657227 0.492188 0.025391
0 0.385417 0.682617 0.044271 0.015625
0 0.516927 0.682617 0.072917 0.019531
0 0.390625 0.711914 0.416667 0.025391
0 0.256510 0.820312 0.164062 0.023438
0 0.454427 0.825195 0.052083 0.019531
0 0.258464 0.798340 0.063567 0.026043
0 0.395833 0.879395 0.044174 0.018285
