0 0.465495 0.015625 0.321615 0.031250
0 0.453125 0.051758 0.380208 0.035156
0 0.682943 0.947266 0.332031 0.035156
0 0.158854 0.547363 0.197917 0.034180
0 0.770182 0.541504 0.147135 0.030273
0 0.399740 0.017578 0.179688 0.027344
0 0.552083 0.018555 0.104167 0.025391
0 0.107422 0.081543 0.063802 0.026367
0 0.459635 0.137695 0.406250 0.042969
0 0.313802 0.176758 0.044271 0.025391
0 0.398438 0.175781 0.067708 0.023438
0 0.537760 0.177734 0.117188 0.027344
0 0.707031 0.172852 0.158854 0.029297
0 0.287109 0.209473 0.389323 0.030273
0 0.375000 0.242188 0.062500 0.023438
0 0.561198 0.243164 0.101562 0.025391
0 0.757812 0.240234 0.104167 0.027344
0 0.354167 0.283203 0.526042 0.031250
0 0.375000 0.315430 0.059896 0.019531
0 0.571615 0.317383 0.085938 0.029297
0 0.762370 0.312988 0.105469 0.032227
0 0.627604 0.357422 0.031250 0.023438
0 0.376302 0.390625 0.065104 0.023438
0 0.563802 0.392578 0.106771 0.027344
0 0.382812 0.431641 0.593750 0.031250
0 0.375000 0.465820 0.059896 0.019531
0 0.565104 0.466797 0.104167 0.027344
0 0.770182 0.463867 0.121094 0.039062
0 0.136068 0.516602 0.141927 0.041016
0 0.312500 0.519531 0.041667 0.023438
0 0.152344 0.550781 0.171875 0.037109
0 0.187500 0.583984 0.239583 0.031250
0 0.470052 0.586914 0.075521 0.029297
0 0.174479 0.628906 0.250000 0.031250
0 0.791667 0.629883 0.132812 0.035156
0 0.345703 0.687988 0.235677 0.030273
0 0.192708 0.732422 0.236979 0.037109
0 0.154948 0.771484 0.174479 0.031250
0 0.825521 0.768555 0.046875 0.029297
0 0.188802 0.811523 0.250000 0.039062
0 0.817708 0.811523 0.062500 0.029297
0 0.188802 0.857910 0.255208 0.038086
0 0.296875 0.895020 0.270833 0.047852
0 0.795573 0.893555 0.106771 0.029297
0 0.817057 0.917480 0.066406 0.018555
0 0.208984 0.177246 0.089631 0.035850
0 0.519531 0.209961 0.088129 0.036843
0 0.576172 0.357422 0.091866 0.040698
0 0.766276 0.389160 0.117760 0.043638
