0 0.444010 0.170410 0.208333 0.024414
0 0.443359 0.194336 0.261719 0.025391
0 0.610677 0.864746 0.244792 0.028320
0 0.233073 0.582031 0.111979 0.021484
0 0.667969 0.570312 0.078125 0.015625
0 0.400391 0.173340 0.126302 0.026367
0 0.402344 0.252930 0.190104 0.029297
0 0.226562 0.273438 0.039062 0.017578
0 0.346354 0.278320 0.028646 0.015625
0 0.402344 0.277344 0.046875 0.017578
0 0.480469 0.280273 0.041667 0.015625
0 0.301432 0.298340 0.214844 0.028320
0 0.613281 0.333008 0.036458 0.019531
0 0.276042 0.343750 0.166667 0.025391
0 0.470703 0.348633 0.066406 0.019531
0 0.513021 0.367188 0.072917 0.023438
0 0.274740 0.392578 0.169271 0.023438
0 0.510417 0.391602 0.171875 0.029297
0 0.631510 0.405273 0.036458 0.019531
0 0.389323 0.418945 0.041667 0.015625
0 0.514323 0.416016 0.070312 0.023438
0 0.251302 0.467773 0.132812 0.025391
0 0.522786 0.464844 0.066406 0.025391
0 0.230469 0.491211 0.093750 0.019531
0 0.315104 0.493164 0.028646 0.015625
0 0.532552 0.489258 0.041667 0.019531
0 0.222656 0.525391 0.101562 0.027344
0 0.347656 0.528320 0.031250 0.015625
0 0.641927 0.538086 0.031250 0.019531
0 0.233073 0.548828 0.122396 0.027344
0 0.223958 0.582031 0.109375 0.027344
0 0.256510 0.605469 0.174479 0.027344
0 0.453125 0.604980 0.057292 0.024414
0 0.247396 0.637695 0.177083 0.025391
0 0.220052 0.679688 0.091146 0.023438
0 0.367188 0.676758 0.166667 0.025391
0 0.194010 0.709961 0.039062 0.025391
0 0.342448 0.706055 0.085938 0.025391
0 0.234375 0.738281 0.130208 0.023438
0 0.257812 0.766602 0.177083 0.025391
0 0.686198 0.762695 0.070312 0.025391
0 0.259115 0.798828 0.179688 0.027344
0 0.455729 0.897461 0.166667 0.029297
0 0.441406 0.922852 0.403646 0.025391
0 0.501953 0.171387 0.077722 0.028195
0 0.535156 0.245605 0.085493 0.035282
0 0.275391 0.277344 0.061063 0.025040
0 0.569661 0.291016 0.100235 0.030893
0 0.500651 0.301270 0.046652 0.018577
0 0.426432 0.304199 0.043868 0.018683
0 0.511068 0.320312 0.072693 0.025156
0 0.570964 0.338867 0.056413 0.025563
0 0.524089 0.345703 0.046472 0.019638
0 0.389974 0.396973 0.071517 0.024035
0 0.655599 0.479004 0.079998 0.028089
0 0.257161 0.707520 0.096409 0.032734
