0 0.546387 0.049414 0.153320 0.021230
0 0.546875 0.071742 0.277344 0.033675
0 0.533691 0.128477 0.461914 0.063690
0 0.549805 0.172401 0.322266 0.021230
0 0.552246 0.189971 0.385742 0.024158
0 0.617188 0.330893 0.339844 0.033675
0 0.441895 0.491947 0.293945 0.032211
0 0.721680 0.488287 0.136719 0.032211
0 0.544922 0.090044 0.291016 0.026354
0 0.594727 0.110542 0.261719 0.026354
0 0.341797 0.133236 0.039062 0.017570
0 0.435547 0.132504 0.050781 0.019034
0 0.715820 0.127379 0.060547 0.017570
0 0.325195 0.152269 0.029297 0.017570
0 0.676758 0.147145 0.029297 0.019034
0 0.727539 0.146413 0.060547 0.017570
0 0.551758 0.210835 0.332031 0.027818
0 0.433594 0.275256 0.117188 0.020498
0 0.556641 0.273060 0.093750 0.019034
0 0.668457 0.271230 0.096680 0.024158
0 0.388672 0.338214 0.031250 0.020498
0 0.557617 0.336750 0.191406 0.027818
0 0.415039 0.444363 0.064453 0.019034
0 0.471680 0.487555 0.224609 0.021962
0 0.430664 0.511713 0.027344 0.014641
0 0.515137 0.511347 0.133789 0.022694
0 0.347656 0.578331 0.097656 0.020498
0 0.375977 0.625915 0.162109 0.021962
0 0.717773 0.624451 0.128906 0.026354
0 0.329102 0.722548 0.033203 0.021962
0 0.366211 0.723280 0.029297 0.017570
0 0.357422 0.747438 0.089844 0.021962
0 0.386719 0.876647 0.185547 0.030015
0 0.763672 0.953148 0.070312 0.023426
0 0.337891 0.114568 0.056351 0.025382
0 0.335938 0.338946 0.066220 0.026129
0 0.327637 0.490117 0.057273 0.026874
0 0.384277 0.511347 0.057337 0.025382
0 0.359863 0.903001 0.068862 0.031253
