0 0.521484 0.328125 0.225260 0.025391
0 0.519531 0.359863 0.276042 0.024414
0 0.695964 0.823730 0.238281 0.032227
0 0.309245 0.565918 0.136719 0.024414
0 0.751302 0.559082 0.088542 0.018555
0 0.520833 0.327148 0.223958 0.025391
0 0.518229 0.356445 0.276042 0.025391
0 0.260417 0.382812 0.044271 0.017578
0 0.524740 0.425781 0.299479 0.031250
0 0.339193 0.454102 0.069010 0.025391
0 0.416667 0.454102 0.033854 0.019531
0 0.479167 0.454102 0.049479 0.019531
0 0.565104 0.454102 0.049479 0.015625
0 0.606771 0.454102 0.041667 0.025391
0 0.707031 0.450195 0.119792 0.019531
0 0.425781 0.480469 0.346354 0.023438
0 0.390625 0.505859 0.028646 0.013672
0 0.467448 0.504883 0.041667 0.015625
0 0.740885 0.500000 0.091146 0.023438
0 0.292969 0.541016 0.106771 0.027344
0 0.423177 0.543945 0.031250 0.015625
0 0.330729 0.591797 0.177083 0.023438
0 0.535156 0.590820 0.052083 0.019531
0 0.447266 0.634277 0.173177 0.028320
0 0.356771 0.666016 0.213542 0.031250
0 0.795573 0.686523 0.031250 0.019531
0 0.311198 0.697266 0.132812 0.023438
0 0.798177 0.717773 0.031250 0.019531
0 0.337240 0.726562 0.184896 0.027344
0 0.338542 0.758789 0.187500 0.029297
0 0.789062 0.777344 0.067708 0.023438
0 0.544271 0.861328 0.171875 0.027344
0 0.274089 0.565430 0.071135 0.032862
0 0.732422 0.585938 0.050818 0.025735
0 0.692057 0.873535 0.074790 0.026133
0 0.596354 0.951172 0.115507 0.115211
