0 0.299805 0.170571 0.160156 0.043924
0 0.513672 0.105051 0.169922 0.037335
0 0.515625 0.148975 0.138672 0.030015
0 0.353027 0.238287 0.282227 0.032943
0 0.334961 0.494510 0.246094 0.019766
0 0.652344 0.487921 0.087891 0.022694
0 0.459961 0.177892 0.033203 0.021962
0 0.262695 0.262811 0.091797 0.019034
0 0.545898 0.284041 0.025391 0.017570
0 0.650391 0.274158 0.078125 0.024158
0 0.432617 0.293558 0.041016 0.019034
0 0.231445 0.316984 0.039062 0.014641
0 0.286133 0.336018 0.150391 0.019034
0 0.459961 0.331625 0.072266 0.019034
0 0.228516 0.396779 0.039062 0.020498
0 0.301758 0.393851 0.095703 0.020498
0 0.284668 0.414348 0.149414 0.027818
0 0.467773 0.409956 0.060547 0.017570
0 0.660156 0.405564 0.058594 0.017570
0 0.358398 0.433382 0.048828 0.017570
0 0.414062 0.431186 0.050781 0.019034
0 0.289062 0.455710 0.144531 0.022694
0 0.465820 0.450952 0.064453 0.017570
0 0.628906 0.491947 0.035156 0.017570
0 0.675781 0.490483 0.039062 0.017570
0 0.651367 0.532943 0.080078 0.020498
0 0.269531 0.560029 0.093750 0.021962
0 0.651367 0.553441 0.080078 0.020498
0 0.663086 0.574671 0.056641 0.019034
0 0.250977 0.581991 0.064453 0.019034
0 0.282227 0.603221 0.142578 0.023426
0 0.437500 0.624451 0.089844 0.021962
0 0.311523 0.665447 0.197266 0.021962
0 0.603027 0.661786 0.192383 0.027818
0 0.307617 0.794290 0.189453 0.021962
0 0.422852 0.792094 0.029297 0.017570
0 0.574219 0.791362 0.257812 0.021962
0 0.259766 0.860176 0.097656 0.019034
0 0.434570 0.857247 0.236328 0.021962
0 0.632812 0.215959 0.101799 0.026384
0 0.579102 0.240483 0.099276 0.025627
0 0.403809 0.239385 0.052910 0.022818
0 0.474609 0.291728 0.046219 0.025606
0 0.510742 0.622255 0.055580 0.025863
