0 0.533854 0.177246 0.289062 0.034180
0 0.536458 0.218262 0.356771 0.040039
0 0.746094 0.761719 0.296875 0.029297
0 0.277995 0.690430 0.178385 0.029297
0 0.840495 0.675781 0.113281 0.031250
0 0.535156 0.182617 0.273438 0.025391
0 0.214844 0.250977 0.052083 0.019531
0 0.541667 0.300781 0.372396 0.041016
0 0.248698 0.339844 0.059896 0.023438
0 0.314453 0.341797 0.084635 0.035156
0 0.408854 0.339844 0.041667 0.023438
0 0.486979 0.338867 0.062500 0.025391
0 0.613281 0.338867 0.106771 0.029297
0 0.765625 0.334961 0.145833 0.025391
0 0.473307 0.370117 0.527344 0.029297
0 0.467448 0.399414 0.052083 0.019531
0 0.635417 0.399414 0.093750 0.025391
0 0.813802 0.396484 0.091146 0.023438
0 0.452474 0.437500 0.485677 0.031250
0 0.639323 0.465820 0.091146 0.025391
0 0.505859 0.504883 0.600260 0.035156
0 0.505859 0.574707 0.610677 0.038086
0 0.649740 0.605469 0.101562 0.027344
0 0.834635 0.602539 0.096354 0.025391
0 0.253906 0.659180 0.130208 0.035156
0 0.837240 0.675781 0.096354 0.027344
0 0.308594 0.689453 0.078125 0.031250
0 0.304688 0.722656 0.218750 0.031250
0 0.569010 0.717773 0.065104 0.025391
0 0.558594 0.802734 0.195312 0.031250
0 0.233724 0.691406 0.089174 0.040698
