0 0.430556 0.171875 0.423611 0.029297
0 0.368924 0.199219 0.501736 0.029297
0 0.330729 0.272461 0.418403 0.021484
0 0.701389 0.442383 0.128472 0.023438
0 0.248264 0.227539 0.267361 0.025391
0 0.227431 0.250000 0.225694 0.023438
0 0.468750 0.249023 0.229167 0.027344
0 0.470486 0.272461 0.138889 0.019531
0 0.725694 0.287109 0.052083 0.017578
0 0.475694 0.299805 0.052083 0.015625
0 0.247396 0.423340 0.300347 0.026367
0 0.416667 0.482422 0.447917 0.037109
0 0.289062 0.922363 0.449653 0.030273
0 0.111111 0.947266 0.090278 0.023438
0 0.330729 0.946289 0.185764 0.025391
0 0.308160 0.199707 0.077800 0.030030
