0 0.456380 0.092773 0.308594 0.027344
0 0.453776 0.129883 0.389323 0.025391
0 0.689453 0.969727 0.337240 0.039062
0 0.132812 0.583496 0.177083 0.030273
0 0.800781 0.573242 0.104167 0.029297
0 0.456380 0.091797 0.305990 0.031250
0 0.093750 0.161133 0.049479 0.019531
0 0.460938 0.215820 0.427083 0.048828
0 0.164714 0.253906 0.154948 0.035156
0 0.307292 0.254883 0.046875 0.025391
0 0.399740 0.254883 0.070312 0.025391
0 0.544271 0.260742 0.127604 0.035156
0 0.714844 0.261719 0.158854 0.027344
0 0.444010 0.292969 0.739583 0.037109
0 0.170573 0.325195 0.203125 0.037109
0 0.580729 0.333008 0.088542 0.029297
0 0.134115 0.360352 0.138021 0.029297
0 0.580729 0.367188 0.088542 0.027344
0 0.583333 0.444336 0.088542 0.029297
0 0.777344 0.444336 0.106771 0.029297
0 0.118490 0.493164 0.151042 0.041016
0 0.311198 0.496094 0.044271 0.023438
0 0.134766 0.530273 0.186198 0.041016
0 0.173177 0.620117 0.260417 0.035156
0 0.490885 0.618164 0.080729 0.029297
0 0.222656 0.657227 0.364583 0.039062
0 0.490885 0.654297 0.080729 0.027344
0 0.127604 0.721680 0.130208 0.029297
0 0.349609 0.713379 0.251302 0.040039
0 0.223958 0.757812 0.315104 0.037109
0 0.158854 0.794922 0.177083 0.027344
0 0.197917 0.877441 0.257812 0.038086
0 0.126302 0.916992 0.109375 0.035156
0 0.305990 0.914062 0.268229 0.048828
0 0.811198 0.912109 0.091146 0.031250
0 0.742839 0.367188 0.057805 0.032862
