0 0.438136 0.218359 0.601695 0.019531
0 0.431356 0.237891 0.103390 0.022656
0 0.431356 0.259375 0.638983 0.021875
0 0.442373 0.276953 0.250847 0.013281
0 0.310169 0.381641 0.420339 0.017969
0 0.268644 0.592187 0.306780 0.021875
0 0.715254 0.580469 0.176271 0.021875
0 0.684746 0.257422 0.122034 0.019531
0 0.611864 0.436719 0.047458 0.012500
0 0.530508 0.467969 0.088136 0.015625
0 0.198305 0.485156 0.061017 0.015625
0 0.196610 0.560156 0.050847 0.012500
0 0.313559 0.589063 0.200000 0.021875
0 0.749153 0.605469 0.118644 0.015625
0 0.215254 0.642969 0.193220 0.020313
0 0.290678 0.937109 0.449153 0.025781
0 0.244068 0.956250 0.352542 0.021875
