0 0.271973 0.543620 0.024414 0.108073
0 0.295898 0.543620 0.027344 0.423177
0 0.323242 0.541016 0.027344 0.311198
0 0.423828 0.541667 0.025391 0.182292
0 0.723145 0.521484 0.018555 0.105469
0 0.722656 0.365234 0.019531 0.061198
0 0.320312 0.412760 0.017578 0.057292
0 0.402344 0.416667 0.017578 0.039062
0 0.346680 0.460938 0.019531 0.049479
0 0.274414 0.510417 0.025391 0.052083
0 0.696289 0.520833 0.015625 0.106771
0 0.295898 0.735677 0.025391 0.039062
0 0.672852 0.495443 0.021244 0.063678
