0 0.493644 0.142578 0.199153 0.023438
0 0.495763 0.168945 0.754237 0.035156
0 0.497881 0.194824 0.572034 0.030273
0 0.503178 0.298828 0.341102 0.021484
0 0.578390 0.579590 0.190678 0.018555
0 0.845339 0.576660 0.088983 0.016602
0 0.326271 0.172852 0.423729 0.029297
0 0.652542 0.191406 0.271186 0.027344
0 0.493644 0.218750 0.394068 0.027344
0 0.495763 0.251953 0.389831 0.027344
0 0.207627 0.278320 0.046610 0.015625
0 0.580508 0.297852 0.046610 0.019531
0 0.650424 0.296875 0.050847 0.017578
0 0.171610 0.379883 0.118644 0.015625
0 0.180085 0.428711 0.135593 0.019531
0 0.841102 0.475586 0.093220 0.019531
0 0.485169 0.524414 0.173729 0.025391
0 0.843220 0.522461 0.088983 0.019531
0 0.524364 0.578125 0.099576 0.027344
0 0.546610 0.606445 0.250000 0.019531
0 0.591102 0.634766 0.165254 0.023438
0 0.146186 0.666992 0.084746 0.019531
0 0.514831 0.739258 0.411017 0.025391
0 0.274364 0.936035 0.451271 0.026367
0 0.619703 0.524414 0.112005 0.027043
0 0.626059 0.579590 0.116223 0.026043
0 0.238347 0.666016 0.115439 0.030541
