0 0.508301 0.146703 0.233398 0.024176
0 0.723145 0.284066 0.227539 0.021978
0 0.251465 0.789560 0.178711 0.023077
0 0.742188 0.810714 0.105469 0.023626
0 0.539551 0.146703 0.172852 0.028571
0 0.626953 0.167033 0.091797 0.020879
0 0.502441 0.196429 0.147461 0.024725
0 0.500977 0.254945 0.265625 0.023077
0 0.260254 0.280769 0.188477 0.027473
0 0.724609 0.285714 0.226562 0.026374
0 0.208008 0.339011 0.085938 0.019780
0 0.385742 0.345604 0.128906 0.021978
0 0.306641 0.364835 0.289062 0.028571
0 0.186523 0.425824 0.041016 0.016484
0 0.457031 0.430220 0.054688 0.016484
0 0.182617 0.486264 0.033203 0.014286
0 0.474609 0.488462 0.066406 0.016484
0 0.768555 0.499176 0.097656 0.020330
0 0.473633 0.545604 0.060547 0.016484
0 0.468750 0.601099 0.058594 0.015385
0 0.768555 0.617582 0.080078 0.017582
0 0.465820 0.657143 0.068359 0.017582
0 0.763184 0.677747 0.086914 0.022527
0 0.254883 0.695055 0.183594 0.021978
0 0.736328 0.735714 0.035156 0.016484
0 0.225098 0.770604 0.131836 0.023626
0 0.203613 0.792582 0.086914 0.020330
0 0.249023 0.812088 0.179688 0.020879
0 0.744141 0.852198 0.087891 0.019780
0 0.424805 0.150824 0.075842 0.024573
0 0.501953 0.432143 0.048281 0.022251
0 0.751465 0.557143 0.045355 0.018489
0 0.720215 0.764011 0.061010 0.023457
0 0.320801 0.787363 0.038862 0.016326
0 0.274902 0.790110 0.062191 0.020415
0 0.740234 0.810440 0.109261 0.027353
0 0.714844 0.828846 0.060061 0.023457
0 0.329590 0.853022 0.056682 0.017564
0 0.536621 0.858242 0.058973 0.022898
