0 0.468750 0.120117 0.216146 0.021484
0 0.466797 0.148926 0.261719 0.020508
0 0.634115 0.903809 0.244792 0.016602
0 0.236979 0.842285 0.111979 0.022461
0 0.717448 0.852051 0.101562 0.020508
0 0.471354 0.210938 0.286458 0.031250
0 0.244792 0.235352 0.044271 0.019531
0 0.365885 0.236328 0.031250 0.017578
0 0.425781 0.237305 0.046875 0.019531
0 0.411458 0.285156 0.039062 0.013672
0 0.540365 0.284180 0.072917 0.019531
0 0.251302 0.355469 0.088542 0.013672
0 0.401042 0.353516 0.028646 0.013672
0 0.546875 0.352539 0.059896 0.015625
0 0.686198 0.348633 0.072917 0.015625
0 0.422526 0.377930 0.441406 0.025391
0 0.403646 0.398438 0.044271 0.013672
0 0.548177 0.396484 0.062500 0.017578
0 0.690104 0.392578 0.075521 0.017578
0 0.420573 0.424805 0.455729 0.029297
0 0.546875 0.445312 0.067708 0.023438
0 0.381510 0.479492 0.377604 0.029297
0 0.549479 0.502930 0.067708 0.025391
0 0.699219 0.524414 0.085938 0.029297
0 0.401042 0.589844 0.044271 0.017578
0 0.544271 0.587891 0.083333 0.023438
0 0.703125 0.585938 0.083333 0.027344
0 0.540365 0.649414 0.096354 0.025391
0 0.557292 0.710938 0.067708 0.023438
0 0.235677 0.738281 0.096354 0.023438
0 0.404948 0.741211 0.046875 0.015625
0 0.554688 0.742188 0.072917 0.023438
0 0.712240 0.743164 0.091146 0.025391
0 0.354167 0.782227 0.033854 0.019531
0 0.266276 0.806641 0.063802 0.027344
0 0.475260 0.877930 0.057292 0.019531
0 0.453125 0.926758 0.101562 0.015625
0 0.293620 0.237305 0.066190 0.027043
0 0.208984 0.777832 0.068545 0.033860
