0 0.384766 0.270996 0.147135 0.028320
0 0.612630 0.229004 0.222656 0.020508
0 0.613281 0.251465 0.156250 0.020508
0 0.613932 0.275391 0.227865 0.021484
0 0.451172 0.356445 0.285156 0.023438
0 0.427734 0.536621 0.235677 0.022461
0 0.731771 0.542480 0.070312 0.020508
0 0.447917 0.357422 0.281250 0.025391
0 0.704427 0.358398 0.119792 0.019531
0 0.354167 0.375977 0.091146 0.019531
0 0.699219 0.379883 0.151042 0.019531
0 0.537760 0.420898 0.072917 0.019531
0 0.379557 0.456055 0.152344 0.025391
0 0.378906 0.497070 0.145833 0.019531
0 0.548177 0.500977 0.067708 0.019531
0 0.733073 0.503906 0.072917 0.017578
0 0.382812 0.576172 0.161458 0.023438
0 0.730469 0.584961 0.072917 0.019531
0 0.576823 0.643555 0.200521 0.025391
0 0.337240 0.782227 0.083333 0.019531
0 0.457031 0.784180 0.125000 0.019531
0 0.666667 0.789062 0.080729 0.017578
