0 0.290039 0.201684 0.158203 0.024158
0 0.537109 0.147877 0.162109 0.026354
0 0.535156 0.186310 0.244141 0.028551
0 0.355469 0.281113 0.298828 0.029283
0 0.657715 0.463397 0.090820 0.019034
0 0.505371 0.166911 0.157227 0.027818
0 0.635742 0.275256 0.134766 0.020498
0 0.624023 0.298682 0.158203 0.020498
0 0.256836 0.355051 0.099609 0.021962
0 0.459961 0.349927 0.091797 0.020498
0 0.558594 0.348463 0.027344 0.017570
0 0.665039 0.345534 0.076172 0.020498
0 0.383789 0.374817 0.353516 0.023426
0 0.277832 0.398975 0.147461 0.021962
0 0.467773 0.397511 0.076172 0.019034
0 0.656250 0.394583 0.085938 0.019034
0 0.221680 0.424597 0.029297 0.017570
0 0.424805 0.466325 0.076172 0.019034
0 0.295898 0.513177 0.169922 0.021962
0 0.664062 0.527818 0.089844 0.019034
0 0.271484 0.536603 0.101562 0.021962
0 0.670898 0.551245 0.076172 0.019034
0 0.224609 0.632504 0.027344 0.017570
0 0.679688 0.621523 0.062500 0.019034
0 0.328125 0.653734 0.248047 0.026354
0 0.289062 0.678624 0.166016 0.026354
0 0.611328 0.669839 0.208984 0.026354
0 0.481445 0.743777 0.041016 0.017570
0 0.571289 0.740849 0.123047 0.020498
0 0.334961 0.770864 0.146484 0.021962
0 0.513672 0.765739 0.195312 0.023426
0 0.666992 0.762079 0.099609 0.019034
0 0.231445 0.774524 0.041016 0.017570
0 0.258789 0.848463 0.103516 0.021962
0 0.442383 0.843338 0.250000 0.027818
0 0.644531 0.837482 0.140625 0.020498
