0 0.384766 0.257324 0.233073 0.036133
0 0.383464 0.287109 0.292969 0.041016
0 0.598958 0.750977 0.260417 0.044922
0 0.673828 0.670410 0.108073 0.034180
0 0.171875 0.704102 0.127604 0.025391
0 0.383464 0.257812 0.238281 0.041016
0 0.114583 0.329102 0.044271 0.015625
0 0.631510 0.364258 0.054688 0.025391
0 0.281250 0.391602 0.033854 0.019531
0 0.458333 0.378906 0.098958 0.027344
0 0.175781 0.399414 0.117188 0.025391
0 0.574219 0.398438 0.091146 0.027344
0 0.615885 0.420898 0.041667 0.019531
0 0.335938 0.441406 0.044271 0.017578
0 0.554688 0.457031 0.098958 0.027344
0 0.285156 0.477051 0.356771 0.047852
0 0.338542 0.499023 0.049479 0.019531
0 0.486979 0.490234 0.083333 0.027344
0 0.600260 0.513672 0.091146 0.027344
0 0.403646 0.526367 0.098958 0.029297
0 0.199870 0.540527 0.188802 0.040039
0 0.472656 0.550781 0.044271 0.023438
0 0.666016 0.600098 0.092448 0.032227
0 0.347005 0.620605 0.058594 0.024414
0 0.651042 0.670898 0.052083 0.025391
0 0.173177 0.705078 0.132812 0.031250
0 0.678385 0.703125 0.101562 0.027344
0 0.451172 0.716797 0.089844 0.031250
0 0.436198 0.793945 0.182292 0.035156
0 0.226562 0.831055 0.044271 0.019531
0 0.565755 0.370117 0.082454 0.027012
0 0.479818 0.431641 0.087033 0.034157
0 0.483073 0.461426 0.052240 0.026773
0 0.646484 0.476562 0.088969 0.029788
0 0.503255 0.520996 0.108803 0.027660
0 0.323568 0.534668 0.073344 0.029195
0 0.655599 0.537598 0.091573 0.030770
0 0.341797 0.558105 0.056274 0.024523
0 0.274089 0.598145 0.067943 0.027260
0 0.507161 0.610840 0.078552 0.031217
0 0.599609 0.806152 0.083761 0.028876
