0 0.460286 0.404785 0.199219 0.018555
0 0.457682 0.432617 0.248698 0.019531
0 0.269531 0.791504 0.104167 0.022461
0 0.613281 0.850586 0.210938 0.021484
0 0.682943 0.786133 0.087240 0.017578
0 0.462240 0.405273 0.205729 0.025391
0 0.466146 0.496094 0.276042 0.031250
0 0.277344 0.526367 0.098958 0.019531
0 0.365885 0.523438 0.031250 0.017578
0 0.421875 0.522461 0.044271 0.019531
0 0.518229 0.521484 0.083333 0.023438
0 0.632812 0.517578 0.114583 0.023438
0 0.411458 0.569336 0.039062 0.015625
0 0.527344 0.567383 0.083333 0.019531
0 0.264323 0.647461 0.078125 0.019531
0 0.412760 0.644531 0.041667 0.013672
0 0.550130 0.642090 0.048177 0.024414
0 0.448568 0.672852 0.451823 0.029297
0 0.539062 0.694336 0.070312 0.019531
0 0.477865 0.812012 0.054688 0.024414
0 0.476562 0.878906 0.145833 0.027344
