0 0.401693 0.077637 0.235677 0.045898
0 0.398438 0.108398 0.294271 0.044922
0 0.598307 0.801758 0.246094 0.042969
0 0.170573 0.515625 0.140625 0.031250
0 0.649740 0.503418 0.106771 0.028320
0 0.477214 0.087402 0.089844 0.030273
0 0.115885 0.117188 0.049479 0.023438
0 0.328125 0.105469 0.046875 0.023438
0 0.405599 0.183594 0.321615 0.046875
0 0.146484 0.201660 0.058594 0.026367
0 0.291667 0.210938 0.036458 0.023438
0 0.360677 0.212891 0.054688 0.023438
0 0.470052 0.217773 0.091146 0.025391
0 0.595703 0.219238 0.121094 0.026367
0 0.325521 0.236328 0.434896 0.041016
0 0.497396 0.271484 0.067708 0.023438
0 0.188802 0.289062 0.059896 0.023438
0 0.261719 0.291992 0.031250 0.015625
0 0.347656 0.293945 0.046875 0.015625
0 0.494792 0.297852 0.065104 0.019531
0 0.635417 0.298828 0.078125 0.023438
0 0.348958 0.351562 0.049479 0.017578
0 0.493490 0.355469 0.080729 0.023438
0 0.641927 0.353516 0.080729 0.023438
0 0.283854 0.383789 0.338542 0.029297
0 0.579427 0.384766 0.148438 0.023438
0 0.489583 0.412109 0.093750 0.023438
0 0.639323 0.410156 0.091146 0.023438
0 0.160807 0.448242 0.115885 0.029297
0 0.304688 0.452148 0.033854 0.019531
0 0.209635 0.477539 0.070312 0.025391
0 0.167969 0.515625 0.122396 0.027344
0 0.649089 0.504883 0.097656 0.027344
0 0.205729 0.541016 0.197917 0.027344
0 0.430990 0.539062 0.054688 0.023438
0 0.653646 0.563477 0.093750 0.025391
0 0.203776 0.576172 0.194010 0.031250
0 0.170573 0.625000 0.101562 0.027344
0 0.336589 0.617676 0.191406 0.036133
0 0.339844 0.648438 0.148438 0.031250
0 0.143229 0.661133 0.046875 0.029297
0 0.692708 0.662109 0.036458 0.023438
0 0.190104 0.691406 0.145833 0.027344
0 0.265625 0.782227 0.294271 0.042969
0 0.684896 0.793945 0.062500 0.025391
0 0.417969 0.849609 0.122396 0.031250
0 0.432292 0.875977 0.174479 0.039062
0 0.277344 0.891602 0.145833 0.035156
0 0.357422 0.075195 0.157538 0.042776
0 0.374349 0.108887 0.055642 0.026043
0 0.207031 0.206543 0.080463 0.035850
0 0.477214 0.386230 0.056146 0.024523
0 0.140625 0.476562 0.080315 0.034856
0 0.501953 0.841309 0.054420 0.029946
0 0.597005 0.857910 0.078180 0.031133
0 0.537109 0.865723 0.052138 0.027952
