0 0.483724 0.442383 0.196615 0.019531
0 0.480469 0.469727 0.250000 0.019531
0 0.629557 0.859863 0.209635 0.018555
0 0.285156 0.774414 0.122396 0.017578
0 0.700521 0.768555 0.070312 0.017578
0 0.484375 0.442383 0.200521 0.019531
0 0.247396 0.493164 0.039062 0.015625
0 0.486979 0.531250 0.270833 0.031250
0 0.297526 0.559570 0.105469 0.025391
0 0.389323 0.558594 0.031250 0.017578
0 0.540365 0.558594 0.080729 0.023438
0 0.432292 0.606445 0.039062 0.015625
0 0.561198 0.604492 0.057292 0.019531
0 0.687500 0.604492 0.070312 0.019531
0 0.430990 0.659180 0.041667 0.015625
0 0.562500 0.657227 0.054688 0.019531
0 0.691406 0.657227 0.072917 0.019531
0 0.430990 0.711914 0.041667 0.015625
0 0.563802 0.709961 0.057292 0.019531
0 0.270833 0.750977 0.093750 0.025391
0 0.279297 0.773438 0.121094 0.027344
0 0.304688 0.797852 0.166667 0.025391
0 0.494792 0.795898 0.049479 0.019531
0 0.695312 0.793945 0.085938 0.019531
0 0.694010 0.822266 0.091146 0.023438
0 0.492188 0.889648 0.151042 0.029297
0 0.477865 0.911133 0.361979 0.025391
