0 0.332682 0.403809 0.128906 0.026367
0 0.527995 0.363281 0.147135 0.013672
0 0.527995 0.381836 0.196615 0.015625
0 0.528646 0.400879 0.151042 0.016602
0 0.388672 0.472168 0.235677 0.016602
0 0.372396 0.592773 0.203125 0.015625
0 0.642578 0.589355 0.058594 0.012695
0 0.605469 0.487305 0.125000 0.015625
0 0.334635 0.558594 0.130208 0.015625
0 0.328125 0.665039 0.122396 0.019531
0 0.381510 0.682617 0.072917 0.019531
0 0.440104 0.683594 0.033854 0.013672
0 0.666667 0.757812 0.033854 0.013672
