0 0.341797 0.223145 0.136719 0.026367
0 0.556641 0.180664 0.154948 0.019531
0 0.555339 0.203125 0.194010 0.019531
0 0.555339 0.225098 0.167969 0.018555
0 0.401042 0.299316 0.260417 0.016602
0 0.382812 0.563477 0.226562 0.021484
0 0.667318 0.566895 0.079427 0.016602
0 0.342448 0.222656 0.143229 0.031250
0 0.316406 0.358398 0.088542 0.019531
0 0.502604 0.360352 0.039062 0.019531
0 0.644531 0.379883 0.057292 0.019531
0 0.342448 0.397461 0.135417 0.015625
0 0.500000 0.399414 0.065104 0.015625
0 0.342448 0.435547 0.135417 0.017578
0 0.497396 0.435547 0.065104 0.017578
0 0.670573 0.435547 0.067708 0.017578
0 0.311198 0.452148 0.072917 0.019531
0 0.489583 0.455078 0.263021 0.017578
0 0.645833 0.454102 0.033854 0.015625
0 0.341146 0.471680 0.138021 0.019531
0 0.675781 0.492188 0.057292 0.017578
0 0.290365 0.508789 0.036458 0.019531
0 0.339844 0.528320 0.140625 0.019531
0 0.513021 0.530273 0.033854 0.015625
0 0.686198 0.531250 0.036458 0.013672
0 0.467448 0.565430 0.046875 0.019531
0 0.666667 0.569336 0.075521 0.015625
0 0.667969 0.607422 0.078125 0.017578
0 0.665365 0.625000 0.078125 0.017578
0 0.354167 0.739258 0.106771 0.015625
0 0.615234 0.741211 0.186198 0.023438
0 0.507812 0.817383 0.065104 0.015625
0 0.464844 0.875000 0.208333 0.017578
