0 0.428711 0.206543 0.386719 0.038086
0 0.698242 0.375000 0.142578 0.039062
0 0.490234 0.428223 0.099609 0.032227
0 0.730469 0.415039 0.078125 0.037109
0 0.169922 0.440918 0.121094 0.041992
0 0.294922 0.436035 0.076172 0.038086
0 0.483398 0.388672 0.085938 0.037109
0 0.252441 0.673340 0.278320 0.061523
0 0.723145 0.641602 0.108398 0.044922
0 0.418945 0.125000 0.507812 0.082031
0 0.421875 0.125000 0.494141 0.087891
0 0.431641 0.208008 0.380859 0.042969
0 0.435547 0.292969 0.337891 0.064453
0 0.276367 0.360352 0.050781 0.039062
0 0.334961 0.361328 0.041016 0.031250
0 0.510742 0.348633 0.140625 0.035156
0 0.697754 0.375488 0.135742 0.036133
0 0.487305 0.390625 0.082031 0.037109
0 0.493164 0.429688 0.091797 0.031250
0 0.731934 0.415527 0.075195 0.036133
0 0.174805 0.443359 0.119141 0.031250
0 0.293457 0.438965 0.077148 0.036133
0 0.229492 0.486328 0.226562 0.041016
0 0.470703 0.522461 0.035156 0.029297
0 0.589844 0.512695 0.072266 0.035156
0 0.297852 0.531250 0.113281 0.037109
0 0.138672 0.589844 0.013672 0.021484
0 0.225098 0.583984 0.131836 0.042969
0 0.243652 0.673340 0.262695 0.061523
0 0.183105 0.770996 0.131836 0.040039
0 0.149414 0.809570 0.054688 0.035156
0 0.420898 0.823730 0.226562 0.043945
0 0.201172 0.897461 0.044922 0.039062
0 0.314941 0.884766 0.081055 0.041016
0 0.437012 0.947266 0.149414 0.048828
0 0.239746 0.969238 0.075195 0.036133
0 0.207031 0.802246 0.069639 0.037974
0 0.630371 0.806641 0.097314 0.048640
0 0.249023 0.891113 0.063906 0.042773
0 0.309082 0.958984 0.074783 0.043250
