0 0.496745 0.043457 0.240885 0.026367
0 0.498047 0.071289 0.295573 0.021484
0 0.691406 0.928711 0.286458 0.025391
0 0.232422 0.637695 0.165365 0.029297
0 0.790365 0.633301 0.125000 0.028320
0 0.501302 0.118164 0.325521 0.025391
0 0.240885 0.145508 0.046875 0.015625
0 0.296224 0.145508 0.071615 0.025391
0 0.450521 0.144531 0.054688 0.017578
0 0.565755 0.146484 0.097656 0.023438
0 0.700521 0.146484 0.130208 0.023438
0 0.584635 0.194336 0.083333 0.019531
0 0.453125 0.223633 0.515625 0.025391
0 0.432292 0.248047 0.049479 0.013672
0 0.585938 0.248047 0.088542 0.023438
0 0.429688 0.301758 0.049479 0.015625
0 0.589844 0.302734 0.091146 0.023438
0 0.759115 0.302734 0.091146 0.023438
0 0.481771 0.335938 0.598958 0.027344
0 0.428385 0.362305 0.052083 0.019531
0 0.592448 0.364258 0.091146 0.025391
0 0.436198 0.398438 0.518229 0.027344
0 0.427083 0.424805 0.054688 0.019531
0 0.592448 0.425781 0.096354 0.027344
0 0.455078 0.460449 0.574219 0.030273
0 0.427083 0.489258 0.054688 0.019531
0 0.597656 0.490234 0.096354 0.027344
0 0.601562 0.558594 0.098958 0.027344
0 0.246094 0.606445 0.049479 0.025391
0 0.369792 0.609375 0.041667 0.023438
0 0.255208 0.670898 0.213542 0.029297
0 0.514323 0.673828 0.070312 0.027344
0 0.318359 0.767578 0.332031 0.039062
0 0.229167 0.803711 0.161458 0.025391
0 0.319010 0.898438 0.315104 0.031250
0 0.186849 0.606934 0.089226 0.041692
