0 0.383789 0.086426 0.179688 0.049805
0 0.659180 0.050293 0.226562 0.036133
0 0.661621 0.075684 0.237305 0.041992
0 0.663574 0.104004 0.184570 0.043945
0 0.460449 0.216309 0.350586 0.053711
0 0.420898 0.549805 0.283203 0.037109
0 0.786621 0.564453 0.084961 0.025391
0 0.204102 0.072266 0.029297 0.039062
0 0.384277 0.086426 0.190430 0.053711
0 0.339844 0.245117 0.119141 0.039062
0 0.772461 0.269043 0.183594 0.041992
0 0.693359 0.334961 0.031250 0.029297
0 0.370605 0.387207 0.192383 0.041992
0 0.812500 0.407227 0.070312 0.029297
0 0.599609 0.430664 0.048828 0.035156
0 0.367676 0.454102 0.188477 0.039062
0 0.795898 0.470703 0.080078 0.027344
0 0.884766 0.466797 0.042969 0.031250
0 0.294922 0.484375 0.035156 0.027344
0 0.812500 0.501953 0.042969 0.027344
0 0.067383 0.513672 0.044922 0.031250
0 0.787109 0.565430 0.082031 0.029297
0 0.777344 0.656250 0.082031 0.027344
0 0.593262 0.099121 0.055330 0.031862
