0 0.444336 0.254758 0.509766 0.032211
0 0.441406 0.286603 0.662109 0.034407
0 0.287109 0.467057 0.367188 0.032211
0 0.185547 0.284773 0.142578 0.032211
0 0.735352 0.287701 0.062500 0.029283
0 0.166016 0.314788 0.107422 0.030747
0 0.154297 0.405564 0.093750 0.035139
0 0.280762 0.438507 0.346680 0.039531
0 0.545410 0.440337 0.108398 0.032943
0 0.736328 0.439239 0.091797 0.030747
0 0.152344 0.467057 0.093750 0.035139
0 0.345703 0.467789 0.244141 0.032211
0 0.142578 0.496340 0.076172 0.030747
0 0.237305 0.497072 0.019531 0.023426
