0 0.565918 0.022694 0.118164 0.020498
0 0.562500 0.041362 0.197266 0.018302
0 0.570801 0.073206 0.239258 0.021962
0 0.568848 0.089312 0.284180 0.020498
0 0.568359 0.106881 0.349609 0.023426
0 0.588867 0.241215 0.152344 0.015373
0 0.711914 0.241215 0.078125 0.016837
0 0.504883 0.612372 0.230469 0.021230
0 0.712891 0.610542 0.107422 0.019034
0 0.567383 0.073939 0.240234 0.021962
0 0.500977 0.089312 0.142578 0.020498
0 0.661133 0.092972 0.103516 0.019034
0 0.609863 0.108712 0.071289 0.019766
0 0.514648 0.122987 0.025391 0.017570
0 0.594727 0.123719 0.115234 0.019034
0 0.543945 0.188873 0.072266 0.017570
0 0.619141 0.189605 0.056641 0.014641
0 0.685547 0.191069 0.056641 0.014641
0 0.563477 0.207906 0.357422 0.023426
0 0.452148 0.240849 0.025391 0.019034
0 0.567383 0.257687 0.369141 0.023426
0 0.570312 0.292460 0.367188 0.022694
0 0.709961 0.309663 0.087891 0.019034
0 0.710938 0.343338 0.085938 0.019034
0 0.443359 0.357980 0.078125 0.019034
0 0.528320 0.408492 0.025391 0.017570
0 0.495117 0.426061 0.216797 0.020498
0 0.717773 0.442899 0.080078 0.019034
0 0.478516 0.459736 0.054688 0.017570
0 0.528320 0.459736 0.025391 0.017570
0 0.579102 0.494143 0.087891 0.019034
0 0.720703 0.492679 0.074219 0.019034
0 0.529297 0.510981 0.027344 0.017570
0 0.715820 0.544656 0.087891 0.020498
0 0.544922 0.562225 0.316406 0.020498
0 0.715820 0.578331 0.087891 0.020498
0 0.500977 0.615666 0.228516 0.021962
0 0.712891 0.612738 0.097656 0.019034
0 0.496582 0.667643 0.221680 0.020498
0 0.428711 0.685944 0.080078 0.019034
0 0.714844 0.680820 0.097656 0.020498
0 0.470703 0.755490 0.164062 0.023426
0 0.433594 0.811127 0.054688 0.017570
0 0.568848 0.806369 0.100586 0.022694
0 0.443359 0.827965 0.070312 0.019034
0 0.471680 0.846266 0.130859 0.020498
0 0.536133 0.861640 0.261719 0.026354
0 0.708008 0.929722 0.033203 0.017570
0 0.746094 0.964129 0.054688 0.019034
0 0.642090 0.042460 0.039450 0.021624
0 0.589355 0.090776 0.039450 0.021624
0 0.406738 0.240117 0.051445 0.024634
0 0.669434 0.931918 0.037151 0.020258
