0 0.513021 0.514160 0.192708 0.016602
0 0.510417 0.539062 0.239583 0.019531
0 0.639323 0.884766 0.192708 0.019531
0 0.318359 0.825684 0.095052 0.016602
0 0.708984 0.828125 0.058594 0.013672
0 0.511719 0.513672 0.200521 0.023438
0 0.514323 0.598633 0.263021 0.029297
0 0.548177 0.626953 0.041667 0.013672
0 0.675781 0.627930 0.104167 0.015625
0 0.390625 0.743164 0.028646 0.015625
0 0.584635 0.745117 0.052083 0.019531
0 0.705729 0.745117 0.070312 0.019531
0 0.293620 0.793945 0.061198 0.025391
0 0.523438 0.851562 0.044271 0.017578
0 0.513021 0.910156 0.135417 0.023438
0 0.309245 0.624023 0.045273 0.020993
0 0.586589 0.628418 0.041264 0.020918
0 0.483724 0.929688 0.045321 0.023025
