0 0.485169 0.264160 0.614407 0.038086
0 0.403602 0.291992 0.713983 0.041016
0 0.347458 0.380371 0.597458 0.032227
0 0.222458 0.531738 0.389831 0.036133
0 0.859110 0.520508 0.184322 0.029297
0 0.226695 0.330078 0.368644 0.027344
0 0.199153 0.357422 0.313559 0.027344
0 0.533898 0.352051 0.322034 0.030273
0 0.129237 0.472656 0.224576 0.031250
0 0.225636 0.502930 0.413136 0.029297
0 0.207627 0.535156 0.381356 0.031250
0 0.465042 0.565918 0.633475 0.049805
0 0.274364 0.936035 0.451271 0.026367
0 0.170551 0.414062 0.115898 0.030859
