0 0.470703 0.287109 0.441406 0.025391
0 0.288411 0.475098 0.157552 0.018555
0 0.508464 0.473633 0.207031 0.019531
0 0.277344 0.506348 0.151042 0.022461
0 0.508464 0.501953 0.204427 0.027344
0 0.370443 0.793457 0.345052 0.041992
0 0.735026 0.793457 0.162760 0.041992
0 0.470052 0.288086 0.440104 0.029297
0 0.468099 0.350586 0.230469 0.031250
0 0.468099 0.387695 0.365885 0.039062
0 0.279948 0.422852 0.143229 0.025391
0 0.531250 0.419922 0.083333 0.023438
0 0.240885 0.449219 0.065104 0.023438
0 0.406250 0.445312 0.151042 0.031250
0 0.528646 0.445312 0.062500 0.023438
0 0.279948 0.504883 0.148438 0.025391
0 0.260417 0.533203 0.119792 0.027344
0 0.408854 0.530273 0.161458 0.023438
0 0.334635 0.559570 0.104167 0.019531
0 0.514323 0.557617 0.031250 0.019531
0 0.617188 0.556641 0.067708 0.023438
0 0.747396 0.554688 0.078125 0.023438
0 0.233073 0.597656 0.111979 0.023438
0 0.743490 0.592773 0.085938 0.025391
0 0.266927 0.626953 0.190104 0.027344
0 0.613281 0.623047 0.085938 0.023438
0 0.747396 0.622070 0.088542 0.025391
0 0.265625 0.658203 0.135417 0.023438
0 0.622396 0.654297 0.067708 0.023438
0 0.756510 0.652344 0.070312 0.023438
0 0.249349 0.697754 0.089844 0.038086
0 0.268229 0.745117 0.132812 0.035156
0 0.385417 0.744141 0.078125 0.027344
0 0.358073 0.792969 0.307292 0.037109
0 0.613281 0.856445 0.164062 0.029297
