0 0.492585 0.174316 0.180085 0.020508
0 0.496822 0.196289 0.650424 0.031250
0 0.492585 0.220703 0.497881 0.025391
0 0.497881 0.311523 0.305085 0.019531
0 0.491525 0.547852 0.241525 0.021484
0 0.772246 0.549805 0.103814 0.015625
0 0.493644 0.311523 0.076271 0.015625
0 0.241525 0.337891 0.165254 0.017578
0 0.213983 0.419922 0.118644 0.017578
0 0.735169 0.422852 0.152542 0.015625
0 0.279661 0.443359 0.241525 0.017578
0 0.205508 0.463867 0.101695 0.015625
0 0.762712 0.467773 0.097458 0.015625
0 0.769068 0.549805 0.101695 0.015625
0 0.569915 0.596680 0.088983 0.019531
0 0.777542 0.619141 0.101695 0.017578
0 0.493644 0.725586 0.347458 0.019531
0 0.274364 0.936035 0.451271 0.026367
0 0.418432 0.549316 0.090836 0.022011
0 0.566737 0.550293 0.099397 0.022011
0 0.480932 0.594727 0.092745 0.027043
