0 0.218644 0.292969 0.244068 0.029687
0 0.529661 0.254297 0.215254 0.016406
0 0.536441 0.272656 0.347458 0.020313
0 0.536441 0.291797 0.276271 0.019531
0 0.308475 0.364844 0.403390 0.018750
0 0.283898 0.488281 0.357627 0.018750
0 0.736441 0.482422 0.103390 0.017969
0 0.213559 0.294531 0.220339 0.031250
0 0.442373 0.414844 0.105085 0.020313
0 0.214407 0.452344 0.218644 0.018750
0 0.738983 0.517969 0.105085 0.015625
0 0.738983 0.535937 0.108475 0.018750
0 0.290678 0.937109 0.449153 0.025781
0 0.244068 0.956250 0.352542 0.021875
