0 0.473958 0.132324 0.200521 0.016602
0 0.471354 0.152344 0.247396 0.015625
0 0.624349 0.894531 0.230469 0.019531
0 0.267578 0.640625 0.126302 0.021484
0 0.690755 0.641113 0.095052 0.020508
0 0.475260 0.204102 0.278646 0.029297
0 0.288411 0.232422 0.097656 0.023438
0 0.375000 0.230469 0.028646 0.017578
0 0.433594 0.230469 0.046875 0.017578
0 0.531250 0.232422 0.083333 0.023438
0 0.420573 0.277344 0.041667 0.013672
0 0.678385 0.277344 0.072917 0.017578
0 0.544271 0.329102 0.070312 0.019531
0 0.411458 0.355957 0.367188 0.020508
0 0.544271 0.379883 0.070312 0.019531
0 0.679688 0.377930 0.070312 0.019531
0 0.421875 0.430664 0.039062 0.015625
0 0.545573 0.430664 0.072917 0.019531
0 0.680990 0.428711 0.072917 0.019531
0 0.450521 0.457031 0.447917 0.023438
0 0.546875 0.479492 0.070312 0.019531
0 0.684896 0.477539 0.070312 0.019531
0 0.455729 0.506836 0.460938 0.019531
0 0.554688 0.530273 0.059896 0.019531
0 0.341146 0.559570 0.247396 0.019531
0 0.532552 0.557617 0.052083 0.019531
0 0.630208 0.557617 0.033854 0.019531
0 0.417969 0.583008 0.041667 0.015625
0 0.690104 0.583008 0.075521 0.019531
0 0.261719 0.640625 0.117188 0.027344
0 0.690104 0.640625 0.093750 0.023438
0 0.287760 0.665039 0.161458 0.019531
0 0.480469 0.666992 0.052083 0.019531
0 0.229167 0.738281 0.036458 0.023438
0 0.372396 0.737305 0.085938 0.019531
0 0.723958 0.767578 0.036458 0.023438
0 0.708333 0.796875 0.067708 0.023438
0 0.320312 0.824219 0.109375 0.023438
0 0.239583 0.851562 0.072917 0.023438
0 0.703125 0.854492 0.080729 0.019531
0 0.476562 0.924805 0.161458 0.025391
0 0.288411 0.736816 0.091201 0.032894
0 0.235026 0.823730 0.071183 0.031862
