0 0.189831 0.443750 0.294915 0.037500
0 0.623729 0.392188 0.444068 0.020313
0 0.622881 0.417578 0.354237 0.024219
0 0.625424 0.445312 0.369492 0.021875
0 0.208475 0.517188 0.338983 0.023438
0 0.776271 0.514453 0.322034 0.024219
0 0.208475 0.518750 0.328814 0.025000
0 0.772881 0.516406 0.318644 0.023438
0 0.491525 0.540625 0.298305 0.025000
0 0.133898 0.567187 0.179661 0.025000
0 0.793220 0.563281 0.277966 0.020313
0 0.083051 0.591406 0.077966 0.023438
0 0.290678 0.936328 0.449153 0.024219
0 0.240678 0.955859 0.352542 0.024219
0 0.799153 0.394922 0.102269 0.033353
