0 0.317057 0.239258 0.178385 0.037109
0 0.592448 0.189453 0.294271 0.025391
0 0.590495 0.217285 0.266927 0.020508
0 0.592448 0.247070 0.286458 0.025391
0 0.392578 0.341309 0.345052 0.030273
0 0.365234 0.509277 0.285156 0.028320
0 0.738932 0.515137 0.097656 0.020508
0 0.388021 0.340820 0.333333 0.025391
0 0.696615 0.341797 0.143229 0.023438
0 0.691406 0.367188 0.179688 0.023438
0 0.279297 0.412109 0.115885 0.027344
0 0.501302 0.415039 0.085938 0.025391
0 0.604167 0.416016 0.031250 0.023438
0 0.382812 0.438477 0.166667 0.025391
0 0.310547 0.460938 0.180990 0.027344
0 0.511719 0.463867 0.083333 0.019531
0 0.736979 0.464844 0.088542 0.023438
0 0.735677 0.514648 0.088542 0.019531
0 0.290365 0.557617 0.143229 0.025391
0 0.735677 0.563477 0.088542 0.019531
0 0.736979 0.613281 0.088542 0.023438
0 0.490885 0.709961 0.367188 0.029297
0 0.236979 0.735352 0.044271 0.019531
0 0.462240 0.810547 0.263021 0.023438
0 0.258464 0.436523 0.081741 0.032862
0 0.387370 0.558594 0.049212 0.029156
