0 0.409722 0.239746 0.201389 0.026367
0 0.720486 0.191406 0.312500 0.021484
0 0.723958 0.215332 0.215278 0.018555
0 0.730035 0.239258 0.324653 0.023438
0 0.498264 0.322754 0.395833 0.016602
0 0.473958 0.468262 0.329861 0.024414
0 0.912326 0.466797 0.095486 0.021484
0 0.626736 0.386719 0.100694 0.023438
0 0.746528 0.386719 0.038194 0.017578
0 0.333333 0.408203 0.052083 0.017578
0 0.408854 0.429199 0.210069 0.024414
0 0.651042 0.428711 0.083333 0.019531
0 0.911458 0.426758 0.083333 0.019531
0 0.586806 0.469727 0.093750 0.019531
0 0.914931 0.510742 0.083333 0.019531
0 0.914931 0.532227 0.083333 0.019531
0 0.404514 0.555664 0.190972 0.025391
0 0.290799 0.922363 0.453125 0.030273
0 0.330729 0.945312 0.185764 0.027344
0 0.196181 0.946289 0.096727 0.032862
