0 0.320139 0.249609 0.204167 0.032031
0 0.588889 0.201172 0.191667 0.022656
0 0.593056 0.220703 0.302778 0.027344
0 0.590278 0.240234 0.238889 0.022656
0 0.400694 0.318750 0.345833 0.028125
0 0.775000 0.436719 0.088889 0.017188
0 0.519444 0.369531 0.088889 0.020313
0 0.627778 0.367969 0.030556 0.015625
0 0.537500 0.406250 0.091667 0.018750
0 0.766667 0.400000 0.094444 0.018750
0 0.325694 0.411328 0.187500 0.024219
0 0.744444 0.438281 0.036111 0.015625
0 0.777083 0.473828 0.093056 0.021094
0 0.779167 0.493750 0.091667 0.018750
0 0.536111 0.538281 0.369444 0.028125
0 0.562500 0.596094 0.333333 0.028125
0 0.272222 0.624219 0.047222 0.015625
0 0.760417 0.669531 0.151389 0.023438
0 0.292361 0.923828 0.451389 0.032031
0 0.113194 0.947656 0.095833 0.029687
0 0.327778 0.946484 0.183333 0.025781
0 0.792361 0.435937 0.054206 0.020588
0 0.368750 0.599219 0.052492 0.023325
0 0.197917 0.946875 0.097990 0.032559
