0 0.413086 0.204762 0.232422 0.019780
0 0.485840 0.295238 0.250977 0.038095
0 0.551270 0.749084 0.092773 0.025641
0 0.383789 0.098901 0.031250 0.011722
0 0.400391 0.108425 0.083984 0.010256
0 0.330078 0.193407 0.021484 0.010256
0 0.314453 0.202930 0.029297 0.011722
0 0.399414 0.210989 0.039062 0.010256
0 0.355469 0.221978 0.074219 0.019048
0 0.547852 0.241758 0.023438 0.010256
0 0.576172 0.234432 0.021484 0.010256
0 0.321289 0.249817 0.080078 0.019048
0 0.501465 0.258608 0.061523 0.020513
0 0.366699 0.267766 0.071289 0.018315
0 0.523438 0.273993 0.148438 0.023443
0 0.336914 0.284249 0.220703 0.023443
0 0.596680 0.289377 0.025391 0.019048
0 0.251953 0.307692 0.050781 0.017582
0 0.295898 0.306960 0.023438 0.014652
0 0.323242 0.320147 0.193359 0.021978
0 0.294434 0.348352 0.141602 0.022711
0 0.599609 0.350183 0.027344 0.017582
0 0.541992 0.367033 0.025391 0.019048
0 0.500000 0.369963 0.054688 0.019048
0 0.294922 0.385348 0.144531 0.035165
0 0.422852 0.402930 0.091797 0.020513
0 0.267578 0.451282 0.035156 0.017582
0 0.431641 0.475458 0.089844 0.019048
0 0.437500 0.531136 0.089844 0.019048
0 0.553711 0.539194 0.025391 0.017582
0 0.418945 0.557509 0.320312 0.029304
0 0.292969 0.567033 0.062500 0.020513
0 0.312012 0.579121 0.145508 0.027106
0 0.275879 0.595971 0.067383 0.021245
0 0.300781 0.610989 0.074219 0.017582
0 0.291504 0.624542 0.098633 0.024176
0 0.318848 0.683150 0.147461 0.027106
0 0.598633 0.684982 0.080078 0.021978
0 0.571289 0.701099 0.025391 0.019048
0 0.424805 0.726740 0.052734 0.017582
0 0.458008 0.739194 0.083984 0.021978
0 0.547852 0.750183 0.083984 0.023443
0 0.308594 0.788278 0.078125 0.020513
0 0.294922 0.804396 0.066406 0.020513
0 0.329590 0.866300 0.145508 0.024176
0 0.471680 0.873993 0.083984 0.019048
0 0.586914 0.870330 0.025391 0.017582
0 0.373047 0.921612 0.041016 0.010256
0 0.424805 0.920879 0.050781 0.011722
0 0.480469 0.920147 0.048828 0.010256
0 0.578125 0.916484 0.033203 0.011722
0 0.617188 0.918681 0.035156 0.020513
0 0.427246 0.929304 0.049805 0.012454
0 0.478516 0.929670 0.041016 0.011722
0 0.597656 0.954579 0.068359 0.014652
0 0.618164 0.966300 0.031250 0.011722
0 0.648438 0.964103 0.021484 0.010256
0 0.630859 0.973626 0.056641 0.011722
0 0.818359 0.058242 0.154279 0.071014
0 0.807617 0.079853 0.119138 0.055615
0 0.693848 0.139560 0.036561 0.028459
0 0.437500 0.263370 0.059268 0.021110
0 0.537598 0.702930 0.038862 0.022564
