0 0.606934 0.036274 0.211914 0.054411
0 0.449707 0.110882 0.061523 0.030503
0 0.555176 0.093982 0.254883 0.064303
0 0.304688 0.246084 0.308594 0.042045
0 0.473145 0.556059 0.624023 0.078318
0 0.260254 0.133553 0.211914 0.051113
0 0.593750 0.061830 0.236328 0.064303
0 0.699219 0.076669 0.013672 0.019786
0 0.556152 0.178895 0.122070 0.032976
0 0.406250 0.219291 0.109375 0.026381
0 0.541992 0.205276 0.033203 0.024732
0 0.464844 0.249794 0.017578 0.019786
0 0.533203 0.292663 0.052734 0.029678
0 0.625977 0.295960 0.033203 0.024732
0 0.219238 0.333059 0.135742 0.034625
0 0.454102 0.336356 0.054688 0.031327
0 0.454102 0.369332 0.080078 0.026381
0 0.257324 0.399011 0.209961 0.032976
0 0.464844 0.401484 0.042969 0.024732
0 0.527344 0.412201 0.052734 0.031327
0 0.175781 0.431162 0.039062 0.024732
0 0.184570 0.462490 0.052734 0.024732
0 0.350098 0.462077 0.260742 0.035449
0 0.260742 0.491344 0.201172 0.026381
0 0.181641 0.520198 0.039062 0.024732
0 0.734375 0.649629 0.078125 0.026381
0 0.188477 0.817807 0.048828 0.026381
0 0.310547 0.815334 0.177734 0.029678
0 0.425781 0.814509 0.035156 0.026381
0 0.219727 0.910965 0.123047 0.024732
0 0.389648 0.908491 0.193359 0.026381
0 0.592773 0.416323 0.071898 0.037705
