0 0.492839 0.291992 0.417969 0.037109
0 0.493490 0.316895 0.065104 0.020508
0 0.494141 0.341309 0.433594 0.030273
0 0.495443 0.362305 0.165365 0.019531
0 0.403646 0.457520 0.278646 0.018555
0 0.373047 0.646484 0.214844 0.021484
0 0.684245 0.638184 0.113281 0.024414
0 0.337240 0.296875 0.106771 0.027344
0 0.666667 0.289062 0.062500 0.027344
0 0.490885 0.317383 0.059896 0.025391
0 0.335938 0.348633 0.117188 0.015625
0 0.433594 0.364258 0.036458 0.015625
0 0.440104 0.383789 0.065104 0.015625
0 0.496094 0.380859 0.036458 0.013672
0 0.558594 0.379883 0.057292 0.015625
0 0.441406 0.435547 0.031250 0.013672
0 0.509766 0.432617 0.108073 0.019531
0 0.540365 0.515625 0.031250 0.013672
0 0.610677 0.523438 0.031250 0.013672
0 0.700521 0.592773 0.059896 0.015625
0 0.368490 0.648438 0.205729 0.027344
0 0.332031 0.706055 0.130208 0.019531
