0 0.320964 0.213867 0.157552 0.033203
0 0.561849 0.175293 0.227865 0.020508
0 0.561849 0.197754 0.154948 0.020508
0 0.561198 0.220703 0.223958 0.021484
0 0.384766 0.303711 0.295573 0.025391
0 0.360026 0.562500 0.248698 0.019531
0 0.691406 0.565430 0.075521 0.017578
0 0.385417 0.304688 0.302083 0.027344
0 0.285156 0.324219 0.101562 0.023438
0 0.652344 0.330078 0.158854 0.023438
0 0.287109 0.368164 0.105469 0.025391
0 0.484375 0.373047 0.078125 0.023438
0 0.316406 0.412109 0.164062 0.023438
0 0.502604 0.415039 0.059896 0.019531
0 0.708333 0.415039 0.044271 0.019531
0 0.268229 0.432617 0.065104 0.019531
0 0.314453 0.454102 0.162760 0.025391
0 0.502604 0.458008 0.059896 0.019531
0 0.697917 0.458008 0.065104 0.019531
0 0.251302 0.475586 0.031250 0.019531
0 0.313802 0.520508 0.161458 0.019531
0 0.494792 0.521484 0.075521 0.017578
0 0.692708 0.524414 0.075521 0.019531
0 0.330729 0.584961 0.197917 0.025391
0 0.691406 0.610352 0.078125 0.019531
0 0.304688 0.652344 0.151042 0.023438
