0 0.470052 0.227539 0.270833 0.037109
0 0.466146 0.258301 0.338542 0.041992
0 0.672526 0.806152 0.290365 0.040039
0 0.771484 0.720215 0.108073 0.024414
0 0.180339 0.734863 0.167969 0.030273
0 0.468099 0.227051 0.272135 0.041992
0 0.412760 0.256836 0.106771 0.025391
0 0.574870 0.265137 0.118490 0.026367
0 0.141927 0.273438 0.054688 0.023438
0 0.475260 0.335938 0.372396 0.046875
0 0.058594 0.352539 0.117188 0.111328
0 0.170573 0.360352 0.059896 0.025391
0 0.341146 0.366211 0.041667 0.025391
0 0.421875 0.369141 0.062500 0.023438
0 0.546875 0.372070 0.109375 0.029297
0 0.697917 0.375000 0.140625 0.023438
0 0.280599 0.395996 0.313802 0.038086
0 0.582031 0.403320 0.036458 0.019531
0 0.401042 0.428711 0.054688 0.019531
0 0.747396 0.436523 0.088542 0.025391
0 0.402344 0.496094 0.059896 0.023438
0 0.576823 0.499512 0.096354 0.028320
0 0.389323 0.535156 0.554688 0.031250
0 0.402344 0.568359 0.059896 0.023438
0 0.582031 0.570312 0.096354 0.027344
0 0.764323 0.570312 0.096354 0.027344
0 0.348958 0.612793 0.481771 0.036133
0 0.401042 0.644531 0.062500 0.023438
0 0.587240 0.646484 0.101562 0.031250
0 0.164062 0.700195 0.143229 0.041016
0 0.179688 0.734375 0.174479 0.037109
0 0.217448 0.766602 0.239583 0.035156
0 0.494792 0.765625 0.072917 0.027344
0 0.662109 0.865723 0.089844 0.030273
0 0.329427 0.252930 0.070191 0.033003
0 0.240885 0.363770 0.088264 0.037834
0 0.470703 0.400391 0.081630 0.034856
0 0.533203 0.402832 0.057943 0.029854
