0 0.317708 0.251465 0.156250 0.030273
0 0.556641 0.199219 0.175781 0.017578
0 0.556641 0.224121 0.222656 0.020508
0 0.557943 0.249512 0.186198 0.018555
0 0.386719 0.338867 0.294271 0.025391
0 0.366536 0.504883 0.246094 0.023438
0 0.676432 0.506348 0.095052 0.028320
0 0.645833 0.359375 0.156250 0.023438
0 0.483073 0.404297 0.075521 0.023438
0 0.664062 0.423828 0.125000 0.023438
0 0.317708 0.444336 0.153646 0.019531
0 0.488281 0.446289 0.083333 0.015625
0 0.684896 0.465820 0.075521 0.019531
0 0.678385 0.508789 0.088542 0.019531
0 0.669271 0.528320 0.085938 0.019531
0 0.678385 0.549805 0.088542 0.019531
0 0.678385 0.571289 0.088542 0.019531
0 0.376302 0.611328 0.085938 0.023438
0 0.260417 0.653320 0.028646 0.019531
0 0.630208 0.656250 0.187500 0.023438
0 0.321615 0.692383 0.153646 0.025391
0 0.623047 0.696289 0.207031 0.029297
0 0.477865 0.757812 0.309896 0.027344
0 0.506510 0.778320 0.067708 0.015625
0 0.652344 0.784180 0.052083 0.015625
0 0.703125 0.787109 0.039062 0.017578
0 0.460938 0.838867 0.226562 0.019531
0 0.622396 0.843750 0.080729 0.017578
0 0.297526 0.651855 0.045858 0.024888
0 0.594401 0.778809 0.058314 0.026043
