0 0.392361 0.373535 0.315972 0.034180
0 0.356771 0.394043 0.387153 0.038086
0 0.337674 0.451660 0.317708 0.032227
0 0.304688 0.610840 0.223958 0.041992
0 0.644097 0.581055 0.111111 0.033203
0 0.512153 0.387695 0.048611 0.015625
0 0.184028 0.404297 0.038194 0.013672
0 0.274306 0.439941 0.135417 0.024414
0 0.371528 0.436523 0.045139 0.015625
0 0.446181 0.466797 0.041667 0.013672
0 0.229167 0.479492 0.093750 0.015625
0 0.227431 0.519531 0.097222 0.017578
0 0.248264 0.575195 0.118056 0.019531
0 0.289062 0.922363 0.449653 0.030273
0 0.110243 0.945801 0.095486 0.028320
0 0.330729 0.945312 0.185764 0.027344
0 0.398438 0.378418 0.086759 0.022222
0 0.452257 0.430176 0.132947 0.025745
0 0.243924 0.498047 0.056275 0.016569
0 0.306424 0.532715 0.070420 0.015382
0 0.304688 0.549805 0.058491 0.019745
