0 0.438151 0.166016 0.165365 0.015625
0 0.436198 0.186035 0.205729 0.014648
0 0.578125 0.854492 0.190104 0.019531
0 0.629557 0.625000 0.074219 0.019531
0 0.257161 0.631348 0.087240 0.020508
0 0.438802 0.166992 0.166667 0.015625
0 0.440104 0.229980 0.229167 0.028320
0 0.407552 0.251953 0.036458 0.013672
0 0.605469 0.246094 0.036458 0.013672
0 0.608073 0.280273 0.057292 0.015625
0 0.503906 0.288086 0.046875 0.015625
0 0.395833 0.326172 0.033854 0.013672
0 0.501302 0.327148 0.057292 0.015625
0 0.610677 0.321289 0.057292 0.015625
0 0.501302 0.366211 0.057292 0.015625
0 0.397135 0.406250 0.036458 0.013672
0 0.503255 0.405762 0.058594 0.020508
0 0.615885 0.402344 0.057292 0.017578
0 0.619792 0.443359 0.059896 0.017578
0 0.507161 0.487793 0.061198 0.020508
0 0.622396 0.485352 0.059896 0.015625
0 0.515625 0.531250 0.049479 0.017578
0 0.399740 0.552734 0.036458 0.013672
0 0.522135 0.550781 0.036458 0.017578
0 0.623698 0.548828 0.072917 0.017578
0 0.259115 0.583984 0.078125 0.017578
0 0.264323 0.602539 0.098958 0.019531
0 0.628906 0.595703 0.072917 0.017578
0 0.256510 0.632812 0.091146 0.023438
0 0.631510 0.624023 0.072917 0.019531
0 0.286458 0.651367 0.143229 0.019531
0 0.455729 0.651367 0.044271 0.015625
0 0.632812 0.647461 0.075521 0.019531
0 0.277344 0.678711 0.151042 0.019531
0 0.638021 0.672852 0.065104 0.019531
0 0.380859 0.711426 0.144531 0.026367
0 0.334635 0.736816 0.231771 0.026367
0 0.272135 0.761719 0.104167 0.017578
0 0.292969 0.785156 0.148438 0.023438
0 0.649740 0.777344 0.052083 0.017578
0 0.294271 0.810547 0.151042 0.023438
0 0.644531 0.822266 0.062500 0.017578
0 0.458333 0.875977 0.127604 0.015625
0 0.559245 0.248047 0.055321 0.016366
