0 0.406901 0.259766 0.282552 0.037109
0 0.408203 0.298340 0.352865 0.038086
0 0.623047 0.752930 0.300781 0.039062
0 0.712240 0.621094 0.114583 0.027344
0 0.138021 0.639160 0.145833 0.028320
0 0.406901 0.259766 0.282552 0.035156
0 0.416667 0.381836 0.385417 0.048828
0 0.278646 0.421875 0.041667 0.023438
0 0.359375 0.419922 0.062500 0.023438
0 0.466146 0.416016 0.062500 0.023438
0 0.523438 0.416992 0.054688 0.035156
0 0.649089 0.408691 0.154948 0.032227
0 0.154297 0.426758 0.136719 0.029297
0 0.354818 0.452637 0.558594 0.043945
0 0.678385 0.440430 0.044271 0.025391
0 0.339844 0.484375 0.059896 0.023438
0 0.513672 0.479492 0.102865 0.035156
0 0.510417 0.516602 0.041667 0.025391
0 0.343750 0.554688 0.057292 0.023438
0 0.517578 0.549316 0.105469 0.036133
0 0.125000 0.609375 0.119792 0.031250
0 0.138021 0.640625 0.158854 0.037109
0 0.172526 0.670898 0.222656 0.039062
0 0.433594 0.667969 0.070312 0.027344
0 0.718750 0.660156 0.125000 0.031250
0 0.727865 0.701172 0.106771 0.031250
0 0.435547 0.799316 0.212240 0.040039
0 0.417969 0.829102 0.515625 0.039062
0 0.448568 0.519531 0.083221 0.032026
