0 0.210169 0.509766 0.284746 0.039844
0 0.642373 0.461328 0.450847 0.025781
0 0.648305 0.487500 0.364407 0.026562
0 0.645763 0.514453 0.366102 0.025781
0 0.226271 0.585547 0.350847 0.019531
0 0.790678 0.582031 0.330508 0.020313
0 0.210169 0.513281 0.298305 0.042188
0 0.789831 0.584375 0.318644 0.025000
0 0.510169 0.607031 0.294915 0.023438
0 0.152542 0.634375 0.176271 0.021875
0 0.811864 0.630469 0.281356 0.020313
0 0.220339 0.658203 0.315254 0.028906
0 0.218644 0.683594 0.311864 0.028125
0 0.290678 0.936328 0.449153 0.024219
0 0.817797 0.462109 0.105730 0.033353
0 0.777119 0.488672 0.105730 0.033353
