0 0.311849 0.178223 0.173177 0.040039
0 0.567057 0.136230 0.279948 0.026367
0 0.569010 0.164551 0.255208 0.020508
0 0.569010 0.188965 0.226562 0.022461
0 0.375000 0.273926 0.315104 0.034180
0 0.345052 0.430176 0.263021 0.032227
0 0.699219 0.442871 0.085938 0.026367
0 0.310547 0.180664 0.178385 0.046875
0 0.657552 0.306641 0.169271 0.023438
0 0.687500 0.351562 0.083333 0.023438
0 0.296224 0.386230 0.173177 0.028320
0 0.488281 0.393555 0.078125 0.019531
0 0.697917 0.397461 0.080729 0.019531
0 0.696615 0.444336 0.078125 0.019531
0 0.692708 0.489258 0.080729 0.019531
0 0.699219 0.512695 0.067708 0.019531
0 0.253906 0.523438 0.075521 0.023438
0 0.466146 0.575195 0.322917 0.029297
0 0.311198 0.617188 0.221354 0.027344
0 0.625651 0.625488 0.207031 0.030273
0 0.221354 0.638672 0.046875 0.023438
0 0.346354 0.641602 0.192708 0.025391
0 0.479818 0.642578 0.074219 0.031250
0 0.616536 0.671875 0.220052 0.031250
0 0.453125 0.739258 0.346354 0.035156
0 0.700521 0.771484 0.046875 0.023438
0 0.245443 0.270020 0.063535 0.028041
0 0.292318 0.341797 0.065955 0.030859
