0 0.298611 0.307617 0.111111 0.021484
0 0.625868 0.315430 0.234375 0.021484
0 0.327257 0.333008 0.182292 0.023438
0 0.618924 0.336914 0.244792 0.017578
0 0.643229 0.359375 0.196181 0.017578
0 0.259549 0.512695 0.060764 0.021484
0 0.405382 0.515137 0.109375 0.022461
0 0.528646 0.514160 0.046875 0.018555
0 0.696181 0.515137 0.090278 0.020508
0 0.341146 0.580566 0.206597 0.028320
0 0.669271 0.584961 0.151042 0.023438
0 0.480035 0.249023 0.383681 0.050781
0 0.708333 0.449219 0.069444 0.023438
0 0.706597 0.541016 0.079861 0.023438
0 0.668403 0.586914 0.145833 0.019531
0 0.290799 0.922363 0.453125 0.030273
0 0.328993 0.946289 0.182292 0.025391
0 0.111979 0.945801 0.094972 0.029854
0 0.196181 0.946289 0.096727 0.032862
