0 0.374132 0.057129 0.102431 0.018555
0 0.686632 0.063965 0.109375 0.014648
0 0.646701 0.081055 0.199653 0.019531
0 0.657986 0.098633 0.184028 0.017578
0 0.333333 0.185059 0.052083 0.018555
0 0.454861 0.187500 0.090278 0.021484
0 0.560764 0.188477 0.038194 0.019531
0 0.697917 0.193848 0.083333 0.018555
0 0.316840 0.428223 0.053819 0.020508
0 0.430556 0.433594 0.024306 0.017578
0 0.669271 0.436523 0.116319 0.019531
0 0.505208 0.017578 0.114583 0.027344
0 0.467014 0.472656 0.055556 0.017578
0 0.328993 0.946289 0.182292 0.025391
0 0.196181 0.946289 0.096727 0.032862
