0 0.302083 0.214844 0.208333 0.029297
0 0.606771 0.165527 0.282986 0.018555
0 0.607639 0.187012 0.295139 0.020508
0 0.612847 0.211426 0.267361 0.018555
0 0.393229 0.295898 0.383681 0.019531
0 0.372396 0.478027 0.321181 0.022461
0 0.786458 0.475098 0.097222 0.020508
0 0.303819 0.214844 0.208333 0.037109
0 0.390625 0.295898 0.378472 0.025391
0 0.269965 0.358398 0.130208 0.025391
0 0.517361 0.356445 0.093750 0.019531
0 0.303819 0.399414 0.201389 0.019531
0 0.532986 0.397461 0.097222 0.019531
0 0.781250 0.393555 0.100694 0.019531
0 0.519097 0.417969 0.385417 0.023438
0 0.304688 0.438965 0.203125 0.024414
0 0.532986 0.438477 0.097222 0.019531
0 0.782986 0.435547 0.100694 0.023438
0 0.480035 0.477539 0.098958 0.025391
0 0.784722 0.475586 0.100694 0.019531
0 0.784722 0.517578 0.100694 0.017578
0 0.784722 0.538086 0.100694 0.019531
0 0.290799 0.922363 0.453125 0.030273
0 0.110243 0.946289 0.095486 0.027344
0 0.330729 0.945312 0.185764 0.027344
0 0.196181 0.946289 0.096727 0.032862
