0 0.497396 0.167480 0.466146 0.022461
0 0.496745 0.193848 0.055990 0.020508
0 0.496745 0.222168 0.488281 0.018555
0 0.498047 0.245605 0.178385 0.020508
0 0.391927 0.412109 0.312500 0.015625
0 0.354818 0.749023 0.227865 0.025391
0 0.703125 0.742676 0.130208 0.024414
0 0.452474 0.166992 0.384115 0.029297
0 0.695312 0.166992 0.072917 0.029297
0 0.494792 0.193359 0.062500 0.023438
0 0.664062 0.221680 0.161458 0.025391
0 0.425781 0.244141 0.041667 0.017578
0 0.525391 0.245117 0.126302 0.025391
0 0.497396 0.293945 0.291667 0.025391
0 0.496745 0.327637 0.115885 0.024414
0 0.496094 0.358398 0.156250 0.019531
0 0.261719 0.414062 0.052083 0.017578
0 0.298177 0.441406 0.052083 0.017578
0 0.358073 0.479492 0.088542 0.019531
0 0.623698 0.487305 0.036458 0.019531
0 0.561198 0.526367 0.067708 0.019531
0 0.721354 0.524414 0.070312 0.019531
0 0.347656 0.568359 0.135417 0.017578
0 0.563802 0.563477 0.067708 0.019531
0 0.326823 0.630859 0.093750 0.017578
0 0.317708 0.649414 0.075521 0.015625
0 0.565104 0.671875 0.065104 0.017578
0 0.727865 0.671875 0.067708 0.017578
0 0.566406 0.705078 0.067708 0.017578
0 0.729167 0.706055 0.070312 0.019531
0 0.351562 0.749023 0.231771 0.035156
0 0.726562 0.774414 0.091146 0.019531
0 0.315104 0.814453 0.145833 0.023438
0 0.509115 0.857422 0.216146 0.023438
0 0.398438 0.903320 0.085938 0.015625
0 0.250651 0.439453 0.040222 0.017281
