0 0.429036 0.175293 0.233073 0.024414
0 0.425781 0.207031 0.291667 0.025391
0 0.598307 0.857422 0.259115 0.021484
0 0.188151 0.543457 0.139323 0.022461
0 0.667969 0.542969 0.096354 0.017578
0 0.427734 0.175293 0.238281 0.028320
0 0.309896 0.301758 0.033854 0.019531
0 0.381510 0.303711 0.052083 0.019531
0 0.492188 0.308594 0.093750 0.027344
0 0.623698 0.309570 0.125000 0.019531
0 0.401693 0.332520 0.537760 0.038086
0 0.507812 0.363281 0.083333 0.023438
0 0.662760 0.363281 0.085938 0.023438
0 0.345052 0.390625 0.424479 0.031250
0 0.363281 0.416992 0.052083 0.019531
0 0.665365 0.419922 0.085938 0.023438
0 0.282552 0.449219 0.309896 0.027344
0 0.541667 0.452148 0.192708 0.025391
0 0.510417 0.478516 0.083333 0.023438
0 0.667969 0.478516 0.085938 0.023438
0 0.201823 0.515625 0.044271 0.023438
0 0.434896 0.572266 0.057292 0.023438
0 0.197917 0.606445 0.203125 0.025391
0 0.667969 0.603516 0.101562 0.023438
0 0.333333 0.650391 0.190104 0.025391
0 0.160156 0.688477 0.096354 0.029297
0 0.282552 0.684570 0.054688 0.025391
0 0.182292 0.718750 0.145833 0.023438
0 0.208984 0.786133 0.207031 0.029297
0 0.253906 0.814453 0.294271 0.031250
0 0.367188 0.895508 0.052083 0.025391
0 0.492188 0.891602 0.057292 0.025391
0 0.408854 0.920898 0.447917 0.029297
0 0.147786 0.514648 0.073818 0.032862
0 0.230469 0.684570 0.056467 0.030859
0 0.427734 0.894531 0.080964 0.036453
