0 0.488932 0.264160 0.277344 0.024414
0 0.484375 0.300293 0.346354 0.026367
0 0.695964 0.878418 0.308594 0.028320
0 0.199870 0.793457 0.170573 0.028320
0 0.792969 0.787598 0.114583 0.024414
0 0.486328 0.266113 0.277344 0.030273
0 0.514323 0.301758 0.283854 0.029297
0 0.153646 0.327148 0.054688 0.019531
0 0.182292 0.416992 0.062500 0.025391
0 0.352865 0.420898 0.044271 0.025391
0 0.432292 0.421875 0.062500 0.023438
0 0.563802 0.423828 0.111979 0.027344
0 0.723958 0.415039 0.156250 0.029297
0 0.319010 0.453125 0.361979 0.027344
0 0.411458 0.485352 0.054688 0.019531
0 0.584635 0.485352 0.096354 0.025391
0 0.774740 0.482422 0.101562 0.027344
0 0.373698 0.523438 0.476562 0.027344
0 0.595052 0.555664 0.080729 0.025391
0 0.410156 0.627930 0.057292 0.019531
0 0.596354 0.628906 0.083333 0.027344
0 0.787760 0.628906 0.101562 0.027344
0 0.393229 0.672363 0.539062 0.036133
0 0.408854 0.704102 0.059896 0.019531
0 0.593750 0.705078 0.104167 0.027344
0 0.190755 0.793945 0.170573 0.041016
0 0.792969 0.787109 0.122396 0.027344
0 0.227214 0.827148 0.238281 0.035156
0 0.500000 0.826172 0.072917 0.027344
0 0.795573 0.825195 0.122396 0.029297
0 0.497396 0.922852 0.216146 0.035156
0 0.340495 0.298828 0.068836 0.029037
0 0.253255 0.419922 0.089631 0.036843
