0 0.486979 0.332031 0.226562 0.023438
0 0.488281 0.362305 0.283854 0.029297
0 0.673177 0.827637 0.247396 0.034180
0 0.758464 0.755371 0.082031 0.026367
0 0.259115 0.769531 0.106771 0.023438
0 0.489583 0.330566 0.229167 0.026367
0 0.223958 0.392578 0.044271 0.017578
0 0.496094 0.429688 0.312500 0.037109
0 0.248698 0.463867 0.046875 0.019531
0 0.384115 0.459961 0.036458 0.019531
0 0.449219 0.458008 0.052083 0.019531
0 0.536458 0.457031 0.049479 0.017578
0 0.684896 0.452148 0.125000 0.025391
0 0.412760 0.485352 0.398438 0.029297
0 0.434896 0.510742 0.044271 0.015625
0 0.583333 0.507812 0.067708 0.023438
0 0.727865 0.503906 0.080729 0.023438
0 0.444010 0.541992 0.468750 0.035156
0 0.260417 0.600586 0.104167 0.025391
0 0.352865 0.598633 0.031250 0.015625
0 0.434896 0.596680 0.049479 0.019531
0 0.589844 0.593750 0.070312 0.023438
0 0.739583 0.589844 0.083333 0.023438
0 0.587240 0.655273 0.085938 0.025391
0 0.746094 0.651367 0.085938 0.025391
0 0.252604 0.704102 0.109375 0.029297
0 0.391927 0.702148 0.036458 0.019531
0 0.264974 0.730469 0.134115 0.027344
0 0.296875 0.793945 0.187500 0.025391
0 0.524740 0.791992 0.057292 0.019531
0 0.667318 0.878906 0.076823 0.025391
0 0.581380 0.457520 0.046930 0.028240
0 0.607422 0.882324 0.051066 0.024695
