0 0.461426 0.045754 0.151367 0.012445
0 0.465332 0.062958 0.301758 0.014641
0 0.454102 0.095900 0.492188 0.027818
0 0.452637 0.112738 0.477539 0.023426
0 0.454590 0.131040 0.510742 0.026354
0 0.470703 0.151537 0.345703 0.021962
0 0.465332 0.169473 0.420898 0.024158
0 0.483398 0.318082 0.232422 0.032943
0 0.680664 0.309663 0.126953 0.023426
0 0.333496 0.527452 0.383789 0.028551
0 0.698242 0.519766 0.154297 0.032211
0 0.546875 0.059297 0.125000 0.021962
0 0.354492 0.084187 0.027344 0.011713
0 0.407227 0.081259 0.062500 0.014641
0 0.445312 0.098463 0.140625 0.019766
0 0.339844 0.117130 0.054688 0.017570
0 0.214844 0.136164 0.031250 0.017570
0 0.252930 0.138360 0.027344 0.011713
0 0.339844 0.136164 0.031250 0.017570
0 0.438965 0.134334 0.055664 0.018302
0 0.495117 0.132504 0.042969 0.014641
0 0.545898 0.131772 0.044922 0.017570
0 0.318359 0.154466 0.041016 0.014641
0 0.368164 0.153734 0.044922 0.017570
0 0.413086 0.153001 0.027344 0.014641
0 0.457031 0.150805 0.042969 0.017570
0 0.584961 0.148609 0.095703 0.019034
0 0.489746 0.170571 0.108398 0.020498
0 0.568359 0.169107 0.031250 0.019034
0 0.629883 0.166179 0.080078 0.019034
0 0.319336 0.210835 0.109375 0.019034
0 0.332031 0.254026 0.140625 0.021962
0 0.481445 0.251098 0.111328 0.021962
0 0.616211 0.248170 0.111328 0.021962
0 0.220703 0.278917 0.091797 0.026354
0 0.331055 0.274890 0.115234 0.021230
0 0.419922 0.274524 0.046875 0.019034
0 0.685547 0.270132 0.058594 0.019034
0 0.205566 0.324305 0.077148 0.026354
0 0.271484 0.322840 0.035156 0.021962
0 0.482422 0.319912 0.236328 0.032211
0 0.198242 0.346999 0.064453 0.020498
0 0.275391 0.346266 0.074219 0.019034
0 0.705078 0.336750 0.078125 0.023426
0 0.205078 0.421669 0.097656 0.023426
0 0.301758 0.420937 0.015625 0.017570
0 0.633789 0.412884 0.037109 0.023426
0 0.738281 0.409956 0.039062 0.023426
0 0.296875 0.474378 0.013672 0.016105
0 0.239258 0.535139 0.037109 0.021962
0 0.349609 0.529649 0.166016 0.028551
0 0.482422 0.527086 0.082031 0.023426
0 0.679688 0.523426 0.107422 0.032211
0 0.252930 0.564056 0.076172 0.031479
0 0.179199 0.628477 0.112305 0.035871
0 0.377930 0.622255 0.269531 0.030747
0 0.161133 0.658858 0.074219 0.027818
0 0.230957 0.722914 0.231445 0.035871
0 0.755859 0.710835 0.111328 0.032211
0 0.738770 0.782943 0.067383 0.037335
0 0.798828 0.781845 0.044922 0.030747
0 0.153320 0.872621 0.050781 0.030747
0 0.193359 0.914348 0.138672 0.032211
0 0.230469 0.102123 0.058380 0.023885
0 0.174316 0.535505 0.076768 0.034224
0 0.234863 0.658492 0.060732 0.028850
