0 0.373535 0.070801 0.502930 0.077148
0 0.379883 0.136230 0.603516 0.047852
0 0.154785 0.445312 0.143555 0.031250
0 0.456543 0.445312 0.340820 0.039062
0 0.150391 0.481445 0.150391 0.027344
0 0.463379 0.481934 0.338867 0.032227
0 0.145996 0.750977 0.165039 0.044922
0 0.554199 0.745605 0.180664 0.049805
0 0.375000 0.078613 0.511719 0.100586
0 0.386230 0.245117 0.471680 0.062500
0 0.121094 0.283203 0.082031 0.031250
0 0.202148 0.285156 0.019531 0.021484
0 0.382812 0.287109 0.179688 0.031250
0 0.338379 0.318359 0.094727 0.035156
0 0.487305 0.319336 0.181641 0.029297
0 0.124023 0.348633 0.085938 0.035156
0 0.168945 0.382812 0.173828 0.031250
0 0.351562 0.385742 0.121094 0.029297
0 0.453613 0.449219 0.329102 0.035156
0 0.129883 0.477539 0.103516 0.029297
0 0.455078 0.480469 0.328125 0.031250
0 0.122070 0.536133 0.056641 0.025391
0 0.218750 0.536133 0.109375 0.025391
0 0.155273 0.567383 0.019531 0.023438
0 0.346680 0.570312 0.123047 0.031250
0 0.145020 0.599121 0.116211 0.032227
0 0.354492 0.632812 0.107422 0.031250
0 0.589844 0.630859 0.105469 0.031250
0 0.124023 0.665039 0.080078 0.029297
0 0.214844 0.665039 0.078125 0.029297
0 0.167969 0.698242 0.058594 0.029297
0 0.363281 0.697266 0.089844 0.031250
0 0.600586 0.695312 0.087891 0.031250
0 0.505859 0.745117 0.083984 0.039062
0 0.601562 0.745117 0.080078 0.039062
0 0.156250 0.840820 0.177734 0.035156
0 0.107422 0.882812 0.082031 0.041016
