0 0.307292 0.182617 0.215278 0.033203
0 0.623264 0.156738 0.333333 0.022461
0 0.625000 0.178711 0.256944 0.021484
0 0.394097 0.263672 0.395833 0.019531
0 0.382812 0.454102 0.352431 0.017578
0 0.812500 0.449707 0.104167 0.022461
0 0.303819 0.370605 0.218750 0.024414
0 0.552083 0.368164 0.086806 0.019531
0 0.305556 0.414062 0.215278 0.023438
0 0.815972 0.492188 0.111111 0.023438
0 0.740451 0.601562 0.262153 0.025391
0 0.738715 0.645996 0.286458 0.028320
0 0.289062 0.922363 0.449653 0.030273
0 0.112847 0.947266 0.086806 0.023438
0 0.330729 0.946289 0.185764 0.025391
