0 0.443359 0.189941 0.253906 0.028320
0 0.444010 0.222168 0.320312 0.026367
0 0.652344 0.889160 0.283854 0.040039
0 0.184896 0.584961 0.145833 0.029297
0 0.730469 0.574707 0.088542 0.024414
0 0.443359 0.189941 0.253906 0.028320
0 0.144531 0.245117 0.052083 0.019531
0 0.450521 0.294922 0.346354 0.037109
0 0.050130 0.333984 0.100260 0.099609
0 0.174479 0.328125 0.057292 0.023438
0 0.325521 0.328125 0.041667 0.023438
0 0.398438 0.328125 0.057292 0.023438
0 0.516927 0.328125 0.101562 0.027344
0 0.658854 0.323242 0.135417 0.025391
0 0.437500 0.355469 0.598958 0.031250
0 0.544271 0.383789 0.072917 0.025391
0 0.384766 0.417969 0.501302 0.031250
0 0.421875 0.479492 0.585938 0.035156
0 0.552083 0.508789 0.078125 0.025391
0 0.717448 0.504883 0.091146 0.025391
0 0.210938 0.555664 0.046875 0.025391
0 0.329427 0.556641 0.039062 0.023438
0 0.729167 0.573242 0.093750 0.025391
0 0.186198 0.586914 0.151042 0.035156
0 0.218750 0.614258 0.213542 0.029297
0 0.473958 0.612305 0.062500 0.025391
0 0.175781 0.672852 0.111979 0.029297
0 0.357422 0.667480 0.207031 0.032227
0 0.235026 0.707031 0.233073 0.041016
0 0.192708 0.745117 0.156250 0.029297
0 0.756510 0.765625 0.075521 0.027344
0 0.221354 0.780273 0.221354 0.035156
0 0.223958 0.819336 0.226562 0.039062
0 0.759115 0.834961 0.080729 0.029297
0 0.160156 0.855469 0.091146 0.027344
0 0.289062 0.851562 0.174479 0.041016
0 0.187500 0.903320 0.098958 0.029297
0 0.471354 0.931641 0.197917 0.031250
0 0.236979 0.329102 0.080392 0.032862
0 0.720703 0.379395 0.054742 0.027820
0 0.153646 0.557129 0.085499 0.037834
