0 0.529297 0.293457 0.243490 0.022461
0 0.529948 0.316895 0.497396 0.030273
0 0.702474 0.435059 0.167969 0.022461
0 0.356120 0.794922 0.175781 0.027344
0 0.754557 0.802246 0.084635 0.024414
0 0.589193 0.343262 0.128906 0.026367
0 0.292969 0.500977 0.036458 0.019531
0 0.537760 0.503906 0.039062 0.023438
0 0.397135 0.531250 0.247396 0.023438
0 0.515625 0.562500 0.067708 0.023438
0 0.747396 0.562500 0.088542 0.023438
0 0.753255 0.800781 0.092448 0.029297
0 0.398438 0.322754 0.059780 0.024035
0 0.498047 0.503418 0.053169 0.022011
