0 0.504557 0.493164 0.222656 0.021484
0 0.500000 0.522949 0.278646 0.030273
0 0.639974 0.817383 0.238281 0.031250
0 0.270833 0.735352 0.127604 0.029297
0 0.726562 0.750000 0.080729 0.025391
0 0.504557 0.493164 0.225260 0.029297
0 0.524740 0.523438 0.231771 0.027344
0 0.502604 0.592773 0.309896 0.042969
0 0.259115 0.615234 0.049479 0.023438
0 0.388021 0.620117 0.033854 0.019531
0 0.451823 0.621094 0.054688 0.023438
0 0.555990 0.625977 0.091146 0.025391
0 0.684896 0.628418 0.130208 0.028320
0 0.433594 0.676758 0.031250 0.015625
0 0.571615 0.679688 0.080729 0.023438
0 0.286458 0.708984 0.041667 0.023438
0 0.295573 0.737305 0.059896 0.025391
0 0.231771 0.757812 0.052083 0.023438
0 0.316406 0.762695 0.122396 0.025391
0 0.501302 0.771484 0.054688 0.023438
0 0.266927 0.799805 0.080729 0.025391
0 0.298177 0.851562 0.036458 0.017578
0 0.488281 0.842773 0.164062 0.029297
0 0.494792 0.864258 0.356771 0.039062
0 0.387370 0.520020 0.057943 0.029854
0 0.310547 0.618164 0.071135 0.032862
0 0.236979 0.731934 0.072587 0.037834
