0 0.207031 0.703776 0.037109 0.157552
0 0.186035 0.466797 0.016602 0.230469
0 0.210449 0.471354 0.020508 0.203125
0 0.289551 0.642578 0.030273 0.300781
0 0.481934 0.672526 0.028320 0.261719
0 0.485840 0.341797 0.022461 0.089844
0 0.187500 0.371094 0.017578 0.036458
0 0.402344 0.358073 0.017578 0.036458
0 0.211914 0.411458 0.025391 0.093750
0 0.232422 0.470052 0.023438 0.148438
0 0.845703 0.633464 0.025391 0.144531
0 0.683594 0.677083 0.023438 0.072917
0 0.309570 0.742188 0.019531 0.101562
0 0.821289 0.729167 0.019531 0.044271
0 0.416992 0.782552 0.015625 0.031250
