0 0.427734 0.169922 0.110677 0.021484
0 0.460938 0.225098 0.192708 0.081055
0 0.470703 0.305664 0.459635 0.029297
0 0.289062 0.507812 0.164062 0.023438
0 0.377604 0.798340 0.333333 0.041992
0 0.755208 0.806152 0.143229 0.043945
0 0.509766 0.500977 0.207031 0.027344
0 0.278646 0.537109 0.158854 0.023438
0 0.510417 0.534668 0.221354 0.020508
0 0.472656 0.210938 0.179688 0.050781
0 0.479167 0.242188 0.161458 0.046875
0 0.472005 0.374023 0.246094 0.035156
0 0.472005 0.413086 0.378906 0.042969
0 0.223958 0.450195 0.041667 0.025391
0 0.330729 0.450195 0.039062 0.019531
0 0.428385 0.447266 0.091146 0.023438
0 0.535807 0.446289 0.089844 0.027344
0 0.511719 0.504883 0.205729 0.025391
0 0.278646 0.537109 0.151042 0.027344
0 0.513021 0.531738 0.208333 0.026367
0 0.347656 0.566406 0.294271 0.027344
0 0.334635 0.593750 0.106771 0.023438
0 0.520833 0.591797 0.031250 0.023438
0 0.625651 0.590332 0.071615 0.026367
0 0.292969 0.664062 0.236979 0.027344
0 0.625000 0.662109 0.088542 0.023438
0 0.252604 0.705078 0.083333 0.031250
0 0.321615 0.752930 0.223958 0.035156
0 0.363281 0.801758 0.307292 0.035156
0 0.621094 0.867188 0.169271 0.031250
0 0.584635 0.945312 0.075521 0.023438
0 0.609375 0.970703 0.119792 0.023438
0 0.275391 0.450195 0.084330 0.032862
0 0.641276 0.947266 0.053048 0.027043
