0 0.505208 0.181152 0.322917 0.028320
0 0.735677 0.872070 0.343750 0.044922
0 0.180339 0.509277 0.204427 0.034180
0 0.839193 0.506348 0.113281 0.028320
0 0.603516 0.185059 0.110677 0.026367
0 0.111979 0.236328 0.062500 0.023438
0 0.506510 0.293945 0.460938 0.048828
0 0.139323 0.336914 0.070312 0.029297
0 0.343750 0.338867 0.052083 0.029297
0 0.441406 0.338867 0.075521 0.029297
0 0.217448 0.377930 0.255208 0.035156
0 0.627604 0.382812 0.375000 0.031250
0 0.621745 0.420410 0.118490 0.038086
0 0.151042 0.470703 0.153646 0.042969
0 0.171224 0.508789 0.188802 0.041016
0 0.526042 0.549805 0.078125 0.029297
0 0.160156 0.615234 0.132812 0.031250
0 0.384115 0.611816 0.250000 0.036133
0 0.295573 0.656250 0.408854 0.046875
0 0.184896 0.699219 0.187500 0.031250
0 0.222656 0.738281 0.260417 0.037109
0 0.283854 0.818359 0.380208 0.046875
0 0.843750 0.809570 0.117188 0.035156
0 0.513021 0.927734 0.242188 0.041016
0 0.223307 0.338379 0.105063 0.043675
0 0.636068 0.342285 0.067441 0.038093
0 0.388672 0.380371 0.105297 0.035850
