0 0.132812 0.438151 0.042969 0.277344
0 0.159180 0.436198 0.033203 0.187500
0 0.299805 0.633464 0.035156 0.342448
0 0.501953 0.648438 0.035156 0.294271
0 0.493164 0.257161 0.025391 0.092448
0 0.824219 0.441406 0.023438 0.122396
0 0.372070 0.496094 0.025391 0.049479
0 0.395996 0.468099 0.030273 0.134115
0 0.271484 0.561198 0.023438 0.039062
0 0.373047 0.542969 0.023438 0.039062
0 0.580566 0.630859 0.030273 0.201823
0 0.824707 0.593099 0.026367 0.167969
0 0.797852 0.707031 0.025391 0.049479
