0 0.519043 0.300366 0.258789 0.021978
0 0.357422 0.213919 0.021484 0.010256
0 0.310547 0.242491 0.029297 0.011722
0 0.341797 0.241758 0.021484 0.013187
0 0.476562 0.241758 0.236328 0.013187
0 0.353516 0.252747 0.072266 0.014652
0 0.500977 0.251282 0.058594 0.011722
0 0.553711 0.252747 0.031250 0.008791
0 0.586914 0.253480 0.023438 0.010256
0 0.402344 0.271062 0.068359 0.013187
0 0.475586 0.268864 0.054688 0.011722
0 0.541016 0.267399 0.056641 0.014652
0 0.308594 0.286447 0.097656 0.019048
0 0.500977 0.282784 0.275391 0.020513
0 0.606934 0.301832 0.086914 0.021978
0 0.336914 0.322344 0.158203 0.020513
0 0.442383 0.321612 0.023438 0.014652
0 0.326660 0.350916 0.139648 0.021978
0 0.314453 0.383150 0.074219 0.019048
0 0.328125 0.395604 0.140625 0.020513
0 0.569336 0.408791 0.025391 0.017582
0 0.458984 0.515018 0.093750 0.019048
0 0.458984 0.545055 0.093750 0.017582
0 0.313477 0.561172 0.076172 0.017582
0 0.580078 0.558974 0.025391 0.014652
0 0.307617 0.575824 0.064453 0.017582
0 0.478516 0.574725 0.250000 0.019780
0 0.606445 0.605128 0.095703 0.020513
0 0.291992 0.621245 0.037109 0.017582
0 0.464844 0.651282 0.082031 0.019048
0 0.454590 0.667033 0.403320 0.022711
0 0.463867 0.682051 0.083984 0.019048
0 0.649414 0.700366 0.011719 0.016117
0 0.459961 0.712821 0.031250 0.011722
0 0.610352 0.713553 0.031250 0.010256
0 0.300781 0.760440 0.054688 0.017582
0 0.303711 0.775824 0.064453 0.019048
0 0.334961 0.791941 0.130859 0.021978
0 0.443848 0.842125 0.165039 0.022711
0 0.612305 0.906227 0.044922 0.021978
