0 0.271701 0.229004 0.154514 0.024414
0 0.511285 0.190918 0.258681 0.022461
0 0.512153 0.209473 0.208333 0.020508
0 0.514757 0.226074 0.213542 0.018555
0 0.347222 0.289551 0.298611 0.016602
0 0.338542 0.398926 0.260417 0.016602
0 0.656250 0.394531 0.086806 0.017578
0 0.276042 0.228516 0.163194 0.027344
0 0.284722 0.372070 0.156250 0.015625
0 0.671875 0.365234 0.041667 0.013672
0 0.657986 0.396484 0.076389 0.013672
0 0.687500 0.539062 0.038194 0.013672
0 0.290799 0.922363 0.453125 0.030273
0 0.330729 0.946289 0.185764 0.025391
0 0.195312 0.946289 0.098481 0.032862
