0 0.190972 0.329102 0.246528 0.042969
0 0.570312 0.279297 0.348958 0.025391
0 0.569444 0.307129 0.340278 0.024414
0 0.563368 0.333496 0.279514 0.024414
0 0.207465 0.404297 0.286458 0.029297
0 0.688368 0.406738 0.276042 0.020508
0 0.678819 0.308594 0.107639 0.023438
0 0.195312 0.330566 0.251736 0.043945
0 0.494792 0.333984 0.149306 0.027344
0 0.677083 0.335938 0.062500 0.023438
0 0.447917 0.432617 0.256944 0.025391
0 0.142361 0.454102 0.152778 0.025391
0 0.703125 0.458984 0.243056 0.023438
0 0.097222 0.478516 0.062500 0.023438
0 0.290799 0.922363 0.453125 0.030273
0 0.112847 0.947266 0.086806 0.023438
0 0.328993 0.946289 0.182292 0.025391
0 0.586806 0.310059 0.096783 0.031862
0 0.196181 0.946289 0.096727 0.032862
