0 0.525879 0.112372 0.323242 0.040264
0 0.475586 0.155564 0.513672 0.031479
0 0.369629 0.743045 0.360352 0.024890
0 0.256836 0.430454 0.136719 0.026354
0 0.722168 0.428624 0.083008 0.019766
0 0.876953 0.036603 0.031250 0.023426
0 0.874023 0.071010 0.025391 0.021962
0 0.525879 0.113104 0.338867 0.063690
0 0.224609 0.191069 0.050781 0.021962
0 0.393555 0.187408 0.257812 0.027818
0 0.472656 0.221083 0.310547 0.030747
0 0.247070 0.300146 0.125000 0.029283
0 0.486328 0.297950 0.042969 0.021962
0 0.643555 0.296486 0.250000 0.032211
0 0.598633 0.329429 0.056641 0.017570
0 0.730469 0.328697 0.058594 0.019034
0 0.149414 0.338214 0.041016 0.017570
0 0.591797 0.355051 0.070312 0.019034
0 0.276367 0.397511 0.042969 0.029283
0 0.142578 0.446559 0.042969 0.017570
0 0.508789 0.494876 0.083984 0.023426
0 0.504883 0.525622 0.087891 0.023426
0 0.497070 0.568814 0.041016 0.021962
0 0.123535 0.606515 0.090820 0.027086
0 0.503906 0.617862 0.058594 0.020498
0 0.586914 0.641288 0.224609 0.023426
0 0.221191 0.399341 0.078740 0.034224
0 0.323242 0.569912 0.062150 0.028362
0 0.363770 0.617862 0.065190 0.026129
