0 0.576172 0.016105 0.183594 0.027818
0 0.579102 0.039531 0.353516 0.033675
0 0.561035 0.086384 0.590820 0.036603
0 0.559570 0.112738 0.566406 0.030747
0 0.563477 0.135066 0.601562 0.032943
0 0.581055 0.164348 0.402344 0.028551
0 0.574219 0.188141 0.490234 0.032211
0 0.577148 0.374817 0.257812 0.032211
0 0.808594 0.372987 0.117188 0.028551
0 0.395020 0.711201 0.418945 0.034407
0 0.800293 0.714129 0.184570 0.038799
0 0.426758 0.117862 0.064453 0.021962
0 0.484375 0.117862 0.033203 0.014641
0 0.542969 0.115666 0.062500 0.020498
0 0.372070 0.142020 0.052734 0.020498
0 0.423828 0.142020 0.035156 0.020498
0 0.779297 0.133602 0.158203 0.027086
0 0.401367 0.167643 0.048828 0.021962
0 0.591797 0.164714 0.107422 0.026354
0 0.397461 0.192533 0.052734 0.021962
0 0.598633 0.191801 0.128906 0.030747
0 0.400391 0.243045 0.125000 0.023426
0 0.596680 0.244510 0.132812 0.032211
0 0.736328 0.293558 0.126953 0.026354
0 0.262695 0.402635 0.068359 0.023426
0 0.375000 0.746706 0.042969 0.023426
0 0.240234 0.848463 0.150391 0.032211
0 0.206055 0.959736 0.046875 0.029283
0 0.360352 0.120425 0.058229 0.029846
0 0.223145 0.711567 0.084411 0.039349
0 0.556152 0.712665 0.098404 0.037183
