0 0.442708 0.098145 0.304688 0.030273
0 0.443359 0.140625 0.386719 0.027344
0 0.697266 0.875000 0.355469 0.044922
0 0.152995 0.479980 0.191406 0.030273
0 0.748698 0.472168 0.151042 0.030273
0 0.100260 0.173828 0.059896 0.023438
0 0.130208 0.262695 0.062500 0.025391
0 0.303385 0.263672 0.044271 0.023438
0 0.389323 0.264648 0.065104 0.025391
0 0.694010 0.257812 0.158854 0.027344
0 0.550781 0.329102 0.101562 0.025391
0 0.274740 0.369141 0.382812 0.027344
0 0.527344 0.369141 0.085938 0.027344
0 0.562500 0.402344 0.088542 0.027344
0 0.761719 0.395508 0.091146 0.029297
0 0.148438 0.483398 0.169271 0.039062
0 0.757812 0.474609 0.125000 0.031250
0 0.184896 0.516602 0.242188 0.035156
0 0.463542 0.518555 0.072917 0.025391
0 0.760417 0.551758 0.130208 0.029297
0 0.343750 0.615234 0.236979 0.037109
0 0.102865 0.661133 0.057292 0.035156
0 0.158854 0.700195 0.171875 0.029297
0 0.796875 0.729492 0.093750 0.029297
0 0.796875 0.813477 0.119792 0.029297
0 0.385417 0.929688 0.067708 0.031250
0 0.201823 0.265137 0.088199 0.035850
0 0.188802 0.660156 0.135060 0.052655
0 0.467448 0.928711 0.109018 0.051425
