0 0.318856 0.252441 0.108051 0.014648
0 0.634534 0.249023 0.116525 0.019531
0 0.334746 0.269043 0.156780 0.016602
0 0.599576 0.266602 0.203390 0.015625
0 0.605932 0.284180 0.182203 0.013672
0 0.289195 0.447266 0.052966 0.015625
0 0.414195 0.446289 0.099576 0.017578
0 0.516949 0.447754 0.046610 0.014648
0 0.657839 0.446777 0.078390 0.014648
0 0.355932 0.493164 0.182203 0.019531
0 0.601695 0.493652 0.199153 0.020508
0 0.274364 0.936035 0.451271 0.026367
0 0.668432 0.495605 0.071103 0.018683
