0 0.603027 0.167277 0.622070 0.028551
0 0.610352 0.198389 0.337891 0.026354
0 0.610352 0.234627 0.707031 0.034407
0 0.312012 0.360176 0.458008 0.032211
0 0.717773 0.590410 0.289062 0.032943
0 0.607910 0.198389 0.334961 0.036603
0 0.605469 0.270864 0.287109 0.030747
0 0.220703 0.364568 0.281250 0.035139
0 0.454102 0.360176 0.164062 0.030747
0 0.594727 0.358712 0.062500 0.030747
0 0.212402 0.437042 0.258789 0.035139
0 0.714844 0.474378 0.515625 0.035139
0 0.133789 0.504392 0.050781 0.026354
0 0.610352 0.506589 0.054688 0.027818
0 0.710938 0.507321 0.064453 0.026354
0 0.871094 0.506589 0.166016 0.027818
0 0.137695 0.544656 0.011719 0.016105
0 0.614258 0.549048 0.041016 0.023426
0 0.717773 0.551245 0.085938 0.026354
0 0.721680 0.595900 0.279297 0.040996
0 0.594727 0.658858 0.060547 0.023426
0 0.556152 0.229136 0.103879 0.048169
0 0.400879 0.506223 0.092315 0.040089
0 0.447754 0.656296 0.076856 0.034224
0 0.270508 0.705710 0.074011 0.034964
0 0.369141 0.710102 0.068141 0.030586
0 0.785645 0.710102 0.056816 0.024255
0 0.399902 0.732064 0.076978 0.029104
