0 0.274306 0.249512 0.177083 0.036133
0 0.546875 0.224609 0.253472 0.017578
0 0.545139 0.259277 0.253472 0.016602
0 0.342014 0.320312 0.340278 0.027344
0 0.309028 0.443359 0.305556 0.023438
0 0.712674 0.447754 0.071181 0.012695
0 0.262153 0.336914 0.048611 0.015625
0 0.256076 0.409180 0.196181 0.025391
0 0.491319 0.414062 0.048611 0.013672
0 0.357639 0.463867 0.065972 0.019531
0 0.715278 0.485352 0.079861 0.015625
0 0.715278 0.504883 0.079861 0.015625
0 0.406250 0.624023 0.038194 0.015625
0 0.480903 0.625000 0.090278 0.017578
0 0.661458 0.624023 0.201389 0.019531
0 0.289062 0.922363 0.449653 0.030273
0 0.110243 0.946289 0.095486 0.027344
0 0.330729 0.945312 0.185764 0.027344
0 0.196181 0.946289 0.096727 0.032862
