0 0.190104 0.333496 0.175347 0.026367
0 0.452257 0.297852 0.237847 0.017578
0 0.455729 0.317383 0.248264 0.013672
0 0.455729 0.334473 0.210069 0.018555
0 0.266493 0.403320 0.335069 0.017578
0 0.244792 0.523926 0.281250 0.018555
0 0.602431 0.524902 0.083333 0.018555
0 0.192708 0.333984 0.177083 0.031250
0 0.560764 0.406250 0.131944 0.013672
0 0.555556 0.422852 0.170139 0.015625
0 0.375000 0.458008 0.079861 0.015625
0 0.191840 0.493164 0.171875 0.015625
0 0.388889 0.493164 0.079861 0.015625
0 0.618056 0.492188 0.045139 0.013672
0 0.352431 0.528320 0.055556 0.015625
0 0.602431 0.526367 0.083333 0.015625
0 0.621528 0.561523 0.045139 0.015625
0 0.605903 0.595703 0.083333 0.017578
0 0.626736 0.687500 0.041667 0.013672
0 0.524306 0.721680 0.100694 0.019531
0 0.618056 0.742188 0.045139 0.013672
0 0.290799 0.922363 0.453125 0.030273
0 0.110243 0.946289 0.095486 0.027344
0 0.328993 0.945312 0.182292 0.027344
0 0.268229 0.562012 0.048074 0.021175
0 0.196181 0.946289 0.096727 0.032862
