0 0.449219 0.036133 0.205729 0.015625
0 0.448568 0.056641 0.256510 0.021484
0 0.202474 0.954102 0.128906 0.035156
0 0.695964 0.958008 0.113281 0.029297
0 0.412109 0.037598 0.123698 0.024414
0 0.514323 0.036133 0.067708 0.015625
0 0.450521 0.107422 0.276042 0.027344
0 0.235677 0.135742 0.041667 0.015625
0 0.410156 0.131836 0.041667 0.015625
0 0.618490 0.129883 0.109375 0.015625
0 0.391927 0.171875 0.041667 0.013672
0 0.519531 0.170898 0.067708 0.015625
0 0.653646 0.168945 0.070312 0.015625
0 0.528646 0.217773 0.054688 0.019531
0 0.320312 0.245117 0.028646 0.015625
0 0.394531 0.243164 0.041667 0.015625
0 0.526042 0.241211 0.059896 0.019531
0 0.651042 0.239258 0.085938 0.019531
0 0.391927 0.293945 0.041667 0.015625
0 0.520833 0.291016 0.078125 0.023438
0 0.658854 0.288086 0.075521 0.019531
0 0.423177 0.319336 0.455729 0.025391
0 0.393229 0.344727 0.044271 0.015625
0 0.522135 0.341797 0.075521 0.023438
0 0.661458 0.338867 0.075521 0.019531
0 0.417969 0.370605 0.450521 0.028320
0 0.394531 0.395508 0.041667 0.015625
0 0.522135 0.393555 0.072917 0.019531
0 0.417969 0.423828 0.450521 0.023438
0 0.523438 0.444336 0.075521 0.019531
0 0.380208 0.474609 0.385417 0.027344
0 0.390625 0.499023 0.044271 0.015625
0 0.523438 0.495117 0.075521 0.019531
0 0.530599 0.549316 0.071615 0.028320
0 0.386719 0.608398 0.046875 0.019531
0 0.527344 0.607422 0.080729 0.023438
0 0.679688 0.605469 0.083333 0.023438
0 0.386719 0.666992 0.046875 0.019531
0 0.528646 0.666992 0.083333 0.025391
0 0.683594 0.665039 0.085938 0.025391
0 0.332682 0.701660 0.324219 0.026367
0 0.238281 0.729492 0.138021 0.029297
0 0.532552 0.728516 0.080729 0.023438
0 0.213542 0.757812 0.098958 0.023438
0 0.385417 0.756836 0.049479 0.019531
0 0.535156 0.758789 0.070312 0.025391
0 0.680990 0.758789 0.101562 0.025391
0 0.417969 0.792969 0.513021 0.027344
0 0.179688 0.820312 0.046875 0.023438
0 0.281250 0.823242 0.041667 0.025391
0 0.540365 0.823242 0.070312 0.025391
0 0.204427 0.851562 0.101562 0.023438
0 0.298177 0.853516 0.031250 0.017578
0 0.380208 0.852539 0.049479 0.019531
0 0.540365 0.854492 0.070312 0.025391
0 0.226562 0.884766 0.041667 0.023438
0 0.329427 0.888672 0.033854 0.023438
0 0.174479 0.915039 0.070312 0.035156
0 0.696615 0.916992 0.101562 0.025391
0 0.225260 0.957031 0.054688 0.027344
0 0.229167 0.985352 0.187500 0.029297
0 0.451823 0.990234 0.057292 0.017578
0 0.235026 0.915039 0.071135 0.032862
0 0.168620 0.954590 0.076408 0.035850
