0 0.397135 0.166016 0.148438 0.035156
0 0.615234 0.132812 0.212240 0.027344
0 0.613932 0.152832 0.147135 0.022461
0 0.610677 0.174805 0.210938 0.023438
0 0.449870 0.247070 0.269531 0.031250
0 0.411458 0.539551 0.229167 0.026367
0 0.703776 0.550293 0.082031 0.020508
0 0.447917 0.248047 0.270833 0.031250
0 0.358073 0.264648 0.088542 0.019531
0 0.687500 0.276367 0.143229 0.019531
0 0.357422 0.304199 0.095052 0.024414
0 0.710938 0.316406 0.070312 0.017578
0 0.369792 0.325195 0.117188 0.019531
0 0.378255 0.343750 0.149740 0.029297
0 0.542969 0.351562 0.067708 0.017578
0 0.590495 0.371582 0.074219 0.026367
0 0.376953 0.383789 0.147135 0.027344
0 0.717448 0.395508 0.072917 0.019531
0 0.374349 0.421875 0.147135 0.027344
0 0.541667 0.429688 0.054688 0.017578
0 0.373698 0.443359 0.145833 0.025391
0 0.516927 0.448242 0.036458 0.019531
0 0.618490 0.451172 0.153646 0.023438
0 0.352865 0.461914 0.098958 0.019531
0 0.472656 0.465820 0.088542 0.019531
0 0.371094 0.481445 0.143229 0.025391
0 0.548177 0.489258 0.036458 0.015625
0 0.710938 0.495117 0.070312 0.015625
0 0.704427 0.513672 0.078125 0.017578
0 0.497396 0.543945 0.049479 0.019531
0 0.704427 0.552734 0.078125 0.017578
0 0.369792 0.577148 0.156250 0.025391
0 0.691406 0.571289 0.078125 0.019531
0 0.701823 0.591797 0.078125 0.017578
0 0.330729 0.618164 0.059896 0.019531
0 0.709635 0.630859 0.057292 0.017578
0 0.641276 0.750000 0.191406 0.027344
0 0.622396 0.811523 0.049479 0.015625
0 0.588542 0.830078 0.197917 0.023438
0 0.338542 0.879883 0.044271 0.015625
0 0.429688 0.883789 0.122396 0.019531
0 0.541667 0.887695 0.085938 0.019531
0 0.710286 0.833496 0.039980 0.019968
