0 0.498047 0.078697 0.164062 0.019766
0 0.499023 0.104685 0.322266 0.036603
0 0.492188 0.154466 0.494141 0.040996
0 0.495605 0.177526 0.463867 0.037335
0 0.496582 0.203514 0.487305 0.027818
0 0.513184 0.226940 0.329102 0.027818
0 0.511230 0.251464 0.389648 0.037335
0 0.586914 0.412152 0.320312 0.027818
0 0.409180 0.556735 0.294922 0.018302
0 0.690430 0.551611 0.119141 0.021230
0 0.500000 0.082723 0.158203 0.029283
0 0.574707 0.128477 0.182617 0.031479
0 0.348145 0.161786 0.084961 0.030747
0 0.447266 0.205710 0.318359 0.029283
0 0.685059 0.198023 0.106445 0.027086
0 0.595703 0.226208 0.042969 0.019034
0 0.379883 0.305271 0.099609 0.021962
0 0.392090 0.350659 0.127930 0.026354
0 0.521973 0.348463 0.102539 0.026354
0 0.641602 0.345534 0.099609 0.023426
0 0.455078 0.555637 0.195312 0.021962
0 0.691406 0.552709 0.119141 0.026354
0 0.512695 0.622987 0.064453 0.019034
0 0.309570 0.650805 0.103516 0.021962
0 0.276367 0.672767 0.041016 0.019034
0 0.665039 0.669107 0.015625 0.016105
0 0.332031 0.719619 0.029297 0.014641
0 0.324219 0.743045 0.093750 0.021962
0 0.303711 0.789165 0.060547 0.020498
0 0.356445 0.789898 0.031250 0.014641
0 0.481934 0.788067 0.071289 0.022694
0 0.547852 0.785505 0.044922 0.019034
0 0.606445 0.785505 0.056641 0.019034
0 0.328125 0.862006 0.144531 0.024158
0 0.615234 0.855783 0.117188 0.021962
0 0.705078 0.853587 0.046875 0.020498
0 0.770508 0.926794 0.076172 0.023426
0 0.275879 0.164348 0.063137 0.028362
0 0.648438 0.225110 0.060236 0.026874
0 0.547363 0.253294 0.071088 0.027619
0 0.287598 0.559663 0.059309 0.025382
0 0.347656 0.581625 0.060294 0.025382
0 0.410645 0.789531 0.067082 0.028362
0 0.525879 0.858346 0.055223 0.028362
