0 0.336589 0.220215 0.183594 0.038086
0 0.626302 0.168945 0.335938 0.027344
0 0.626953 0.197754 0.261719 0.026367
0 0.625651 0.226074 0.238281 0.026367
0 0.416667 0.328125 0.354167 0.031250
0 0.384766 0.529785 0.300781 0.030273
0 0.372396 0.327148 0.270833 0.029297
0 0.731771 0.358398 0.187500 0.025391
0 0.636719 0.410156 0.033854 0.023438
0 0.766927 0.410156 0.096354 0.027344
0 0.671875 0.435547 0.046875 0.023438
0 0.326172 0.454102 0.191406 0.029297
0 0.250000 0.478516 0.036458 0.023438
0 0.484375 0.534180 0.088542 0.025391
0 0.782552 0.542969 0.080729 0.023438
0 0.295573 0.555664 0.132812 0.029297
0 0.768229 0.568359 0.078125 0.023438
0 0.299479 0.608398 0.119792 0.025391
0 0.766927 0.647461 0.106771 0.025391
0 0.434896 0.741211 0.236979 0.035156
0 0.669271 0.750000 0.067708 0.027344
0 0.722005 0.854004 0.149740 0.026367
0 0.547526 0.408203 0.051816 0.029017
0 0.593099 0.747070 0.084330 0.032862
