0 0.506348 0.169505 0.264648 0.018132
0 0.508789 0.192857 0.378906 0.020879
0 0.758301 0.318132 0.227539 0.024176
0 0.226562 0.571978 0.207031 0.021978
0 0.842773 0.572802 0.105469 0.017033
0 0.506836 0.170330 0.273438 0.021978
0 0.525391 0.192857 0.117188 0.016484
0 0.650391 0.194505 0.097656 0.017582
0 0.506348 0.217582 0.168945 0.023077
0 0.502930 0.280769 0.310547 0.021978
0 0.236328 0.315385 0.197266 0.020879
0 0.756836 0.318132 0.234375 0.021978
0 0.271484 0.380769 0.263672 0.023077
0 0.292969 0.404945 0.310547 0.019780
0 0.155273 0.470330 0.041016 0.017582
0 0.484375 0.471978 0.115234 0.021978
0 0.135742 0.537363 0.015625 0.012088
0 0.482422 0.537363 0.085938 0.017582
0 0.225098 0.572802 0.209961 0.024725
0 0.838867 0.574176 0.101562 0.019780
0 0.195312 0.597802 0.146484 0.020879
0 0.875977 0.600549 0.019531 0.013187
0 0.225586 0.626374 0.207031 0.020879
0 0.839844 0.628571 0.099609 0.020879
0 0.839844 0.654945 0.097656 0.017582
0 0.162109 0.679121 0.087891 0.020879
