0 0.483051 0.187012 0.194915 0.022461
0 0.489407 0.346191 0.343220 0.018555
0 0.472458 0.214844 0.720339 0.025391
0 0.484110 0.239258 0.561441 0.025391
0 0.536017 0.678711 0.190678 0.021484
0 0.820975 0.678711 0.112288 0.015625
0 0.436441 0.188477 0.110169 0.025391
0 0.324153 0.265625 0.072034 0.023438
0 0.525424 0.264648 0.296610 0.025391
0 0.588983 0.325195 0.063559 0.015625
0 0.402542 0.349609 0.046610 0.017578
0 0.485169 0.347656 0.084746 0.017578
0 0.567797 0.348633 0.046610 0.015625
0 0.631356 0.347656 0.046610 0.017578
0 0.203390 0.382812 0.182203 0.017578
0 0.146186 0.402344 0.076271 0.017578
0 0.167373 0.426758 0.118644 0.015625
0 0.498941 0.623047 0.277542 0.025391
0 0.533898 0.648438 0.203390 0.023438
0 0.533898 0.677734 0.203390 0.027344
0 0.824153 0.706055 0.118644 0.019531
0 0.500000 0.831055 0.406780 0.025391
0 0.274364 0.936035 0.451271 0.026367
