0 0.489258 0.187912 0.328125 0.022711
0 0.491211 0.216850 0.667969 0.026374
0 0.721680 0.370330 0.228516 0.025641
0 0.229492 0.779487 0.259766 0.039560
0 0.791504 0.787179 0.135742 0.031502
0 0.395020 0.252747 0.157227 0.029304
0 0.569824 0.253114 0.170898 0.028571
0 0.156250 0.460073 0.042969 0.023443
0 0.438477 0.462271 0.066406 0.026374
0 0.759766 0.456410 0.166016 0.032234
0 0.461914 0.545055 0.132812 0.030769
0 0.251465 0.587912 0.268555 0.032967
0 0.793945 0.636630 0.123047 0.036630
0 0.346680 0.681319 0.470703 0.041026
0 0.458008 0.726007 0.117188 0.032234
0 0.797852 0.729670 0.123047 0.035165
0 0.232422 0.776557 0.074219 0.038095
0 0.789062 0.785348 0.144531 0.038095
0 0.310059 0.221245 0.084766 0.033507
0 0.494629 0.463004 0.054562 0.033296
0 0.148438 0.778755 0.110727 0.048205
0 0.312988 0.781319 0.102167 0.047501
