0 0.505859 0.469238 0.149740 0.010742
0 0.505859 0.489746 0.186198 0.014648
0 0.606120 0.895996 0.160156 0.014648
0 0.346354 0.719727 0.075521 0.015625
0 0.657552 0.720703 0.059896 0.011719
0 0.507812 0.469727 0.153646 0.015625
0 0.476562 0.557617 0.033854 0.015625
0 0.562500 0.593750 0.044271 0.013672
0 0.562500 0.652344 0.044271 0.013672
0 0.658854 0.696289 0.065104 0.015625
0 0.509115 0.740234 0.036458 0.013672
0 0.667969 0.831055 0.046875 0.015625
0 0.667969 0.870117 0.046875 0.015625
0 0.503906 0.916992 0.109375 0.015625
