0 0.458333 0.356445 0.315104 0.037109
0 0.455078 0.397461 0.402344 0.037109
0 0.685547 0.798340 0.334635 0.043945
0 0.792969 0.698242 0.117188 0.027344
0 0.118490 0.711426 0.184896 0.032227
0 0.458984 0.356445 0.319010 0.039062
0 0.490885 0.398438 0.322917 0.037109
0 0.070312 0.423828 0.062500 0.023438
0 0.460938 0.489258 0.442708 0.048828
0 0.304688 0.536133 0.052083 0.029297
0 0.399740 0.536133 0.075521 0.029297
0 0.550781 0.538086 0.130208 0.035156
0 0.730469 0.535156 0.169271 0.031250
0 0.372396 0.611328 0.067708 0.023438
0 0.579427 0.613281 0.111979 0.031250
0 0.119792 0.708984 0.200521 0.048828
0 0.792969 0.700195 0.130208 0.035156
0 0.161458 0.749023 0.273438 0.035156
0 0.476562 0.748047 0.078125 0.031250
0 0.470052 0.851562 0.239583 0.041016
0 0.435547 0.881348 0.589844 0.053711
0 0.293620 0.393066 0.079079 0.033860
