0 0.584961 0.026367 0.123047 0.017578
0 0.507812 0.039551 0.292969 0.028320
0 0.579590 0.057617 0.438477 0.035156
0 0.410156 0.190430 0.111328 0.031250
0 0.521973 0.197266 0.059570 0.019531
0 0.389160 0.473145 0.104492 0.020508
0 0.773926 0.487793 0.116211 0.026367
0 0.550781 0.030273 0.056641 0.015625
0 0.614746 0.030762 0.057617 0.018555
0 0.512695 0.045898 0.066406 0.019531
0 0.591797 0.047852 0.076172 0.019531
0 0.382324 0.068359 0.049805 0.023438
0 0.576660 0.063965 0.108398 0.018555
0 0.774902 0.065918 0.038086 0.018555
0 0.516602 0.079102 0.140625 0.019531
0 0.691406 0.081055 0.111328 0.019531
0 0.489258 0.096680 0.109375 0.019531
0 0.584961 0.099609 0.066406 0.013672
0 0.428711 0.109375 0.031250 0.017578
0 0.633789 0.117188 0.039062 0.013672
0 0.670898 0.119141 0.023438 0.013672
0 0.532227 0.148438 0.035156 0.017578
0 0.380859 0.189453 0.058594 0.023438
0 0.520508 0.200195 0.054688 0.019531
0 0.724609 0.205078 0.058594 0.023438
0 0.795898 0.204102 0.070312 0.019531
0 0.368164 0.225586 0.031250 0.015625
0 0.508301 0.214844 0.166992 0.027344
0 0.492676 0.235840 0.088867 0.018555
0 0.410156 0.265625 0.033203 0.017578
0 0.744141 0.276367 0.060547 0.019531
0 0.380859 0.297852 0.025391 0.019531
0 0.583984 0.307617 0.044922 0.019531
0 0.448730 0.318359 0.145508 0.029297
0 0.390625 0.333008 0.025391 0.015625
0 0.426758 0.333984 0.035156 0.017578
0 0.748047 0.331055 0.044922 0.015625
0 0.804688 0.331055 0.025391 0.015625
0 0.740234 0.382812 0.037109 0.017578
0 0.802734 0.383789 0.029297 0.019531
0 0.415039 0.458984 0.046875 0.017578
0 0.756836 0.454102 0.074219 0.019531
0 0.812500 0.455078 0.025391 0.017578
0 0.413086 0.475586 0.046875 0.019531
0 0.471680 0.498047 0.035156 0.017578
0 0.754883 0.489258 0.074219 0.019531
0 0.359375 0.509766 0.044922 0.017578
0 0.406250 0.513672 0.033203 0.017578
0 0.448242 0.514648 0.035156 0.019531
0 0.526367 0.519043 0.103516 0.024414
0 0.771484 0.527344 0.109375 0.023438
0 0.348633 0.542969 0.035156 0.017578
0 0.452148 0.549805 0.046875 0.019531
0 0.340820 0.612305 0.035156 0.019531
0 0.425293 0.621582 0.116211 0.024414
0 0.513184 0.625000 0.047852 0.019531
0 0.393555 0.637695 0.035156 0.015625
0 0.496094 0.681641 0.044922 0.017578
0 0.329102 0.704102 0.039062 0.019531
0 0.770508 0.695312 0.115234 0.027344
0 0.384766 0.708984 0.062500 0.023438
0 0.446289 0.733398 0.050781 0.019531
0 0.558594 0.780273 0.048828 0.019531
0 0.468750 0.813477 0.041016 0.019531
0 0.509766 0.819336 0.025391 0.015625
0 0.425781 0.832520 0.171875 0.032227
0 0.666992 0.827148 0.027344 0.019531
0 0.452148 0.855469 0.041016 0.023438
0 0.555176 0.841797 0.077148 0.029297
0 0.671875 0.849609 0.042969 0.023438
0 0.431152 0.056152 0.041732 0.026043
0 0.725098 0.065430 0.051608 0.027043
0 0.382324 0.086426 0.049702 0.024035
0 0.435059 0.195312 0.061432 0.027043
0 0.736816 0.347168 0.031973 0.022011
0 0.359863 0.472656 0.051608 0.029037
0 0.376465 0.670898 0.041732 0.025040
0 0.451172 0.714844 0.064382 0.031022
0 0.447754 0.754395 0.063391 0.030030
0 0.422852 0.771484 0.064403 0.031022
0 0.709473 0.832520 0.043834 0.024035
0 0.764160 0.837402 0.061457 0.032013
