0 0.359375 0.248535 0.173611 0.024414
0 0.626736 0.206055 0.295139 0.015625
0 0.628472 0.226074 0.263889 0.016602
0 0.627604 0.245605 0.234375 0.016602
0 0.442708 0.319824 0.333333 0.014648
0 0.414931 0.510254 0.277778 0.016602
0 0.776042 0.507324 0.097222 0.014648
0 0.713542 0.224609 0.083333 0.017578
0 0.362847 0.250000 0.177083 0.031250
0 0.331597 0.338867 0.104167 0.015625
0 0.333333 0.372070 0.107639 0.015625
0 0.361111 0.407227 0.173611 0.015625
0 0.772569 0.401367 0.097222 0.015625
0 0.361111 0.442383 0.173611 0.015625
0 0.560764 0.440430 0.083333 0.015625
0 0.779514 0.436523 0.083333 0.015625
0 0.586806 0.458008 0.135417 0.015625
0 0.361111 0.477539 0.173611 0.015625
0 0.781250 0.473633 0.086806 0.015625
0 0.355903 0.581055 0.166667 0.019531
0 0.425347 0.600586 0.097222 0.019531
0 0.750000 0.673828 0.059028 0.013672
0 0.290799 0.922363 0.453125 0.030273
0 0.110243 0.946289 0.095486 0.027344
0 0.330729 0.946289 0.185764 0.025391
0 0.683160 0.456543 0.053306 0.019968
0 0.808160 0.673340 0.053306 0.019968
0 0.453993 0.710449 0.051546 0.018923
0 0.196181 0.946289 0.096727 0.032862
