0 0.469401 0.231445 0.321615 0.052734
0 0.463542 0.270020 0.401042 0.055664
0 0.677734 0.788574 0.329427 0.040039
0 0.135417 0.651367 0.174479 0.037109
0 0.787109 0.649902 0.126302 0.030273
0 0.080729 0.291992 0.062500 0.025391
0 0.466797 0.367676 0.436198 0.061523
0 0.115885 0.402344 0.070312 0.031250
0 0.313802 0.409180 0.049479 0.029297
0 0.405599 0.411621 0.076823 0.032227
0 0.726562 0.416992 0.166667 0.029297
0 0.263021 0.446289 0.393229 0.039062
0 0.377604 0.484375 0.062500 0.023438
0 0.571615 0.490234 0.106771 0.031250
0 0.770833 0.490234 0.104167 0.027344
0 0.406250 0.529297 0.684896 0.037109
0 0.373698 0.562500 0.065104 0.023438
0 0.179036 0.653809 0.095052 0.040039
0 0.170573 0.688477 0.260417 0.035156
0 0.471354 0.693359 0.078125 0.031250
0 0.382812 0.838867 0.067708 0.029297
0 0.545573 0.835938 0.070312 0.031250
0 0.436198 0.867188 0.567708 0.041016
0 0.572266 0.236816 0.120891 0.045654
0 0.197266 0.407715 0.107687 0.047629
0 0.486979 0.454590 0.069764 0.037834
0 0.091146 0.651367 0.100999 0.046642
0 0.461589 0.837891 0.104571 0.047302
