0 0.320312 0.205078 0.177083 0.037109
0 0.587240 0.161133 0.278646 0.025391
0 0.585286 0.187012 0.248698 0.022461
0 0.585286 0.211914 0.264323 0.027344
0 0.393880 0.301758 0.326823 0.031250
0 0.360677 0.557617 0.276042 0.025391
0 0.723307 0.565918 0.087240 0.022461
0 0.687500 0.306641 0.135417 0.023438
0 0.682292 0.330078 0.171875 0.023438
0 0.500000 0.376953 0.083333 0.023438
0 0.714844 0.376953 0.085938 0.023438
0 0.313151 0.418457 0.175781 0.028320
0 0.725260 0.424805 0.083333 0.019531
0 0.244792 0.441406 0.036458 0.023438
0 0.726562 0.448242 0.080729 0.019531
0 0.589844 0.470703 0.044271 0.023438
0 0.312500 0.490234 0.177083 0.023438
0 0.240885 0.512695 0.031250 0.019531
0 0.743490 0.518555 0.046875 0.019531
0 0.723958 0.566406 0.088542 0.023438
0 0.712240 0.590820 0.083333 0.019531
0 0.723958 0.615234 0.088542 0.023438
0 0.287760 0.632812 0.111979 0.027344
0 0.723958 0.638672 0.088542 0.023438
0 0.490234 0.683105 0.342448 0.028320
0 0.235677 0.781250 0.044271 0.023438
0 0.319010 0.465820 0.067224 0.032862
