0 0.430990 0.300293 0.208333 0.018555
0 0.429036 0.327148 0.259115 0.019531
0 0.595052 0.876953 0.231771 0.023438
0 0.212891 0.635742 0.128906 0.023438
0 0.667969 0.623047 0.075521 0.017578
0 0.432292 0.298828 0.213542 0.025391
0 0.429688 0.328125 0.265625 0.023438
0 0.434245 0.386719 0.292969 0.041016
0 0.201823 0.415039 0.046875 0.019531
0 0.329427 0.417969 0.031250 0.017578
0 0.389323 0.416992 0.046875 0.019531
0 0.490885 0.413086 0.083333 0.019531
0 0.611979 0.407227 0.117188 0.019531
0 0.505208 0.459961 0.075521 0.019531
0 0.388021 0.489258 0.442708 0.029297
0 0.373698 0.516602 0.041667 0.015625
0 0.507812 0.512695 0.078125 0.025391
0 0.653646 0.506836 0.083333 0.027344
0 0.378906 0.543945 0.440104 0.029297
0 0.632812 0.538086 0.033854 0.019531
0 0.372396 0.571289 0.044271 0.015625
0 0.516927 0.566406 0.065104 0.023438
0 0.666667 0.562500 0.067708 0.023438
0 0.197917 0.610352 0.098958 0.025391
0 0.233073 0.659180 0.174479 0.025391
0 0.444010 0.658203 0.054688 0.023438
0 0.197917 0.707031 0.093750 0.023438
0 0.347005 0.704102 0.170573 0.029297
0 0.171875 0.739258 0.041667 0.029297
0 0.342448 0.735352 0.127604 0.025391
0 0.212240 0.766602 0.127604 0.025391
0 0.238281 0.829102 0.184896 0.025391
0 0.282552 0.853516 0.263021 0.027344
0 0.679036 0.843262 0.084635 0.026367
0 0.486328 0.880859 0.462240 0.035156
0 0.216146 0.887695 0.080729 0.019531
0 0.254557 0.418457 0.066160 0.028041
0 0.233724 0.736816 0.099193 0.036958
