0 0.330729 0.233398 0.185764 0.031250
0 0.622396 0.196777 0.213542 0.018555
0 0.616319 0.217773 0.263889 0.021484
0 0.622396 0.238281 0.227431 0.019531
0 0.407986 0.310547 0.354167 0.021484
0 0.371528 0.459473 0.309028 0.030273
0 0.757812 0.467285 0.109375 0.022461
0 0.406250 0.312500 0.354167 0.023438
0 0.288194 0.330078 0.114583 0.017578
0 0.262153 0.404297 0.076389 0.017578
0 0.220486 0.633789 0.048611 0.015625
0 0.277778 0.695312 0.059028 0.013672
0 0.290799 0.922363 0.453125 0.030273
0 0.112847 0.947266 0.086806 0.023438
0 0.330729 0.946289 0.185764 0.025391
0 0.196181 0.946289 0.096727 0.032862
