0 0.442057 0.135254 0.248698 0.038086
0 0.438802 0.163574 0.309896 0.036133
0 0.636068 0.891113 0.282552 0.040039
0 0.141276 0.815430 0.136719 0.033203
0 0.723307 0.800293 0.110677 0.026367
0 0.443359 0.135254 0.253906 0.041992
0 0.444661 0.236328 0.347656 0.050781
0 0.166667 0.254883 0.057292 0.025391
0 0.320312 0.261719 0.041667 0.023438
0 0.394531 0.264648 0.057292 0.019531
0 0.510417 0.270508 0.104167 0.029297
0 0.623047 0.274414 0.084635 0.027344
0 0.294271 0.289062 0.341146 0.037109
0 0.687500 0.277344 0.052083 0.023438
0 0.483073 0.296875 0.039062 0.023438
0 0.147135 0.310547 0.049479 0.023438
0 0.264323 0.315430 0.044271 0.025391
0 0.541667 0.326172 0.067708 0.023438
0 0.175781 0.338867 0.117188 0.025391
0 0.539062 0.352539 0.072917 0.025391
0 0.541667 0.415039 0.072917 0.025391
0 0.699219 0.417969 0.085938 0.023438
0 0.372396 0.473633 0.054688 0.019531
0 0.339844 0.509277 0.471354 0.032227
0 0.372396 0.540039 0.039062 0.019531
0 0.545573 0.542969 0.075521 0.027344
0 0.304688 0.578125 0.411458 0.027344
0 0.368490 0.610352 0.057292 0.019531
0 0.540365 0.611328 0.091146 0.027344
0 0.334635 0.650391 0.481771 0.031250
0 0.368490 0.681641 0.059896 0.023438
0 0.542969 0.681641 0.096354 0.027344
0 0.720052 0.679688 0.091146 0.027344
0 0.138672 0.735352 0.136719 0.041016
0 0.309896 0.735352 0.041667 0.025391
0 0.195312 0.769531 0.083333 0.031250
0 0.141927 0.816406 0.145833 0.037109
0 0.187500 0.849609 0.236979 0.037109
0 0.455729 0.846680 0.067708 0.029297
0 0.426432 0.971191 0.524740 0.053711
0 0.141276 0.173828 0.053131 0.023025
0 0.229167 0.258789 0.083084 0.036843
0 0.207682 0.311523 0.079116 0.032862
0 0.115234 0.768555 0.091713 0.042684
