0 0.621582 0.465227 0.293945 0.021230
0 0.572754 0.170205 0.153320 0.027086
0 0.566406 0.190337 0.273438 0.023426
0 0.557617 0.236457 0.439453 0.023426
0 0.554199 0.267570 0.436523 0.049048
0 0.563477 0.301977 0.296875 0.021230
0 0.558594 0.322474 0.355469 0.022694
0 0.467773 0.628843 0.255859 0.023426
0 0.562012 0.172767 0.135742 0.021962
0 0.562500 0.193997 0.261719 0.021962
0 0.561523 0.215227 0.283203 0.020498
0 0.503906 0.234993 0.039062 0.019034
0 0.661133 0.236091 0.208984 0.022694
0 0.455078 0.258419 0.218750 0.021962
0 0.662598 0.256589 0.184570 0.021230
0 0.676758 0.278184 0.044922 0.017570
0 0.735352 0.278184 0.060547 0.017570
0 0.540039 0.300146 0.236328 0.020498
0 0.423828 0.321376 0.070312 0.019034
0 0.444336 0.363836 0.087891 0.019034
0 0.570312 0.404832 0.085938 0.019034
0 0.674316 0.404832 0.088867 0.023426
0 0.383789 0.467057 0.091797 0.021962
0 0.569336 0.467789 0.169922 0.021962
0 0.435547 0.525988 0.191406 0.022694
0 0.661133 0.527452 0.177734 0.024158
0 0.553711 0.546120 0.099609 0.020498
0 0.672852 0.547584 0.029297 0.020498
0 0.708984 0.590044 0.101562 0.023426
0 0.465820 0.628111 0.251953 0.023426
0 0.708984 0.630307 0.101562 0.021962
0 0.365234 0.709370 0.046875 0.019034
0 0.708008 0.713031 0.103516 0.023426
0 0.711914 0.733529 0.091797 0.023426
0 0.390625 0.768668 0.058594 0.017570
0 0.399414 0.786969 0.076172 0.019034
0 0.434570 0.806735 0.146484 0.020498
0 0.386719 0.827233 0.046875 0.017570
0 0.452148 0.824305 0.076172 0.017570
0 0.644531 0.898243 0.027344 0.019034
0 0.638672 0.919473 0.123047 0.030747
0 0.359863 0.236091 0.055363 0.025382
0 0.595703 0.322840 0.064255 0.026129
0 0.480469 0.323206 0.044549 0.023885
0 0.667480 0.426061 0.061403 0.021767
0 0.553223 0.526354 0.039682 0.020273
0 0.501465 0.647511 0.063248 0.025382
0 0.561035 0.647877 0.063272 0.026129
0 0.415039 0.648609 0.052398 0.023133
0 0.408691 0.707540 0.039104 0.020954
0 0.520020 0.825403 0.063296 0.026874
0 0.569824 0.827599 0.043457 0.022380
0 0.614746 0.830893 0.051408 0.023133
0 0.597168 0.892387 0.065238 0.026129
0 0.681152 0.901537 0.045498 0.023885
