0 0.529297 0.078697 0.244141 0.047584
0 0.510742 0.157760 0.402344 0.116398
0 0.554199 0.331991 0.268555 0.035871
0 0.463379 0.462299 0.405273 0.056369
0 0.470703 0.119327 0.035156 0.019034
0 0.637695 0.111274 0.037109 0.017570
0 0.424805 0.133968 0.044922 0.019034
0 0.700195 0.135432 0.023438 0.011713
0 0.339844 0.146413 0.054688 0.020498
0 0.422852 0.152269 0.025391 0.017570
0 0.403320 0.169107 0.033203 0.019034
0 0.476562 0.174231 0.027344 0.017570
0 0.664551 0.169107 0.086914 0.021962
0 0.386719 0.185944 0.066406 0.020498
0 0.400391 0.206076 0.066406 0.021230
0 0.624023 0.202782 0.091797 0.021962
0 0.383301 0.223280 0.055664 0.021962
0 0.607910 0.277818 0.088867 0.027086
0 0.353516 0.317716 0.027344 0.017570
0 0.354980 0.337482 0.057617 0.021962
0 0.417969 0.421669 0.027344 0.017570
0 0.623047 0.417277 0.097656 0.023426
0 0.368164 0.477306 0.023438 0.013177
0 0.638672 0.557833 0.027344 0.017570
0 0.356445 0.574671 0.037109 0.019034
0 0.252930 0.669839 0.029297 0.019034
0 0.304688 0.694729 0.039062 0.019034
0 0.552734 0.803807 0.111328 0.027818
0 0.502441 0.066984 0.071109 0.026874
0 0.490723 0.084187 0.051608 0.021767
0 0.563965 0.088580 0.037693 0.020273
0 0.342285 0.110542 0.055575 0.029104
0 0.542969 0.125183 0.052559 0.026129
0 0.596191 0.127013 0.061331 0.023885
0 0.342285 0.128111 0.039682 0.020273
0 0.500977 0.139458 0.048636 0.021020
0 0.387207 0.149707 0.041457 0.022380
0 0.498535 0.159224 0.051445 0.023885
0 0.541504 0.159956 0.041457 0.022380
0 0.441895 0.171669 0.041457 0.022380
0 0.509277 0.175695 0.039450 0.021624
0 0.545410 0.198389 0.061417 0.027619
0 0.423340 0.225476 0.039450 0.021624
0 0.409668 0.342240 0.053454 0.023885
0 0.522461 0.352489 0.062313 0.026874
0 0.282715 0.450586 0.055455 0.028362
0 0.416504 0.460102 0.063339 0.025382
0 0.475098 0.465227 0.059364 0.023885
0 0.328125 0.474012 0.054499 0.028362
0 0.412598 0.481332 0.063339 0.026874
0 0.469727 0.485359 0.062415 0.027619
0 0.455566 0.523792 0.059512 0.025481
0 0.268555 0.527086 0.052361 0.024634
0 0.261719 0.566618 0.052361 0.024634
0 0.311035 0.571010 0.051445 0.024634
0 0.562500 0.592606 0.052468 0.026874
0 0.292480 0.673865 0.053485 0.025382
0 0.354004 0.701318 0.061305 0.024634
0 0.255371 0.710469 0.053315 0.025382
0 0.336914 0.720351 0.054409 0.026129
0 0.393066 0.725110 0.065337 0.029846
0 0.443359 0.728770 0.044549 0.023885
0 0.488770 0.733163 0.051408 0.023885
0 0.236328 0.771962 0.054526 0.026874
0 0.291016 0.778551 0.066331 0.031327
0 0.412109 0.790630 0.046716 0.027619
0 0.464355 0.794290 0.065238 0.026129
0 0.261230 0.796120 0.057449 0.028362
0 0.307129 0.799048 0.043555 0.023885
0 0.460938 0.814788 0.046534 0.024634
0 0.239258 0.833821 0.044503 0.024634
0 0.333008 0.843338 0.150384 0.037967
0 0.435059 0.853953 0.065215 0.026874
0 0.497070 0.861640 0.066149 0.029104
