0 0.342014 0.271973 0.166667 0.024414
0 0.596354 0.224609 0.279514 0.027344
0 0.597222 0.242188 0.260417 0.025391
0 0.598090 0.260254 0.227431 0.022461
0 0.419271 0.334961 0.317708 0.023438
0 0.410590 0.469238 0.272569 0.020508
0 0.771701 0.457031 0.074653 0.015625
0 0.342014 0.272461 0.170139 0.029297
0 0.421875 0.335938 0.315972 0.027344
0 0.348958 0.355469 0.041667 0.013672
0 0.565972 0.415039 0.045139 0.015625
0 0.351562 0.421875 0.171875 0.023438
0 0.784722 0.459961 0.045139 0.015625
0 0.774306 0.477539 0.045139 0.015625
0 0.788194 0.493164 0.045139 0.015625
0 0.772569 0.510742 0.083333 0.015625
0 0.805556 0.617188 0.045139 0.013672
0 0.585938 0.677246 0.369792 0.028320
0 0.340278 0.684570 0.114583 0.019531
0 0.290799 0.922363 0.453125 0.030273
0 0.110243 0.945801 0.095486 0.028320
0 0.330729 0.946289 0.185764 0.025391
0 0.446181 0.403320 0.058011 0.016569
0 0.776910 0.407715 0.051546 0.021043
0 0.677951 0.547363 0.075415 0.022436
0 0.196181 0.946289 0.096727 0.032862
