0 0.338983 0.116211 0.347458 0.013672
0 0.262712 0.265625 0.216102 0.013672
0 0.653602 0.269531 0.137712 0.013672
0 0.233051 0.253906 0.156780 0.013672
0 0.188559 0.371094 0.076271 0.013672
0 0.673729 0.373047 0.105932 0.013672
0 0.661017 0.404297 0.131356 0.013672
0 0.294492 0.431641 0.076271 0.013672
0 0.675847 0.447266 0.101695 0.013672
0 0.245763 0.458984 0.063559 0.013672
0 0.154661 0.548828 0.050847 0.013672
0 0.273305 0.548828 0.050847 0.013672
0 0.633475 0.550781 0.093220 0.013672
0 0.184322 0.565430 0.110169 0.015625
0 0.273305 0.564453 0.050847 0.013672
0 0.684322 0.566406 0.110169 0.013672
0 0.686441 0.583008 0.105932 0.015625
0 0.256356 0.597656 0.050847 0.013672
0 0.173729 0.614258 0.097458 0.015625
0 0.688559 0.616211 0.110169 0.015625
0 0.239407 0.648438 0.050847 0.013672
0 0.239407 0.664062 0.050847 0.013672
0 0.177966 0.698242 0.114407 0.015625
0 0.177966 0.715820 0.114407 0.015625
0 0.667373 0.793945 0.152542 0.019531
0 0.673729 0.818359 0.144068 0.027344
0 0.165254 0.857422 0.097458 0.013672
0 0.166314 0.873047 0.125000 0.023438
0 0.300847 0.911133 0.241525 0.019531
0 0.172669 0.457031 0.069711 0.017281
