0 0.345703 0.172363 0.152344 0.032227
0 0.563151 0.123047 0.175781 0.025391
0 0.563802 0.147949 0.229167 0.024414
0 0.564453 0.168945 0.178385 0.017578
0 0.402344 0.249023 0.270833 0.021484
0 0.388672 0.544922 0.227865 0.017578
0 0.691406 0.543945 0.083333 0.015625
0 0.312500 0.270508 0.091146 0.019531
0 0.649740 0.264648 0.145833 0.019531
0 0.313802 0.309570 0.093750 0.019531
0 0.500000 0.308594 0.083333 0.023438
0 0.319010 0.331055 0.104167 0.019531
0 0.597656 0.328125 0.036458 0.017578
0 0.501302 0.348633 0.078125 0.015625
0 0.684896 0.345703 0.080729 0.017578
0 0.342448 0.389648 0.145833 0.019531
0 0.509115 0.388672 0.067708 0.017578
0 0.688802 0.383789 0.072917 0.019531
0 0.309896 0.409180 0.080729 0.019531
0 0.444010 0.409180 0.088542 0.019531
0 0.342448 0.428711 0.145833 0.019531
0 0.507812 0.427734 0.070312 0.017578
0 0.417969 0.449219 0.036458 0.013672
0 0.466146 0.448242 0.049479 0.019531
0 0.343750 0.468750 0.143229 0.017578
0 0.510417 0.467773 0.065104 0.015625
0 0.343750 0.508789 0.148438 0.019531
0 0.690104 0.542969 0.085938 0.017578
0 0.692708 0.604492 0.085938 0.019531
0 0.699219 0.625977 0.072917 0.019531
0 0.397135 0.647461 0.085938 0.025391
0 0.464844 0.649414 0.036458 0.015625
0 0.369141 0.688477 0.191406 0.025391
0 0.645833 0.688477 0.179688 0.019531
0 0.643229 0.729492 0.195312 0.019531
0 0.484375 0.878906 0.229167 0.023438
0 0.649740 0.881836 0.083333 0.015625
0 0.716146 0.880859 0.039062 0.013672
