0 0.333333 0.222656 0.179688 0.039062
0 0.603516 0.175293 0.321615 0.026367
0 0.602214 0.204102 0.240885 0.023438
0 0.604818 0.231445 0.225260 0.023438
0 0.408203 0.324707 0.332031 0.036133
0 0.378906 0.487793 0.278646 0.024414
0 0.742839 0.494629 0.084635 0.022461
0 0.295573 0.344727 0.111979 0.025391
0 0.700521 0.351562 0.177083 0.023438
0 0.514323 0.398438 0.085938 0.023438
0 0.614583 0.399414 0.028646 0.019531
0 0.326172 0.441406 0.180990 0.027344
0 0.524740 0.445312 0.085938 0.023438
0 0.742188 0.495117 0.085938 0.019531
0 0.742188 0.542969 0.088542 0.023438
0 0.252604 0.709961 0.044271 0.019531
0 0.747396 0.789062 0.044271 0.017578
0 0.733724 0.181152 0.055276 0.031862
