0 0.322917 0.228027 0.158854 0.036133
0 0.563151 0.179688 0.170573 0.019531
0 0.563802 0.206055 0.218750 0.021484
0 0.563802 0.229492 0.184896 0.021484
0 0.392578 0.314941 0.295573 0.020508
0 0.371094 0.463379 0.252604 0.018555
0 0.703776 0.463379 0.076823 0.014648
0 0.391927 0.316406 0.299479 0.023438
0 0.292969 0.336914 0.098958 0.019531
0 0.294922 0.379883 0.105469 0.025391
0 0.493490 0.379883 0.072917 0.019531
0 0.690104 0.375488 0.083333 0.028320
0 0.322266 0.422852 0.160156 0.019531
0 0.704427 0.463867 0.078125 0.019531
0 0.342448 0.486328 0.200521 0.023438
0 0.307292 0.530273 0.104167 0.025391
0 0.705729 0.528320 0.080729 0.019531
0 0.714844 0.549805 0.062500 0.019531
0 0.494792 0.572754 0.312500 0.026367
0 0.347656 0.620117 0.210938 0.025391
0 0.651042 0.616211 0.195312 0.019531
0 0.263021 0.642578 0.046875 0.023438
0 0.645833 0.661133 0.210938 0.019531
0 0.263021 0.756836 0.039062 0.019531
0 0.337240 0.755859 0.091146 0.023438
