0 0.465042 0.187500 0.201271 0.021484
0 0.470339 0.211426 0.703390 0.024414
0 0.486229 0.236328 0.578390 0.021484
0 0.490466 0.336914 0.336864 0.013672
0 0.508475 0.553223 0.266949 0.018555
0 0.812500 0.547363 0.120763 0.014648
0 0.360169 0.215820 0.305085 0.025391
0 0.671610 0.209961 0.266949 0.029297
0 0.617585 0.234375 0.256356 0.027344
0 0.319915 0.261719 0.072034 0.023438
0 0.478814 0.293945 0.372881 0.025391
0 0.542373 0.315430 0.063559 0.015625
0 0.402542 0.336914 0.046610 0.015625
0 0.483051 0.336914 0.080508 0.015625
0 0.563559 0.334961 0.046610 0.019531
0 0.206568 0.367188 0.184322 0.023438
0 0.269068 0.485352 0.305085 0.019531
0 0.504237 0.552734 0.262712 0.023438
0 0.807203 0.545898 0.110169 0.019531
0 0.540254 0.575195 0.199153 0.025391
0 0.542373 0.602539 0.194915 0.025391
0 0.815678 0.598633 0.110169 0.019531
0 0.521186 0.756836 0.389831 0.025391
0 0.274364 0.936035 0.451271 0.026367
