0 0.352865 0.180664 0.156250 0.039062
0 0.584635 0.138672 0.247396 0.027344
0 0.585938 0.164062 0.221354 0.019531
0 0.585286 0.187500 0.233073 0.021484
0 0.414714 0.265625 0.287760 0.029297
0 0.389974 0.490723 0.246094 0.030273
0 0.701823 0.496094 0.088542 0.021484
0 0.317708 0.285156 0.098958 0.023438
0 0.671875 0.289062 0.156250 0.023438
0 0.317057 0.327148 0.102865 0.025391
0 0.506510 0.332031 0.075521 0.023438
0 0.699219 0.330078 0.075521 0.023438
0 0.421875 0.349609 0.312500 0.027344
0 0.343750 0.368164 0.156250 0.025391
0 0.703125 0.372070 0.085938 0.019531
0 0.342448 0.389648 0.153646 0.025391
0 0.463542 0.392578 0.028646 0.017578
0 0.571615 0.393555 0.140625 0.019531
0 0.340495 0.409180 0.157552 0.027344
0 0.589844 0.435547 0.221354 0.023438
0 0.340495 0.451660 0.157552 0.026367
0 0.516927 0.457031 0.072917 0.017578
0 0.472656 0.495117 0.067708 0.019531
0 0.701823 0.499023 0.088542 0.019531
0 0.701823 0.541016 0.091146 0.023438
0 0.701823 0.561523 0.088542 0.019531
0 0.714844 0.583984 0.062500 0.017578
0 0.703125 0.605469 0.088542 0.023438
0 0.500000 0.623047 0.302083 0.027344
0 0.356771 0.665039 0.203125 0.025391
0 0.650391 0.669434 0.194010 0.028320
0 0.274740 0.686523 0.041667 0.019531
0 0.391927 0.686523 0.177083 0.019531
0 0.721354 0.693359 0.028646 0.017578
0 0.333333 0.708984 0.161458 0.023438
0 0.642578 0.712402 0.204427 0.028320
0 0.625000 0.780273 0.054688 0.019531
0 0.561849 0.777832 0.071453 0.028041
