0 0.366102 0.389062 0.545763 0.023438
0 0.400847 0.410547 0.622034 0.038281
0 0.565254 0.473438 0.486441 0.035937
0 0.244068 0.565234 0.305085 0.024219
0 0.708475 0.556250 0.227119 0.026562
0 0.365254 0.387109 0.544068 0.033594
0 0.527119 0.408594 0.193220 0.020313
0 0.671186 0.403125 0.061017 0.018750
0 0.251695 0.436719 0.283051 0.023438
0 0.745763 0.444531 0.094915 0.020313
0 0.472881 0.451953 0.461017 0.032031
0 0.246610 0.542188 0.303390 0.025000
0 0.289831 0.937109 0.450847 0.025781
0 0.244068 0.956250 0.352542 0.021875
