0 0.485026 0.481934 0.290365 0.036133
0 0.486979 0.516602 0.356771 0.031250
0 0.691406 0.846680 0.276042 0.027344
0 0.233724 0.794434 0.165365 0.028320
0 0.796224 0.775391 0.092448 0.027344
0 0.487630 0.481934 0.287760 0.036133
0 0.485677 0.518555 0.359375 0.035156
0 0.157552 0.561523 0.036458 0.019531
0 0.498698 0.608398 0.403646 0.048828
0 0.354167 0.651367 0.046875 0.025391
0 0.438802 0.648438 0.065104 0.027344
0 0.550781 0.644531 0.065104 0.027344
0 0.223307 0.657227 0.147135 0.037109
0 0.408854 0.685547 0.531250 0.046875
0 0.421875 0.715820 0.059896 0.019531
0 0.601562 0.711914 0.098958 0.025391
0 0.792318 0.705078 0.102865 0.031250
0 0.208333 0.764648 0.125000 0.029297
0 0.795573 0.773438 0.096354 0.027344
0 0.226562 0.793945 0.145833 0.029297
0 0.795573 0.804688 0.096354 0.027344
0 0.264323 0.818359 0.210938 0.027344
0 0.523438 0.813477 0.065104 0.019531
0 0.243490 0.859375 0.096354 0.023438
0 0.514323 0.880859 0.190104 0.027344
0 0.610677 0.645020 0.063534 0.038382
