0 0.512370 0.313965 0.178385 0.016602
0 0.513021 0.338867 0.223958 0.015625
0 0.643229 0.830566 0.190104 0.016602
0 0.333984 0.621094 0.089844 0.017578
0 0.705729 0.621094 0.065104 0.017578
0 0.511719 0.315430 0.182292 0.019531
0 0.348958 0.417480 0.085938 0.018555
0 0.479167 0.416992 0.039062 0.015625
0 0.582031 0.417969 0.031250 0.017578
0 0.580729 0.458008 0.049479 0.015625
0 0.335938 0.477539 0.075521 0.015625
0 0.580729 0.478516 0.049479 0.017578
0 0.458333 0.501953 0.320312 0.017578
0 0.578125 0.522461 0.059896 0.015625
0 0.333333 0.543945 0.075521 0.015625
0 0.466146 0.542969 0.039062 0.013672
0 0.577474 0.542480 0.061198 0.020508
0 0.699219 0.541992 0.062500 0.015625
0 0.326823 0.571289 0.078125 0.019531
0 0.333333 0.590820 0.104167 0.025391
0 0.703125 0.589844 0.065104 0.017578
0 0.704427 0.620117 0.067708 0.019531
0 0.355469 0.639648 0.140625 0.019531
0 0.527344 0.643555 0.041667 0.015625
0 0.705729 0.643555 0.065104 0.019531
0 0.326823 0.678711 0.072917 0.019531
0 0.447917 0.678711 0.138021 0.019531
0 0.399740 0.702148 0.218750 0.019531
0 0.339844 0.725586 0.104167 0.019531
0 0.714844 0.750977 0.052083 0.019531
0 0.393229 0.795898 0.208333 0.025391
0 0.708333 0.797852 0.065104 0.019531
0 0.520833 0.852539 0.127604 0.019531
0 0.510417 0.870117 0.320312 0.019531
0 0.546224 0.416504 0.042865 0.018285
0 0.314453 0.774414 0.060942 0.027043
