0 0.309570 0.538411 0.025391 0.069010
0 0.336426 0.533203 0.034180 0.558594
0 0.364746 0.537109 0.022461 0.201823
0 0.514160 0.723307 0.024414 0.222656
0 0.689941 0.709635 0.038086 0.252604
0 0.685547 0.300781 0.037109 0.127604
0 0.763672 0.292969 0.023438 0.122396
0 0.877930 0.358073 0.019531 0.062500
0 0.274414 0.412760 0.025391 0.070312
0 0.816406 0.436198 0.017578 0.046875
0 0.384277 0.492839 0.026367 0.139323
0 0.876953 0.467448 0.027344 0.072917
0 0.587891 0.576823 0.017578 0.031250
0 0.511719 0.596354 0.013672 0.028646
0 0.279297 0.694010 0.031250 0.054688
0 0.484375 0.698568 0.017578 0.058594
0 0.512695 0.716146 0.015625 0.101562
0 0.544922 0.688802 0.017578 0.083333
0 0.639648 0.687500 0.019531 0.106771
0 0.689453 0.701823 0.023438 0.091146
0 0.545898 0.787760 0.015625 0.098958
