0 0.285590 0.199707 0.230903 0.041992
0 0.631944 0.157227 0.364583 0.021484
0 0.632812 0.182617 0.303819 0.019531
0 0.639757 0.209473 0.307292 0.022461
0 0.392361 0.297852 0.437500 0.025391
0 0.372396 0.461914 0.394097 0.023438
0 0.858507 0.461914 0.126736 0.017578
0 0.290799 0.200684 0.248264 0.051758
0 0.246528 0.320312 0.145833 0.027344
0 0.250868 0.369141 0.154514 0.027344
0 0.546875 0.372070 0.114583 0.025391
0 0.682292 0.370117 0.041667 0.019531
0 0.550347 0.394531 0.041667 0.017578
0 0.295139 0.417969 0.243056 0.023438
0 0.559028 0.417969 0.131944 0.023438
0 0.850694 0.414062 0.131944 0.023438
0 0.312500 0.514648 0.263889 0.029297
0 0.864583 0.508789 0.131944 0.025391
0 0.277778 0.540039 0.159722 0.029297
0 0.890625 0.556641 0.093750 0.023438
0 0.262153 0.777344 0.149306 0.027344
0 0.653646 0.767090 0.598958 0.041992
0 0.290799 0.922363 0.453125 0.030273
0 0.110243 0.946289 0.095486 0.027344
0 0.328993 0.946289 0.182292 0.025391
0 0.830729 0.533691 0.069518 0.027952
0 0.448785 0.743164 0.069088 0.029017
