0 0.473958 0.066406 0.173611 0.023438
0 0.460938 0.094727 0.657986 0.035156
0 0.475694 0.120117 0.527778 0.031250
0 0.474826 0.235352 0.317708 0.021484
0 0.516493 0.611816 0.182292 0.024414
0 0.797743 0.610352 0.102431 0.021484
0 0.671007 0.087891 0.262153 0.037109
0 0.615451 0.115234 0.248264 0.031250
0 0.335069 0.235352 0.041667 0.019531
0 0.394097 0.235352 0.041667 0.019531
0 0.472222 0.235352 0.079861 0.019531
0 0.614583 0.231445 0.045139 0.019531
0 0.161458 0.268555 0.097222 0.019531
0 0.170139 0.375977 0.131944 0.025391
0 0.546875 0.375000 0.041667 0.017578
0 0.201389 0.404297 0.194444 0.027344
0 0.779514 0.431641 0.114583 0.023438
0 0.237847 0.463867 0.274306 0.025391
0 0.430556 0.546875 0.166667 0.027344
0 0.516493 0.576172 0.196181 0.027344
0 0.516493 0.610840 0.199653 0.030273
0 0.796875 0.610352 0.114583 0.025391
0 0.798611 0.642578 0.118056 0.023438
0 0.477431 0.794922 0.399306 0.027344
0 0.289062 0.922363 0.449653 0.030273
0 0.110243 0.946289 0.095486 0.027344
0 0.330729 0.945312 0.185764 0.027344
0 0.247396 0.270020 0.091671 0.028041
0 0.330729 0.403320 0.077702 0.025040
0 0.559896 0.546875 0.109032 0.030859
0 0.196181 0.946289 0.096727 0.032862
