0 0.563965 0.327233 0.452148 0.045388
0 0.598633 0.495242 0.093750 0.028551
0 0.854980 0.498536 0.172852 0.029283
0 0.241699 0.522328 0.131836 0.041728
0 0.378418 0.524158 0.084961 0.032211
0 0.604492 0.532943 0.115234 0.036603
0 0.891602 0.540264 0.095703 0.035139
0 0.308105 0.720717 0.311523 0.044656
0 0.854492 0.741581 0.144531 0.038067
0 0.564453 0.261347 0.583984 0.089312
0 0.417480 0.329795 0.155273 0.038799
0 0.686035 0.337116 0.190430 0.035871
0 0.557617 0.363470 0.283203 0.037335
0 0.556152 0.408126 0.393555 0.057833
0 0.362305 0.456808 0.058594 0.030747
0 0.428711 0.461933 0.046875 0.026354
0 0.633301 0.464129 0.163086 0.032211
0 0.925781 0.467789 0.023438 0.019034
0 0.235352 0.485359 0.113281 0.029283
0 0.599609 0.497804 0.097656 0.035139
0 0.855469 0.502196 0.166016 0.027818
0 0.243164 0.521962 0.132812 0.029283
0 0.374023 0.526354 0.082031 0.026354
0 0.603516 0.532943 0.107422 0.027818
0 0.893555 0.539531 0.089844 0.026354
0 0.299805 0.562225 0.251953 0.039531
0 0.370117 0.605417 0.125000 0.029283
0 0.566406 0.611274 0.041016 0.026354
0 0.706055 0.614934 0.082031 0.027818
0 0.186523 0.644217 0.011719 0.016105
0 0.284668 0.645315 0.147461 0.030015
0 0.563477 0.654466 0.066406 0.027818
0 0.882812 0.665447 0.107422 0.029283
0 0.303711 0.724744 0.302734 0.038067
0 0.856934 0.744510 0.135742 0.036603
0 0.218750 0.800146 0.142578 0.026354
0 0.210938 0.830161 0.130859 0.027818
0 0.295898 0.912884 0.195312 0.032211
0 0.294922 0.977306 0.158203 0.026354
0 0.482422 0.981698 0.169922 0.035139
0 0.544434 0.334919 0.110214 0.037183
