0 0.522786 0.280762 0.259115 0.022461
0 0.521484 0.316406 0.321615 0.023438
0 0.714844 0.859863 0.283854 0.026367
0 0.263672 0.733398 0.141927 0.023438
0 0.811198 0.732910 0.098958 0.024414
0 0.523438 0.282227 0.260417 0.025391
0 0.217448 0.347656 0.054688 0.023438
0 0.246094 0.429688 0.054688 0.023438
0 0.398438 0.431641 0.041667 0.023438
0 0.472005 0.430176 0.063802 0.026367
0 0.593750 0.431641 0.104167 0.027344
0 0.744792 0.425781 0.145833 0.027344
0 0.403646 0.461914 0.395833 0.025391
0 0.229167 0.490234 0.052083 0.023438
0 0.343750 0.491211 0.046875 0.025391
0 0.259115 0.521484 0.111979 0.023438
0 0.453125 0.520508 0.054688 0.019531
0 0.622396 0.521484 0.078125 0.027344
0 0.792969 0.519531 0.096354 0.027344
0 0.412760 0.558594 0.419271 0.027344
0 0.798177 0.586914 0.096354 0.025391
0 0.627604 0.657227 0.078125 0.025391
0 0.802083 0.657227 0.098958 0.025391
0 0.244792 0.701172 0.119792 0.031250
0 0.397135 0.703125 0.039062 0.023438
0 0.248698 0.776367 0.135417 0.035156
0 0.815104 0.777344 0.098958 0.027344
0 0.289062 0.806641 0.208333 0.027344
0 0.542969 0.811523 0.065104 0.025391
0 0.815104 0.812500 0.098958 0.027344
0 0.533854 0.860352 0.648438 0.039062
0 0.513021 0.925781 0.479167 0.031250
0 0.307943 0.431152 0.084395 0.035850
0 0.623698 0.489746 0.079661 0.031133
0 0.288411 0.491211 0.073773 0.032862
0 0.178385 0.979492 0.070815 0.066300
