0 0.520020 0.313553 0.340820 0.032234
0 0.518555 0.348718 0.708984 0.042491
0 0.758789 0.517949 0.236328 0.035165
0 0.250977 0.752747 0.267578 0.044689
0 0.820312 0.765201 0.150391 0.032967
0 0.519531 0.314286 0.345703 0.032234
0 0.230469 0.343590 0.126953 0.029304
0 0.517090 0.384249 0.350586 0.030037
0 0.163086 0.604396 0.046875 0.026374
0 0.797363 0.615385 0.174805 0.035165
0 0.483887 0.701832 0.145508 0.036630
0 0.815430 0.709158 0.146484 0.035165
0 0.205078 0.752381 0.177734 0.045421
0 0.815918 0.766300 0.149414 0.039560
0 0.403320 0.828205 0.298828 0.041758
0 0.333008 0.348718 0.085747 0.033507
0 0.521484 0.612088 0.059824 0.038033
0 0.337891 0.756044 0.104867 0.049680
0 0.588867 0.835165 0.081440 0.040858
