0 0.404297 0.338867 0.131510 0.029297
0 0.591146 0.285645 0.135417 0.026367
0 0.593099 0.304688 0.212240 0.031250
0 0.591797 0.325684 0.165365 0.028320
0 0.460286 0.400879 0.240885 0.028320
0 0.449219 0.537109 0.210938 0.025391
0 0.710938 0.527832 0.091146 0.022461
0 0.402344 0.339844 0.127604 0.027344
0 0.500651 0.401367 0.154948 0.025391
0 0.679688 0.389648 0.106771 0.025391
0 0.363281 0.408203 0.041667 0.013672
0 0.408854 0.406250 0.039062 0.013672
0 0.381510 0.423828 0.078125 0.017578
0 0.568359 0.430176 0.079427 0.020508
0 0.544271 0.465820 0.059896 0.015625
0 0.532552 0.501953 0.031250 0.013672
0 0.570312 0.500000 0.033854 0.013672
0 0.408203 0.506836 0.131510 0.025391
0 0.460938 0.609375 0.078125 0.023438
0 0.520833 0.609375 0.033854 0.013672
0 0.458333 0.666016 0.088542 0.023438
0 0.695312 0.658203 0.151042 0.023438
0 0.469401 0.573730 0.036056 0.021175
