0 0.177119 0.412891 0.306780 0.039844
0 0.620339 0.361328 0.403390 0.025781
0 0.623729 0.389453 0.416949 0.025781
0 0.622881 0.417578 0.350847 0.022656
0 0.190678 0.487891 0.337288 0.024219
0 0.774576 0.488281 0.328814 0.025000
0 0.193220 0.490625 0.332203 0.025000
0 0.769492 0.490625 0.332203 0.025000
0 0.479661 0.514062 0.308475 0.021875
0 0.790678 0.538281 0.289831 0.023438
0 0.193220 0.563281 0.332203 0.023438
0 0.292373 0.936328 0.452542 0.024219
0 0.244068 0.956250 0.352542 0.021875
