0 0.317057 0.204590 0.191406 0.041992
0 0.604167 0.137695 0.281250 0.031250
0 0.610026 0.169922 0.287760 0.023438
0 0.604818 0.200195 0.233073 0.025391
0 0.401693 0.308105 0.358073 0.028320
0 0.379557 0.536621 0.295573 0.028320
0 0.755859 0.535156 0.110677 0.029297
0 0.691406 0.199219 0.049479 0.023438
0 0.394531 0.308594 0.351562 0.027344
0 0.718750 0.303711 0.145833 0.025391
0 0.713542 0.331055 0.187500 0.025391
0 0.513021 0.384766 0.088542 0.027344
0 0.622396 0.384766 0.036458 0.023438
0 0.750000 0.381836 0.093750 0.025391
0 0.316406 0.437500 0.184896 0.023438
0 0.345052 0.461914 0.236979 0.025391
0 0.764323 0.486328 0.091146 0.023438
0 0.763021 0.537109 0.093750 0.023438
0 0.764323 0.587891 0.096354 0.023438
0 0.764323 0.615234 0.091146 0.023438
0 0.316406 0.637695 0.169271 0.025391
0 0.259115 0.761719 0.044271 0.023438
0 0.490885 0.837891 0.273438 0.027344
0 0.717448 0.841797 0.158854 0.023438
0 0.638021 0.200684 0.075046 0.035850
0 0.784505 0.768066 0.055276 0.029854
