0 0.508301 0.170937 0.166992 0.030015
0 0.507812 0.196193 0.328125 0.030747
0 0.486816 0.249634 0.534180 0.040996
0 0.486328 0.276354 0.507812 0.035871
0 0.486816 0.301611 0.534180 0.035139
0 0.508301 0.331259 0.358398 0.031479
0 0.500000 0.355417 0.425781 0.038799
0 0.506836 0.532211 0.208984 0.023426
0 0.684082 0.533675 0.104492 0.021962
0 0.375000 0.728038 0.306641 0.028551
0 0.664062 0.726940 0.119141 0.024890
0 0.467773 0.170571 0.089844 0.029283
0 0.543945 0.197291 0.250000 0.031479
0 0.330078 0.246706 0.089844 0.027818
0 0.457031 0.250366 0.099609 0.030747
0 0.602539 0.253294 0.072266 0.023426
0 0.256836 0.270864 0.048828 0.023426
0 0.425293 0.276720 0.168945 0.030747
0 0.640137 0.280381 0.204102 0.029283
0 0.329102 0.301611 0.224609 0.035139
0 0.559570 0.306003 0.099609 0.023426
0 0.683594 0.307467 0.136719 0.023426
0 0.474609 0.328697 0.298828 0.032211
0 0.355469 0.355051 0.138672 0.032211
0 0.487305 0.357247 0.033203 0.023426
0 0.647461 0.360176 0.121094 0.027818
0 0.503418 0.383602 0.383789 0.036603
0 0.354980 0.405564 0.112305 0.027818
0 0.369141 0.456808 0.136719 0.023426
0 0.510254 0.458272 0.106445 0.026354
0 0.696289 0.489751 0.056641 0.021962
0 0.275391 0.533309 0.119141 0.028551
0 0.474609 0.606881 0.513672 0.030747
0 0.346680 0.630307 0.015625 0.017570
0 0.345703 0.680088 0.013672 0.017570
0 0.667969 0.680820 0.119141 0.027818
0 0.404297 0.727672 0.242188 0.023426
0 0.274414 0.821376 0.103516 0.020498
0 0.657227 0.816984 0.115234 0.023426
0 0.664062 0.839678 0.105469 0.021962
0 0.262695 0.887994 0.033203 0.019034
0 0.299805 0.887994 0.027344 0.014641
0 0.364258 0.926794 0.111328 0.020498
0 0.523926 0.950952 0.104492 0.026354
0 0.249512 0.245242 0.072885 0.034964
0 0.529785 0.252928 0.070877 0.034224
0 0.680176 0.255857 0.082780 0.035704
0 0.311035 0.273426 0.058973 0.032740
0 0.475586 0.304905 0.069923 0.034224
0 0.655273 0.334553 0.066174 0.030586
0 0.543457 0.360176 0.076798 0.031997
0 0.626465 0.487189 0.078797 0.031253
0 0.705078 0.657394 0.053920 0.031997
0 0.249512 0.730234 0.066880 0.031253
0 0.312012 0.752928 0.065111 0.028362
0 0.435059 0.949122 0.073072 0.028362
