0 0.393880 0.230469 0.235677 0.042969
0 0.393229 0.261230 0.291667 0.047852
0 0.616536 0.816895 0.274740 0.040039
0 0.183594 0.735352 0.148438 0.033203
0 0.695312 0.702637 0.119792 0.032227
0 0.391276 0.232910 0.238281 0.041992
0 0.281250 0.337891 0.072917 0.031250
0 0.430990 0.325195 0.072917 0.035156
0 0.636719 0.332031 0.054688 0.023438
0 0.444010 0.350586 0.052083 0.019531
0 0.186198 0.374023 0.111979 0.025391
0 0.287760 0.364258 0.036458 0.019531
0 0.548177 0.367188 0.101562 0.027344
0 0.361979 0.383789 0.125000 0.025391
0 0.484375 0.397461 0.083333 0.025391
0 0.505208 0.424316 0.200521 0.038086
0 0.355469 0.434570 0.111979 0.029297
0 0.653646 0.439453 0.088542 0.027344
0 0.241536 0.501953 0.123698 0.031250
0 0.664062 0.501953 0.088542 0.027344
0 0.475260 0.515625 0.044271 0.023438
0 0.691406 0.533203 0.039062 0.023438
0 0.673177 0.564453 0.091146 0.027344
0 0.486979 0.612305 0.226562 0.039062
0 0.164062 0.635742 0.109375 0.029297
0 0.335938 0.625000 0.083333 0.023438
0 0.685547 0.631348 0.095052 0.030273
0 0.489583 0.644531 0.046875 0.023438
0 0.669922 0.739746 0.063802 0.030273
0 0.208984 0.762695 0.196615 0.035156
0 0.439453 0.753906 0.066406 0.027344
0 0.652344 0.816406 0.203125 0.037109
0 0.272135 0.889648 0.098958 0.019531
0 0.385417 0.883789 0.117188 0.019531
0 0.513672 0.316406 0.101450 0.037867
0 0.355469 0.331543 0.079159 0.033232
0 0.572266 0.337402 0.085207 0.027993
0 0.489583 0.347168 0.054243 0.032683
0 0.352214 0.356934 0.056274 0.024523
0 0.457682 0.375488 0.075297 0.021995
0 0.211589 0.394531 0.186097 0.038183
0 0.206380 0.446289 0.190293 0.036645
0 0.488932 0.451660 0.092003 0.030803
0 0.324870 0.496582 0.049534 0.028165
0 0.149740 0.508789 0.077057 0.030164
0 0.595052 0.540527 0.135464 0.036205
0 0.503255 0.576172 0.093984 0.031752
0 0.723958 0.770996 0.061253 0.029761
