0 0.289931 0.130371 0.204861 0.034180
0 0.606771 0.086426 0.307292 0.024414
0 0.606771 0.110352 0.220486 0.017578
0 0.604167 0.132812 0.309028 0.023438
0 0.377604 0.217773 0.397569 0.023438
0 0.335938 0.578613 0.342014 0.026367
0 0.772569 0.584473 0.121528 0.022461
0 0.279514 0.322266 0.211806 0.023438
0 0.517361 0.325195 0.100694 0.019531
0 0.777778 0.327148 0.100694 0.019531
0 0.278646 0.364258 0.213542 0.025391
0 0.517361 0.368164 0.100694 0.019531
0 0.277778 0.408203 0.215278 0.023438
0 0.786458 0.413086 0.083333 0.019531
0 0.192708 0.428711 0.041667 0.019531
0 0.800347 0.433594 0.055556 0.017578
0 0.273438 0.472656 0.217014 0.025391
0 0.189236 0.494141 0.041667 0.017578
0 0.777778 0.499023 0.100694 0.019531
0 0.196181 0.515625 0.055556 0.017578
0 0.272569 0.537109 0.211806 0.023438
0 0.513889 0.540039 0.100694 0.019531
0 0.466146 0.581055 0.078125 0.025391
0 0.776042 0.584961 0.104167 0.019531
0 0.762153 0.606445 0.097222 0.019531
0 0.776042 0.628906 0.107639 0.023438
0 0.774306 0.651367 0.100694 0.019531
0 0.491319 0.692383 0.413194 0.025391
