0 0.360243 0.237305 0.161458 0.025391
0 0.608507 0.204102 0.227431 0.017578
0 0.607639 0.221680 0.236111 0.013672
0 0.605903 0.239258 0.197917 0.015625
0 0.428819 0.302734 0.305556 0.015625
0 0.401910 0.415039 0.269097 0.021484
0 0.738715 0.417480 0.102431 0.022461
0 0.361111 0.237305 0.166667 0.029297
0 0.305556 0.368164 0.065972 0.015625
0 0.353299 0.384277 0.164931 0.018555
0 0.557292 0.386719 0.041667 0.013672
0 0.425347 0.451172 0.041667 0.013672
0 0.762153 0.470703 0.041667 0.013672
0 0.407986 0.500000 0.090278 0.017578
0 0.621528 0.571289 0.225694 0.015625
0 0.763889 0.572266 0.045139 0.013672
0 0.753472 0.623047 0.045139 0.013672
0 0.289062 0.922363 0.449653 0.030273
0 0.110243 0.946289 0.095486 0.027344
0 0.330729 0.946289 0.185764 0.025391
