0 0.142578 0.510417 0.042969 0.523438
0 0.168457 0.511068 0.024414 0.063802
0 0.202637 0.509766 0.038086 0.555990
0 0.226562 0.509766 0.027344 0.214844
0 0.413574 0.624349 0.022461 0.365885
0 0.791016 0.665365 0.031250 0.263021
0 0.782227 0.255208 0.029297 0.161458
0 0.497070 0.355469 0.019531 0.041667
0 0.200195 0.449219 0.019531 0.041667
0 0.487305 0.447917 0.019531 0.039062
0 0.350586 0.487630 0.025391 0.144531
0 0.490234 0.540365 0.017578 0.031250
0 0.147461 0.666667 0.029297 0.052083
0 0.447266 0.656250 0.017578 0.085938
0 0.790039 0.662760 0.025391 0.096354
0 0.857422 0.665365 0.023438 0.080729
0 0.206055 0.712240 0.019531 0.052083
0 0.449219 0.757812 0.017578 0.101562
0 0.386719 0.792969 0.013672 0.031250
