0 0.386111 0.152344 0.166667 0.025000
0 0.643056 0.114062 0.252778 0.020313
0 0.643750 0.132422 0.170833 0.017969
0 0.644444 0.150781 0.255556 0.021875
0 0.456250 0.217188 0.315278 0.018750
0 0.438889 0.470703 0.280556 0.017969
0 0.797917 0.469531 0.093056 0.017188
0 0.540278 0.265625 0.033333 0.014063
0 0.547222 0.282031 0.244444 0.020313
0 0.383333 0.300000 0.169444 0.015625
0 0.579167 0.297656 0.083333 0.015625
0 0.383333 0.333594 0.169444 0.015625
0 0.794444 0.330469 0.086111 0.015625
0 0.383333 0.367188 0.172222 0.018750
0 0.579167 0.366406 0.083333 0.015625
0 0.797222 0.364844 0.086111 0.015625
0 0.383333 0.402344 0.175000 0.015625
0 0.581944 0.400781 0.083333 0.015625
0 0.491667 0.418750 0.388889 0.018750
0 0.384722 0.437500 0.175000 0.018750
0 0.581944 0.436719 0.083333 0.015625
0 0.795833 0.469531 0.100000 0.015625
0 0.798611 0.505469 0.100000 0.015625
0 0.363889 0.525000 0.111111 0.018750
0 0.800000 0.523438 0.100000 0.018750
0 0.377778 0.542969 0.166667 0.020313
0 0.570833 0.560156 0.347222 0.020313
0 0.745833 0.597656 0.216667 0.015625
0 0.740278 0.635156 0.233333 0.015625
0 0.292361 0.923828 0.451389 0.032031
0 0.113194 0.947656 0.095833 0.029687
0 0.329167 0.946484 0.186111 0.025781
0 0.197917 0.946875 0.097990 0.032559
