0 0.290799 0.216309 0.210069 0.041992
0 0.614583 0.179199 0.312500 0.022461
0 0.614583 0.202637 0.211806 0.018555
0 0.613715 0.223633 0.307292 0.021484
0 0.375868 0.305176 0.404514 0.034180
0 0.342882 0.455566 0.348958 0.026367
0 0.814236 0.458984 0.086806 0.013672
0 0.237847 0.321777 0.142361 0.028320
0 0.638889 0.373047 0.038194 0.017578
0 0.275174 0.410156 0.227431 0.027344
0 0.812500 0.414062 0.090278 0.023438
0 0.815972 0.458984 0.090278 0.023438
0 0.817708 0.503906 0.093750 0.023438
0 0.248264 0.524414 0.149306 0.025391
0 0.817708 0.526367 0.090278 0.019531
0 0.263889 0.546875 0.215278 0.027344
0 0.505208 0.641602 0.461806 0.029297
0 0.501736 0.740234 0.718750 0.027344
0 0.290799 0.922363 0.453125 0.030273
0 0.111979 0.946289 0.092014 0.027344
0 0.330729 0.945312 0.185764 0.027344
0 0.271701 0.367188 0.087940 0.030859
0 0.196181 0.946289 0.096727 0.032862
