0 0.484746 0.206250 0.545763 0.046875
0 0.490678 0.227344 0.405085 0.034375
0 0.754237 0.594922 0.308475 0.035156
0 0.364407 0.537500 0.349153 0.034375
0 0.823729 0.517188 0.118644 0.025000
0 0.661017 0.221094 0.050847 0.015625
0 0.494915 0.297656 0.386441 0.039062
0 0.501695 0.345313 0.169492 0.021875
0 0.784746 0.352344 0.061017 0.015625
0 0.367797 0.369531 0.040678 0.015625
0 0.449153 0.367188 0.064407 0.018750
0 0.579661 0.360938 0.115254 0.021875
0 0.706780 0.355078 0.101695 0.021094
0 0.245763 0.375781 0.138983 0.020313
0 0.472881 0.407031 0.345763 0.031250
0 0.796610 0.412500 0.101695 0.018750
0 0.584746 0.422656 0.040678 0.015625
0 0.283898 0.454297 0.218644 0.028906
0 0.340678 0.473438 0.311864 0.029687
0 0.811017 0.474219 0.103390 0.021875
0 0.627119 0.482812 0.101695 0.018750
0 0.394915 0.518750 0.077966 0.018750
0 0.818644 0.517969 0.118644 0.020313
0 0.800000 0.543750 0.061017 0.018750
0 0.227119 0.567187 0.074576 0.018750
0 0.383051 0.560937 0.061017 0.018750
0 0.554237 0.554688 0.071186 0.018750
0 0.862712 0.564063 0.057627 0.018750
0 0.795763 0.594141 0.218644 0.030469
0 0.228814 0.621094 0.111864 0.023438
0 0.633051 0.626563 0.127119 0.023438
0 0.505085 0.632812 0.142373 0.021875
0 0.481356 0.656250 0.210169 0.025000
0 0.290678 0.937109 0.449153 0.025781
0 0.244068 0.956250 0.352542 0.021875
0 0.305932 0.391797 0.141628 0.022128
0 0.207627 0.396094 0.080212 0.020329
0 0.524576 0.466406 0.063083 0.018996
0 0.307627 0.562891 0.097161 0.020907
0 0.629661 0.649609 0.098861 0.023287
