0 0.503906 0.093956 0.283203 0.023077
0 0.500000 0.119505 0.402344 0.028022
0 0.762695 0.244780 0.259766 0.030220
0 0.255859 0.826923 0.203125 0.019780
0 0.832520 0.838462 0.090820 0.019780
0 0.575684 0.096978 0.139648 0.026923
0 0.520508 0.123077 0.121094 0.023077
0 0.765625 0.244780 0.261719 0.029121
0 0.166992 0.422527 0.041016 0.016484
0 0.491211 0.423626 0.113281 0.021978
0 0.154297 0.487912 0.017578 0.012088
0 0.492188 0.487363 0.070312 0.016484
0 0.245117 0.525275 0.197266 0.017582
0 0.424805 0.525824 0.070312 0.019780
0 0.494141 0.551648 0.082031 0.017582
0 0.299316 0.589286 0.313477 0.022527
0 0.494141 0.616484 0.082031 0.017582
0 0.332031 0.718681 0.365234 0.023077
0 0.837891 0.757143 0.089844 0.017582
0 0.832031 0.790110 0.099609 0.020879
0 0.255859 0.828571 0.197266 0.020879
0 0.830566 0.839286 0.100586 0.023626
0 0.821289 0.861264 0.117188 0.021429
0 0.199219 0.872527 0.074219 0.017582
0 0.477051 0.097527 0.068862 0.023457
