0 0.475911 0.176270 0.311198 0.040039
0 0.468099 0.212402 0.394531 0.032227
0 0.805339 0.654785 0.110677 0.028320
0 0.137370 0.670410 0.175781 0.041992
0 0.694661 0.750000 0.319010 0.048828
0 0.466797 0.176758 0.308594 0.039062
0 0.462240 0.209961 0.242188 0.029297
0 0.091146 0.230469 0.062500 0.023438
0 0.473958 0.289062 0.437500 0.050781
0 0.119792 0.325195 0.067708 0.025391
0 0.319010 0.327148 0.049479 0.025391
0 0.414062 0.328125 0.072917 0.023438
0 0.535156 0.330078 0.072917 0.027344
0 0.739583 0.333008 0.161458 0.025391
0 0.449870 0.364746 0.759115 0.038086
0 0.167969 0.400391 0.208333 0.039062
0 0.605469 0.403320 0.091146 0.029297
0 0.136719 0.439453 0.148438 0.031250
0 0.604167 0.440430 0.093750 0.029297
0 0.804688 0.441406 0.104167 0.031250
0 0.595052 0.522461 0.111979 0.029297
0 0.804688 0.521973 0.114583 0.038086
0 0.097656 0.582031 0.104167 0.042969
0 0.144531 0.620117 0.192708 0.039062
0 0.133464 0.674805 0.167969 0.039062
0 0.186198 0.709961 0.270833 0.039062
0 0.505208 0.702148 0.078125 0.029297
0 0.489583 0.802734 0.231771 0.041016
0 0.306641 0.205566 0.071403 0.028041
0 0.619141 0.213379 0.076662 0.028041
0 0.202474 0.328125 0.102613 0.040802
0 0.599609 0.332520 0.059951 0.034158
