0 0.484375 0.229868 0.302734 0.030747
0 0.484863 0.266837 0.553711 0.030015
0 0.219727 0.406296 0.083984 0.027818
0 0.511230 0.399341 0.262695 0.027086
0 0.453125 0.846999 0.218750 0.024890
0 0.747070 0.845168 0.123047 0.022694
0 0.218750 0.374817 0.085938 0.023426
0 0.429199 0.372255 0.116211 0.027086
0 0.218750 0.407760 0.080078 0.029283
0 0.252930 0.436310 0.142578 0.023426
0 0.497559 0.463031 0.245117 0.028551
0 0.351562 0.524890 0.035156 0.021962
0 0.626953 0.520498 0.046875 0.021962
0 0.766602 0.651537 0.093750 0.027818
0 0.340820 0.721816 0.070312 0.027818
0 0.768555 0.718887 0.093750 0.027818
0 0.759277 0.808199 0.104492 0.029283
0 0.745605 0.846633 0.135742 0.035871
0 0.460938 0.885066 0.208984 0.030747
0 0.760742 0.877013 0.105469 0.027818
0 0.503906 0.941435 0.263672 0.030747
0 0.413574 0.268668 0.078797 0.033482
0 0.616211 0.625549 0.083716 0.034224
0 0.390625 0.817716 0.079726 0.034964
0 0.523926 0.817716 0.084722 0.033482
