0 0.296007 0.168457 0.199653 0.026367
0 0.597222 0.121094 0.302083 0.029297
0 0.598958 0.142578 0.204861 0.021484
0 0.598090 0.163574 0.296875 0.024414
0 0.388889 0.249512 0.381944 0.018555
0 0.368924 0.392578 0.317708 0.019531
0 0.781250 0.383301 0.100694 0.014648
0 0.586806 0.327148 0.270833 0.025391
0 0.302951 0.353027 0.206597 0.024414
0 0.529514 0.349609 0.100694 0.023438
0 0.777778 0.342773 0.100694 0.019531
0 0.781250 0.382812 0.104167 0.023438
0 0.269097 0.475586 0.083333 0.019531
0 0.781250 0.547852 0.121528 0.019531
0 0.288194 0.577637 0.145833 0.024414
0 0.486111 0.574219 0.215278 0.027344
0 0.715278 0.589844 0.263889 0.027344
0 0.571181 0.740234 0.427083 0.027344
0 0.819444 0.738281 0.052083 0.017578
0 0.290799 0.922363 0.453125 0.030273
0 0.111979 0.946289 0.092014 0.027344
0 0.330729 0.945312 0.185764 0.027344
0 0.196181 0.946289 0.096727 0.032862
