0 0.403646 0.183105 0.310764 0.018555
0 0.321181 0.496094 0.100694 0.013672
0 0.649306 0.489258 0.111111 0.015625
0 0.618056 0.256836 0.038194 0.011719
0 0.640625 0.269531 0.076389 0.013672
0 0.644097 0.308594 0.076389 0.013672
0 0.364583 0.397461 0.211806 0.015625
0 0.654514 0.404297 0.076389 0.013672
0 0.291667 0.412109 0.059028 0.013672
0 0.656250 0.431641 0.079861 0.013672
0 0.329861 0.441406 0.128472 0.013672
0 0.319444 0.497070 0.100694 0.015625
0 0.670139 0.572266 0.079861 0.013672
0 0.670139 0.587891 0.079861 0.013672
0 0.684028 0.646484 0.065972 0.013672
0 0.357639 0.682617 0.038194 0.011719
0 0.314236 0.729492 0.083333 0.015625
0 0.678819 0.773438 0.083333 0.013672
0 0.690972 0.788086 0.079861 0.015625
0 0.111979 0.946289 0.092014 0.027344
0 0.328993 0.946289 0.182292 0.025391
0 0.375000 0.466797 0.058011 0.016569
0 0.196181 0.946289 0.096727 0.032862
