0 0.483073 0.209473 0.197917 0.020508
0 0.484375 0.235352 0.244792 0.019531
0 0.660156 0.899902 0.218750 0.028320
0 0.311849 0.666504 0.121094 0.024414
0 0.707682 0.655762 0.087240 0.022461
0 0.484375 0.209961 0.197917 0.025391
0 0.489583 0.290039 0.265625 0.029297
0 0.279948 0.313477 0.041667 0.019531
0 0.397135 0.316406 0.031250 0.017578
0 0.451823 0.315430 0.046875 0.019531
0 0.542969 0.317383 0.072917 0.019531
0 0.649089 0.315918 0.105469 0.020508
0 0.440104 0.339844 0.375000 0.023438
0 0.440104 0.360352 0.039062 0.015625
0 0.557292 0.360352 0.065104 0.019531
0 0.683594 0.356445 0.067708 0.019531
0 0.441406 0.410156 0.041667 0.013672
0 0.559896 0.407227 0.065104 0.019531
0 0.688802 0.403320 0.067708 0.019531
0 0.434896 0.434570 0.364583 0.025391
0 0.570312 0.454102 0.054688 0.019531
0 0.691406 0.451172 0.070312 0.023438
0 0.488281 0.480469 0.466146 0.027344
0 0.566406 0.502930 0.067708 0.019531
0 0.695312 0.499023 0.070312 0.019531
0 0.569010 0.551758 0.075521 0.025391
0 0.700521 0.548828 0.072917 0.023438
0 0.444010 0.582031 0.377604 0.027344
0 0.446615 0.606445 0.046875 0.015625
0 0.572917 0.602539 0.070312 0.019531
0 0.411458 0.643555 0.028646 0.015625
0 0.303385 0.666992 0.111979 0.025391
0 0.513021 0.684570 0.049479 0.019531
0 0.297526 0.731445 0.084635 0.025391
0 0.434245 0.727539 0.157552 0.027344
0 0.355469 0.757812 0.200521 0.027344
0 0.312500 0.787109 0.119792 0.023438
0 0.334635 0.842773 0.169271 0.029297
0 0.373698 0.866211 0.242188 0.029297
0 0.520833 0.933594 0.156250 0.027344
0 0.327474 0.315430 0.060942 0.027043
0 0.658203 0.946289 0.070278 0.021061
0 0.603516 0.951172 0.043868 0.019745
