0 0.317708 0.191895 0.135417 0.028320
0 0.513672 0.149902 0.144531 0.024414
0 0.516276 0.172852 0.183594 0.019531
0 0.517578 0.190430 0.160156 0.017578
0 0.373698 0.260742 0.244792 0.019531
0 0.354167 0.546387 0.210938 0.018555
0 0.628255 0.543457 0.071615 0.020508
0 0.272135 0.262695 0.041667 0.015625
0 0.291667 0.315430 0.080729 0.015625
0 0.454427 0.315430 0.062500 0.015625
0 0.618490 0.313477 0.062500 0.015625
0 0.552083 0.332031 0.158854 0.017578
0 0.315104 0.368164 0.132812 0.015625
0 0.479167 0.369141 0.033854 0.013672
0 0.628906 0.368164 0.062500 0.015625
0 0.265625 0.385742 0.033854 0.015625
0 0.315104 0.386719 0.049479 0.013672
0 0.505859 0.384766 0.097656 0.023438
0 0.582031 0.385742 0.041667 0.015625
0 0.315104 0.403320 0.132812 0.015625
0 0.479167 0.403320 0.033854 0.015625
0 0.628906 0.403320 0.062500 0.015625
0 0.363281 0.420898 0.171875 0.019531
0 0.315104 0.439453 0.132812 0.017578
0 0.630208 0.438477 0.065104 0.015625
0 0.373698 0.458008 0.031250 0.015625
0 0.315104 0.475586 0.132812 0.015625
0 0.466146 0.474609 0.065104 0.013672
0 0.587240 0.492188 0.031250 0.013672
0 0.314453 0.510742 0.134115 0.019531
0 0.471354 0.510742 0.054688 0.015625
0 0.627604 0.545898 0.075521 0.015625
0 0.627604 0.582031 0.075521 0.017578
0 0.627604 0.600586 0.075521 0.019531
0 0.282552 0.622070 0.057292 0.015625
0 0.580729 0.733398 0.179688 0.019531
0 0.325521 0.812500 0.164062 0.017578
0 0.514323 0.812500 0.135417 0.017578
0 0.628906 0.811523 0.083333 0.015625
