0 0.203390 0.408984 0.301695 0.039844
0 0.657627 0.359766 0.403390 0.025781
0 0.652542 0.387109 0.416949 0.025781
0 0.650847 0.416016 0.359322 0.024219
0 0.219492 0.484766 0.333898 0.025781
0 0.811017 0.489453 0.333898 0.025781
0 0.220339 0.486719 0.342373 0.028125
0 0.511864 0.514062 0.311864 0.025000
0 0.138983 0.535156 0.186441 0.028125
0 0.819492 0.541016 0.286441 0.024219
0 0.215254 0.560937 0.335593 0.025000
0 0.290678 0.936328 0.449153 0.024219
0 0.682203 0.392578 0.123129 0.034940
