0 0.276042 0.182617 0.161458 0.035156
0 0.516927 0.126953 0.223958 0.027344
0 0.517578 0.150391 0.227865 0.025391
0 0.518880 0.176270 0.191406 0.024414
0 0.343099 0.270020 0.292969 0.020508
0 0.325521 0.465820 0.252604 0.023438
0 0.660156 0.464355 0.078125 0.018555
0 0.343750 0.269531 0.302083 0.023438
0 0.243490 0.291992 0.098958 0.019531
0 0.246094 0.335938 0.106771 0.023438
0 0.445312 0.334961 0.078125 0.025391
0 0.440104 0.357422 0.039062 0.017578
0 0.552083 0.355469 0.171875 0.023438
0 0.276042 0.402344 0.161458 0.023438
0 0.213542 0.424805 0.033854 0.019531
0 0.657552 0.419922 0.080729 0.023438
0 0.285807 0.465820 0.175781 0.025391
0 0.415365 0.465820 0.072917 0.019531
0 0.658854 0.463867 0.080729 0.019531
0 0.283854 0.509766 0.177083 0.027344
0 0.658854 0.507812 0.083333 0.023438
0 0.261719 0.531250 0.106771 0.027344
0 0.660156 0.530273 0.078125 0.019531
0 0.604167 0.618164 0.195312 0.019531
0 0.281250 0.663086 0.161458 0.025391
0 0.597656 0.663086 0.208333 0.019531
0 0.446615 0.727539 0.325521 0.029297
