0 0.509766 0.040630 0.289062 0.057833
0 0.508301 0.121157 0.430664 0.028551
0 0.296387 0.224012 0.108398 0.030747
0 0.503418 0.229502 0.198242 0.027086
0 0.312988 0.724378 0.155273 0.024158
0 0.712891 0.729502 0.083984 0.024158
0 0.573730 0.045388 0.172852 0.058565
0 0.510742 0.174597 0.277344 0.032943
0 0.466797 0.232064 0.125000 0.021962
0 0.569336 0.228404 0.060547 0.020498
0 0.449707 0.254392 0.092773 0.021230
0 0.289062 0.308199 0.093750 0.021962
0 0.257812 0.341874 0.035156 0.019034
0 0.537109 0.349195 0.035156 0.019034
0 0.587891 0.351391 0.031250 0.017570
0 0.524902 0.408126 0.059570 0.021230
0 0.747070 0.412152 0.056641 0.019034
0 0.266602 0.427526 0.037109 0.017570
0 0.333496 0.455710 0.168945 0.022694
0 0.512695 0.485359 0.072266 0.019034
0 0.724609 0.491215 0.082031 0.019034
0 0.265625 0.505124 0.039062 0.017570
0 0.375977 0.537335 0.265625 0.027818
0 0.594727 0.542460 0.076172 0.019034
0 0.503906 0.565886 0.082031 0.019034
0 0.722656 0.571742 0.082031 0.019034
0 0.259766 0.587116 0.039062 0.017570
0 0.407227 0.620059 0.343750 0.026354
0 0.618652 0.624817 0.045898 0.021230
0 0.293945 0.645681 0.115234 0.020498
0 0.505859 0.650073 0.074219 0.020498
0 0.723633 0.653001 0.072266 0.020498
0 0.253906 0.671303 0.039062 0.019034
0 0.338379 0.725842 0.104492 0.027086
0 0.320801 0.795022 0.184570 0.030747
0 0.698242 0.802343 0.109375 0.027818
0 0.708008 0.849927 0.083984 0.021962
0 0.282227 0.866032 0.115234 0.021962
0 0.486816 0.918741 0.098633 0.023426
0 0.530762 0.540630 0.051370 0.023885
0 0.259277 0.724744 0.066919 0.030509
0 0.259277 0.747072 0.065111 0.028362
