0 0.302083 0.296875 0.158854 0.027344
0 0.537760 0.239746 0.234375 0.028320
0 0.539714 0.263672 0.165365 0.021484
0 0.539714 0.285645 0.233073 0.028320
0 0.371745 0.377441 0.292969 0.028320
0 0.360677 0.526367 0.252604 0.027344
0 0.593750 0.371094 0.028646 0.017578
0 0.636719 0.389648 0.158854 0.025391
0 0.473958 0.438477 0.078125 0.025391
0 0.307943 0.486328 0.160156 0.027344
0 0.680990 0.517578 0.091146 0.023438
0 0.317708 0.571289 0.171875 0.029297
0 0.684896 0.582031 0.088542 0.023438
0 0.263021 0.616211 0.057292 0.025391
0 0.712240 0.782227 0.041667 0.015625
