0 0.512712 0.239258 0.580508 0.025391
0 0.423729 0.265625 0.686441 0.025391
0 0.368644 0.345703 0.572034 0.023438
0 0.227754 0.546387 0.387712 0.024414
0 0.885593 0.541504 0.177966 0.022461
0 0.260593 0.296875 0.360169 0.023438
0 0.228814 0.320312 0.305085 0.027344
0 0.559322 0.318848 0.313559 0.028320
0 0.563559 0.343750 0.194915 0.023438
0 0.455508 0.373047 0.050847 0.017578
0 0.610169 0.399414 0.105932 0.019531
0 0.595339 0.426758 0.139831 0.025391
0 0.185381 0.455566 0.290254 0.026367
0 0.205508 0.485352 0.114407 0.025391
0 0.244703 0.513672 0.413136 0.027344
0 0.226695 0.545898 0.394068 0.029297
0 0.137712 0.958008 0.169492 0.019531
0 0.366525 0.956055 0.076271 0.019531
0 0.277542 0.958008 0.114209 0.023025
