0 0.512370 0.381836 0.251302 0.029297
0 0.511719 0.405273 0.518229 0.048828
0 0.683594 0.537598 0.179688 0.026367
0 0.310547 0.768555 0.194010 0.031250
0 0.720052 0.787109 0.093750 0.029297
0 0.300781 0.397461 0.096354 0.025391
0 0.683594 0.536133 0.179688 0.025391
0 0.251302 0.592773 0.036458 0.019531
0 0.484375 0.600586 0.088542 0.025391
0 0.483073 0.664062 0.070312 0.023438
0 0.274740 0.693359 0.101562 0.023438
0 0.239583 0.726562 0.036458 0.023438
0 0.477865 0.729492 0.070312 0.025391
0 0.315104 0.764648 0.052083 0.025391
0 0.720703 0.788086 0.097656 0.031250
0 0.373047 0.767578 0.076598 0.036843
