0 0.172034 0.547266 0.316949 0.041406
0 0.602542 0.491797 0.455932 0.024219
0 0.607627 0.517969 0.357627 0.026562
0 0.608475 0.544141 0.362712 0.022656
0 0.190678 0.617969 0.344068 0.021875
0 0.752542 0.611719 0.332203 0.026562
0 0.174576 0.549219 0.301695 0.042188
0 0.076271 0.622656 0.101695 0.028125
0 0.249153 0.620313 0.227119 0.025000
0 0.752542 0.613281 0.318644 0.023438
0 0.474576 0.639844 0.298305 0.023438
0 0.774576 0.660156 0.274576 0.020313
0 0.116949 0.670312 0.179661 0.025000
0 0.290678 0.936719 0.449153 0.023438
0 0.777966 0.492578 0.101003 0.030267
0 0.736441 0.518359 0.095970 0.028680
