0 0.474609 0.018066 0.300781 0.032227
0 0.654297 0.976074 0.277344 0.030273
0 0.216146 0.860840 0.132812 0.032227
0 0.738281 0.860352 0.109375 0.023438
0 0.195312 0.047852 0.044271 0.015625
0 0.479167 0.088867 0.330729 0.039062
0 0.221354 0.122070 0.049479 0.019531
0 0.360677 0.122070 0.036458 0.019531
0 0.428385 0.121094 0.054688 0.023438
0 0.541667 0.121094 0.098958 0.027344
0 0.677083 0.116211 0.130208 0.025391
0 0.464844 0.148438 0.559896 0.027344
0 0.410156 0.175781 0.046875 0.017578
0 0.558594 0.175781 0.085938 0.023438
0 0.714844 0.173828 0.085938 0.023438
0 0.380208 0.208008 0.395833 0.029297
0 0.558594 0.234375 0.085938 0.023438
0 0.692708 0.233398 0.033854 0.019531
0 0.559896 0.293945 0.083333 0.025391
0 0.569010 0.349609 0.070312 0.023438
0 0.231771 0.376953 0.104167 0.023438
0 0.411458 0.378906 0.049479 0.013672
0 0.566406 0.375977 0.067708 0.019531
0 0.720052 0.375000 0.085938 0.023438
0 0.421875 0.408203 0.484375 0.027344
0 0.567708 0.434570 0.067708 0.025391
0 0.721354 0.432617 0.085938 0.019531
0 0.733073 0.493164 0.070312 0.025391
0 0.669271 0.524414 0.039062 0.019531
0 0.404948 0.553711 0.052083 0.019531
0 0.729167 0.551758 0.088542 0.025391
0 0.559896 0.614258 0.088542 0.025391
0 0.731771 0.612305 0.093750 0.025391
0 0.330729 0.650391 0.333333 0.027344
0 0.600260 0.648438 0.106771 0.023438
0 0.562500 0.678711 0.088542 0.025391
0 0.734375 0.678711 0.093750 0.025391
0 0.447917 0.714844 0.567708 0.027344
0 0.401042 0.745117 0.054688 0.019531
0 0.563802 0.746094 0.091146 0.023438
0 0.739583 0.745117 0.093750 0.025391
0 0.350260 0.791992 0.036458 0.019531
0 0.251302 0.820312 0.070312 0.027344
0 0.209635 0.863281 0.122396 0.031250
0 0.247396 0.891602 0.197917 0.029297
0 0.481771 0.892578 0.062500 0.023438
0 0.236979 0.929688 0.203125 0.027344
0 0.747396 0.931641 0.093750 0.027344
0 0.277995 0.123047 0.073861 0.030859
0 0.616536 0.524902 0.073773 0.031862
0 0.521484 0.648926 0.060602 0.029854
