0 0.177966 0.434375 0.301695 0.034375
0 0.625424 0.380469 0.403390 0.023438
0 0.627966 0.406641 0.418644 0.024219
0 0.628814 0.435156 0.355932 0.025000
0 0.195763 0.507812 0.340678 0.020313
0 0.777966 0.507422 0.332203 0.024219
0 0.766102 0.435937 0.074576 0.025000
0 0.196610 0.511719 0.342373 0.028125
0 0.779661 0.508594 0.335593 0.028125
0 0.489831 0.534375 0.315254 0.025000
0 0.803390 0.559375 0.291525 0.021875
0 0.290678 0.937109 0.449153 0.025781
0 0.245763 0.956250 0.349153 0.021875
