0 0.562988 0.168009 0.389648 0.038799
0 0.491699 0.543192 0.600586 0.033675
0 0.315918 0.846266 0.204102 0.036603
0 0.731445 0.855051 0.123047 0.027818
0 0.565918 0.169473 0.393555 0.044656
0 0.483398 0.358712 0.513672 0.055637
0 0.416016 0.493411 0.185547 0.027818
0 0.235352 0.546852 0.095703 0.036603
0 0.417480 0.545022 0.186523 0.032943
0 0.572266 0.540996 0.064453 0.026354
0 0.717285 0.541728 0.145508 0.030747
0 0.327148 0.638360 0.253906 0.027818
0 0.620117 0.633236 0.091797 0.021962
0 0.270508 0.687408 0.148438 0.032211
0 0.730469 0.685944 0.123047 0.029283
0 0.292969 0.734993 0.183594 0.035139
0 0.313477 0.844802 0.220703 0.038067
0 0.730469 0.853587 0.132812 0.035139
0 0.499512 0.969619 0.282227 0.049048
0 0.971680 0.622255 0.097988 0.093665
