0 0.358073 0.268555 0.143229 0.041016
0 0.568359 0.213379 0.147135 0.024414
0 0.567708 0.232910 0.236979 0.036133
0 0.567057 0.255371 0.186198 0.028320
0 0.421224 0.340820 0.266927 0.029297
0 0.414062 0.512695 0.221354 0.027344
0 0.704427 0.501465 0.080729 0.014648
0 0.354818 0.269043 0.149740 0.040039
0 0.514323 0.396484 0.067708 0.017578
0 0.545573 0.413086 0.216146 0.029297
0 0.397135 0.420898 0.072917 0.019531
0 0.704427 0.424805 0.067708 0.019531
0 0.365234 0.440430 0.144531 0.027344
0 0.338542 0.460938 0.075521 0.017578
0 0.430990 0.458984 0.072917 0.017578
0 0.707031 0.464844 0.067708 0.017578
0 0.369792 0.478516 0.140625 0.023438
0 0.705729 0.502930 0.080729 0.019531
0 0.412760 0.513672 0.226562 0.027344
0 0.708333 0.541992 0.080729 0.019531
0 0.730469 0.581055 0.046875 0.015625
0 0.427083 0.610352 0.083333 0.025391
0 0.436198 0.650391 0.117188 0.023438
0 0.669922 0.642090 0.175781 0.024414
0 0.381510 0.691406 0.148438 0.027344
0 0.668620 0.681641 0.194010 0.027344
0 0.522135 0.831055 0.221354 0.025391
0 0.704427 0.828125 0.125000 0.017578
0 0.356120 0.651855 0.043254 0.024994
