0 0.510417 0.256836 0.221354 0.021484
0 0.508464 0.283691 0.277344 0.022461
0 0.688151 0.842773 0.220052 0.027344
0 0.307292 0.611328 0.111979 0.021484
0 0.752604 0.598633 0.085938 0.017578
0 0.509766 0.256348 0.225260 0.026367
0 0.252604 0.313477 0.044271 0.015625
0 0.519531 0.347656 0.307292 0.037109
0 0.308594 0.379883 0.111979 0.025391
0 0.471354 0.375977 0.049479 0.019531
0 0.578125 0.373047 0.093750 0.023438
0 0.705729 0.368164 0.125000 0.025391
0 0.424479 0.403320 0.359375 0.029297
0 0.313802 0.431641 0.138021 0.023438
0 0.606771 0.423828 0.062500 0.023438
0 0.460938 0.454102 0.044271 0.015625
0 0.604167 0.451172 0.067708 0.023438
0 0.746094 0.446289 0.083333 0.027344
0 0.473307 0.485352 0.457031 0.035156
0 0.609375 0.506836 0.062500 0.025391
0 0.751302 0.503906 0.080729 0.023438
0 0.293620 0.550781 0.100260 0.027344
0 0.420573 0.549805 0.031250 0.019531
0 0.751302 0.562500 0.091146 0.023438
0 0.305339 0.575195 0.123698 0.029297
0 0.752604 0.595703 0.093750 0.023438
0 0.300781 0.611328 0.106771 0.027344
0 0.335938 0.632812 0.171875 0.027344
0 0.536458 0.628906 0.057292 0.023438
0 0.752604 0.623047 0.093750 0.023438
0 0.304688 0.679688 0.088542 0.023438
0 0.449870 0.673340 0.167969 0.028320
0 0.282552 0.708008 0.039062 0.025391
0 0.434896 0.702148 0.088542 0.025391
0 0.325521 0.734375 0.125000 0.023438
0 0.766927 0.746094 0.065104 0.023438
0 0.352865 0.788086 0.174479 0.029297
0 0.764323 0.799805 0.078125 0.019531
0 0.391927 0.813477 0.252604 0.029297
0 0.544271 0.876953 0.156250 0.027344
0 0.531250 0.900391 0.388021 0.037109
0 0.159505 0.498535 0.105717 0.321286
0 0.345703 0.705078 0.099193 0.035919
0 0.098307 0.972168 0.047135 0.063394
