0 0.437500 0.175293 0.458333 0.024414
0 0.374132 0.204102 0.532986 0.023438
0 0.327257 0.283691 0.439236 0.022461
0 0.214410 0.540527 0.293403 0.038086
0 0.683160 0.553711 0.161458 0.029297
0 0.218750 0.259766 0.229167 0.023438
0 0.468750 0.260742 0.243056 0.025391
0 0.460069 0.285156 0.163194 0.023438
0 0.167535 0.312012 0.133681 0.026367
0 0.178819 0.387695 0.190972 0.025391
0 0.484375 0.390625 0.107639 0.023438
0 0.111111 0.435547 0.062500 0.023438
0 0.277778 0.439453 0.104167 0.023438
0 0.493056 0.442383 0.079861 0.019531
0 0.701389 0.445312 0.104167 0.023438
0 0.203125 0.461914 0.253472 0.025391
0 0.501736 0.467773 0.055556 0.019531
0 0.701389 0.470703 0.104167 0.023438
0 0.112847 0.486328 0.079861 0.027344
0 0.241319 0.542969 0.197917 0.027344
0 0.677083 0.552734 0.138889 0.027344
0 0.383681 0.580078 0.458333 0.037109
0 0.290799 0.922363 0.453125 0.030273
0 0.110243 0.945801 0.095486 0.028320
0 0.330729 0.945312 0.185764 0.027344
0 0.107639 0.540039 0.093087 0.032862
0 0.196181 0.946289 0.096727 0.032862
