0 0.525391 0.329102 0.576823 0.046875
0 0.527344 0.374023 0.513021 0.035156
0 0.333333 0.447266 0.369792 0.027344
0 0.287760 0.713379 0.216146 0.026367
0 0.876953 0.714844 0.115885 0.021484
0 0.342448 0.375000 0.148438 0.027344
0 0.667969 0.375977 0.239583 0.035156
0 0.445312 0.410156 0.057292 0.031250
0 0.601562 0.413086 0.031250 0.025391
0 0.272135 0.478516 0.255208 0.037109
0 0.332031 0.556641 0.127604 0.027344
0 0.514323 0.557617 0.039062 0.025391
0 0.640625 0.556641 0.083333 0.027344
0 0.871094 0.556641 0.096354 0.027344
0 0.649740 0.613281 0.106771 0.027344
0 0.878906 0.613281 0.106771 0.027344
0 0.235677 0.626953 0.093750 0.037109
0 0.279948 0.666016 0.190104 0.031250
0 0.281250 0.714844 0.203125 0.031250
0 0.881510 0.713867 0.117188 0.029297
0 0.247396 0.775391 0.151042 0.031250
0 0.514974 0.374512 0.078432 0.041692
0 0.449219 0.376465 0.075046 0.035850
