0 0.169434 0.148243 0.209961 0.094436
0 0.446777 0.131406 0.315430 0.081259
0 0.247070 0.250732 0.347656 0.031479
0 0.361328 0.419107 0.609375 0.044656
0 0.444336 0.132870 0.320312 0.032943
0 0.167969 0.162518 0.187500 0.040996
0 0.504883 0.267936 0.072266 0.020498
0 0.594238 0.263543 0.124023 0.030747
0 0.489258 0.317716 0.033203 0.020498
0 0.164551 0.374085 0.192383 0.032211
0 0.374023 0.369693 0.105469 0.026354
0 0.611328 0.412884 0.103516 0.027818
0 0.653320 0.435578 0.015625 0.017570
0 0.614746 0.461567 0.106445 0.030015
0 0.175781 0.478038 0.205078 0.032211
0 0.149414 0.505857 0.121094 0.026354
0 0.625000 0.513909 0.091797 0.027818
0 0.164062 0.530015 0.181641 0.027818
0 0.373047 0.549048 0.371094 0.038067
0 0.198730 0.604685 0.256836 0.035139
0 0.473633 0.599561 0.060547 0.019034
0 0.592773 0.594802 0.166016 0.035871
0 0.664062 0.617130 0.017578 0.020498
0 0.554199 0.646413 0.252930 0.039531
0 0.372070 0.734261 0.400391 0.036603
0 0.094727 0.771596 0.048828 0.023426
0 0.351074 0.287335 0.123072 0.062741
0 0.238281 0.305271 0.129041 0.045734
