0 0.382812 0.218262 0.213542 0.030273
0 0.380208 0.245117 0.257812 0.029297
0 0.539714 0.769043 0.251302 0.036133
0 0.173828 0.529785 0.126302 0.020508
0 0.595052 0.509277 0.091146 0.016602
0 0.339844 0.303711 0.192708 0.035156
0 0.194010 0.334961 0.093750 0.019531
0 0.281250 0.332031 0.028646 0.013672
0 0.552083 0.335938 0.028646 0.017578
0 0.582031 0.353516 0.075521 0.027344
0 0.428385 0.368164 0.031250 0.019531
0 0.301432 0.399902 0.345052 0.030273
0 0.450521 0.414062 0.072917 0.023438
0 0.247396 0.452148 0.250000 0.025391
0 0.569010 0.454102 0.031250 0.019531
0 0.322917 0.471680 0.044271 0.015625
0 0.451172 0.464844 0.079427 0.027344
0 0.596354 0.536133 0.093750 0.025391
0 0.190104 0.553711 0.166667 0.025391
0 0.384115 0.547852 0.052083 0.019531
0 0.212240 0.624023 0.205729 0.029297
0 0.634115 0.633789 0.031250 0.019531
0 0.186198 0.681641 0.174479 0.027344
0 0.225260 0.738281 0.257812 0.031250
0 0.914714 0.735352 0.170573 0.175781
0 0.385417 0.807617 0.166667 0.029297
0 0.373698 0.829102 0.403646 0.029297
0 0.475911 0.294922 0.088776 0.031953
0 0.526693 0.315430 0.072693 0.023084
0 0.587240 0.402344 0.079588 0.029196
0 0.324219 0.420898 0.043508 0.016569
0 0.606120 0.451660 0.051204 0.026866
