0 0.506076 0.232422 0.498264 0.023438
0 0.427083 0.254395 0.583333 0.026367
0 0.374132 0.326660 0.501736 0.022461
0 0.207465 0.605957 0.383681 0.028320
0 0.863715 0.603516 0.206597 0.027344
0 0.538194 0.304688 0.270833 0.023438
0 0.534722 0.328125 0.180556 0.023438
0 0.142361 0.349609 0.065972 0.017578
0 0.447917 0.354492 0.052083 0.019531
0 0.187500 0.379395 0.222222 0.028320
0 0.217014 0.405273 0.281250 0.029297
0 0.342014 0.431641 0.079861 0.023438
0 0.578125 0.478516 0.128472 0.027344
0 0.571181 0.506836 0.149306 0.025391
0 0.138021 0.534668 0.227431 0.040039
0 0.227431 0.571289 0.406250 0.029297
0 0.262153 0.608398 0.281250 0.029297
0 0.289062 0.922363 0.449653 0.030273
0 0.110243 0.945801 0.095486 0.028320
0 0.328993 0.946289 0.182292 0.025391
0 0.546007 0.354492 0.067389 0.020993
0 0.261285 0.429199 0.077702 0.026043
0 0.341146 0.510254 0.109114 0.033860
0 0.196181 0.946289 0.096727 0.032862
