0 0.369271 0.217188 0.128125 0.023438
0 0.558333 0.182031 0.187500 0.015625
0 0.558854 0.199219 0.132292 0.014063
0 0.560417 0.216016 0.185417 0.016406
0 0.423438 0.280469 0.240625 0.018750
0 0.413021 0.594141 0.219792 0.019531
0 0.693229 0.587500 0.067708 0.020313
0 0.368750 0.217188 0.125000 0.025000
0 0.426042 0.347656 0.050000 0.015625
0 0.315625 0.364063 0.025000 0.014063
0 0.367708 0.381250 0.131250 0.018750
0 0.521875 0.381250 0.050000 0.014063
0 0.540625 0.396094 0.091667 0.015625
0 0.652083 0.395313 0.083333 0.018750
0 0.368750 0.415625 0.133333 0.018750
0 0.516667 0.414062 0.062500 0.018750
0 0.680208 0.411719 0.062500 0.015625
0 0.349479 0.432812 0.094792 0.021875
0 0.494792 0.431250 0.189583 0.018750
0 0.368750 0.450000 0.133333 0.018750
0 0.344792 0.487500 0.089583 0.018750
0 0.367708 0.503906 0.137500 0.018750
0 0.520833 0.502344 0.064583 0.015625
0 0.369792 0.558594 0.139583 0.020313
0 0.523958 0.556250 0.064583 0.018750
0 0.488542 0.593750 0.064583 0.018750
0 0.694792 0.590625 0.068750 0.018750
0 0.375000 0.633594 0.150000 0.023438
0 0.698958 0.628125 0.068750 0.018750
0 0.698958 0.647656 0.066667 0.015625
0 0.518750 0.690625 0.270833 0.025000
0 0.291667 0.896484 0.452083 0.041406
0 0.245833 0.928125 0.358333 0.039062
0 0.377604 0.347266 0.036915 0.018239
