0 0.233073 0.100098 0.187500 0.040039
0 0.508464 0.048340 0.253906 0.022461
0 0.507161 0.075195 0.261719 0.021484
0 0.501953 0.100098 0.227865 0.022461
0 0.312500 0.195801 0.346354 0.026367
0 0.282552 0.385742 0.294271 0.027344
0 0.664714 0.385742 0.100260 0.025391
0 0.236979 0.101562 0.184896 0.041016
0 0.424479 0.268555 0.088542 0.025391
0 0.529948 0.268555 0.031250 0.019531
0 0.231771 0.316406 0.182292 0.023438
0 0.664062 0.316406 0.088542 0.023438
0 0.158854 0.340820 0.033854 0.019531
0 0.665365 0.386719 0.091146 0.023438
0 0.667969 0.435547 0.091146 0.023438
0 0.209635 0.463867 0.117188 0.025391
0 0.667969 0.458984 0.091146 0.023438
0 0.190104 0.488281 0.078125 0.023438
0 0.677083 0.484375 0.072917 0.023438
0 0.603516 0.584473 0.225260 0.026367
0 0.160156 0.614258 0.049479 0.025391
0 0.596354 0.634766 0.242188 0.025391
