0 0.479492 0.088214 0.240234 0.040264
0 0.513672 0.274524 0.099609 0.016105
0 0.415039 0.290630 0.166016 0.017570
0 0.622070 0.315520 0.101562 0.016105
0 0.612305 0.329429 0.082031 0.014641
0 0.411133 0.508419 0.121094 0.016837
0 0.674316 0.501098 0.045898 0.012445
0 0.480957 0.084187 0.256836 0.058565
0 0.546875 0.120059 0.125000 0.020498
0 0.329102 0.150073 0.035156 0.011713
0 0.490234 0.223280 0.095703 0.026354
0 0.405273 0.321376 0.150391 0.019034
0 0.632812 0.328697 0.041016 0.014641
0 0.470703 0.362372 0.048828 0.014641
0 0.666992 0.396047 0.046875 0.014641
0 0.387695 0.407028 0.089844 0.013177
0 0.568359 0.412518 0.136719 0.021230
0 0.382812 0.419473 0.072266 0.014641
0 0.482422 0.418009 0.033203 0.014641
0 0.595703 0.426061 0.058594 0.017570
0 0.669922 0.423133 0.046875 0.017570
0 0.429688 0.431552 0.171875 0.018302
0 0.386719 0.445095 0.074219 0.017570
0 0.674805 0.450220 0.039062 0.014641
0 0.388184 0.470351 0.069336 0.015373
0 0.584473 0.465227 0.108398 0.019766
0 0.378906 0.497072 0.060547 0.014641
0 0.674805 0.500000 0.046875 0.014641
0 0.673828 0.540264 0.058594 0.017570
0 0.680664 0.568082 0.052734 0.017570
0 0.538086 0.628111 0.140625 0.027818
0 0.511719 0.691069 0.052734 0.027818
0 0.425781 0.830161 0.031250 0.017570
0 0.545898 0.836018 0.072266 0.017570
0 0.464844 0.855051 0.046875 0.017570
0 0.426758 0.857247 0.027344 0.014641
0 0.479492 0.867496 0.027344 0.014641
0 0.459473 0.826501 0.038403 0.019292
