0 0.422852 0.196337 0.291016 0.030769
0 0.422363 0.224542 0.586914 0.041758
0 0.631348 0.352015 0.204102 0.034432
0 0.206543 0.802564 0.245117 0.046154
0 0.707031 0.797436 0.136719 0.043223
0 0.183594 0.228571 0.105469 0.020513
0 0.424805 0.252381 0.294922 0.032967
0 0.139648 0.441026 0.041016 0.023443
0 0.666992 0.427839 0.144531 0.030769
0 0.701660 0.577289 0.110352 0.035165
0 0.411133 0.746520 0.105469 0.032234
0 0.713867 0.742857 0.113281 0.030769
0 0.707520 0.794872 0.135742 0.038095
