0 0.410156 0.252930 0.247396 0.041016
0 0.416016 0.282227 0.313802 0.044922
0 0.660156 0.742188 0.309896 0.052734
0 0.174479 0.697266 0.148438 0.039062
0 0.747396 0.649414 0.114583 0.035156
0 0.410807 0.255371 0.251302 0.043945
0 0.123698 0.328125 0.041667 0.017578
0 0.678385 0.354492 0.059896 0.025391
0 0.296875 0.387695 0.039062 0.019531
0 0.369792 0.382812 0.057292 0.023438
0 0.466797 0.374512 0.061198 0.024414
0 0.595052 0.388672 0.106771 0.027344
0 0.183594 0.397461 0.122396 0.025391
0 0.453125 0.402344 0.177083 0.031250
0 0.312500 0.412109 0.104167 0.027344
0 0.186198 0.449219 0.158854 0.031250
0 0.526042 0.451172 0.078125 0.027344
0 0.355469 0.463867 0.052083 0.019531
0 0.161458 0.480469 0.109375 0.027344
0 0.420573 0.494141 0.213542 0.041016
0 0.539062 0.514648 0.078125 0.029297
0 0.186198 0.542969 0.164062 0.031250
0 0.538411 0.547852 0.082031 0.031250
0 0.361328 0.560547 0.061198 0.025391
0 0.161458 0.578125 0.114583 0.031250
0 0.705729 0.610352 0.041667 0.025391
0 0.169271 0.653320 0.148438 0.035156
0 0.745443 0.653320 0.108073 0.037109
0 0.165365 0.697266 0.135417 0.037109
0 0.722656 0.693359 0.044271 0.027344
0 0.472656 0.709961 0.070312 0.029297
0 0.546875 0.756836 0.085938 0.035156
0 0.186198 0.780273 0.104167 0.035156
0 0.471354 0.798828 0.205729 0.041016
0 0.468099 0.826172 0.295573 0.046875
0 0.265625 0.840820 0.114583 0.029297
0 0.607422 0.360840 0.087811 0.027948
0 0.517578 0.370605 0.055545 0.032536
0 0.523438 0.421387 0.079854 0.031133
0 0.212240 0.510742 0.215032 0.040527
0 0.712891 0.534180 0.104801 0.035763
0 0.654297 0.810547 0.096989 0.031752
