0 0.649902 0.629575 0.104492 0.023426
0 0.408203 0.616032 0.259766 0.032943
0 0.581543 0.407760 0.270508 0.032211
0 0.538574 0.200220 0.393555 0.041728
0 0.534180 0.217057 0.373047 0.038799
0 0.530273 0.236823 0.404297 0.043192
0 0.542480 0.255490 0.276367 0.035139
0 0.535156 0.272328 0.322266 0.036603
0 0.550293 0.147145 0.124023 0.024890
0 0.548340 0.164714 0.237305 0.027818
0 0.431641 0.175695 0.027344 0.017570
0 0.348633 0.223280 0.023438 0.014641
0 0.377930 0.227672 0.023438 0.011713
0 0.511230 0.421669 0.049805 0.020498
0 0.638672 0.508785 0.035156 0.021962
0 0.505859 0.621889 0.058594 0.021230
0 0.521973 0.908858 0.063477 0.021230
0 0.666016 0.985359 0.021484 0.013177
0 0.402832 0.210469 0.039753 0.019523
0 0.410645 0.228038 0.039753 0.019523
0 0.650879 0.261347 0.039682 0.020273
0 0.409668 0.300878 0.059364 0.023133
0 0.637207 0.353953 0.084863 0.026874
0 0.335449 0.392020 0.053454 0.023885
0 0.561035 0.424963 0.051587 0.021020
0 0.478027 0.459736 0.055483 0.027619
0 0.444824 0.618594 0.063248 0.024634
0 0.381836 0.835652 0.058406 0.028362
0 0.609863 0.913982 0.041762 0.021020
