0 0.469618 0.357910 0.473958 0.040039
0 0.471354 0.387695 0.418403 0.031250
0 0.322917 0.437012 0.298611 0.024414
0 0.314236 0.591797 0.152778 0.019531
0 0.752604 0.586426 0.095486 0.014648
0 0.407986 0.411133 0.048611 0.019531
0 0.526042 0.410156 0.052083 0.023438
0 0.395833 0.435547 0.347222 0.031250
0 0.672743 0.424316 0.227431 0.032227
0 0.286458 0.476562 0.232639 0.027344
0 0.333333 0.503906 0.100694 0.017578
0 0.314236 0.529297 0.159722 0.017578
0 0.571181 0.529297 0.083333 0.017578
0 0.753472 0.524414 0.086806 0.019531
0 0.268229 0.543945 0.071181 0.019531
0 0.748264 0.556641 0.097222 0.017578
0 0.750000 0.585938 0.100694 0.017578
0 0.746528 0.602539 0.114583 0.019531
0 0.286458 0.625000 0.104167 0.017578
0 0.755208 0.619141 0.104167 0.017578
0 0.446181 0.470215 0.103000 0.031260
