0 0.452474 0.111816 0.212240 0.028320
0 0.447917 0.138672 0.270833 0.031250
0 0.595052 0.908691 0.236979 0.030273
0 0.200521 0.634277 0.111979 0.024414
0 0.664714 0.639160 0.087240 0.018555
0 0.450521 0.110840 0.221354 0.036133
0 0.451823 0.200195 0.296875 0.039062
0 0.214844 0.216797 0.049479 0.023438
0 0.345052 0.225586 0.031250 0.019531
0 0.509115 0.232422 0.085938 0.023438
0 0.626302 0.230469 0.117188 0.023438
0 0.298177 0.273438 0.039062 0.023438
0 0.529948 0.276367 0.057292 0.019531
0 0.199219 0.291992 0.041667 0.019531
0 0.388021 0.299805 0.044271 0.015625
0 0.527344 0.300781 0.065104 0.023438
0 0.365885 0.323730 0.385417 0.036133
0 0.385417 0.352539 0.044271 0.015625
0 0.520833 0.353516 0.078125 0.023438
0 0.192708 0.398438 0.046875 0.023438
0 0.292969 0.405273 0.036458 0.019531
0 0.218750 0.425781 0.098958 0.027344
0 0.305990 0.430664 0.031250 0.015625
0 0.385417 0.432617 0.044271 0.015625
0 0.526042 0.435547 0.062500 0.023438
0 0.660156 0.436523 0.072917 0.019531
0 0.384115 0.485352 0.046875 0.015625
0 0.518229 0.487305 0.075521 0.019531
0 0.401042 0.513672 0.479167 0.031250
0 0.380208 0.541016 0.033854 0.017578
0 0.518229 0.541992 0.075521 0.019531
0 0.075521 0.593750 0.098958 0.093750
0 0.661458 0.603516 0.093750 0.023438
0 0.231771 0.635742 0.052083 0.025391
0 0.664062 0.638672 0.093750 0.023438
0 0.449219 0.666016 0.054688 0.023438
0 0.666667 0.666016 0.093750 0.023438
0 0.263021 0.743164 0.242188 0.035156
0 0.208333 0.775391 0.140625 0.023438
0 0.700521 0.771484 0.036458 0.023438
0 0.683594 0.800781 0.070312 0.027344
0 0.233073 0.841797 0.197917 0.037109
0 0.296875 0.869141 0.234375 0.031250
0 0.441406 0.946289 0.174479 0.029297
0 0.423828 0.138672 0.050581 0.023025
0 0.268880 0.222168 0.071429 0.030030
0 0.296224 0.247559 0.102799 0.030030
0 0.159505 0.874512 0.051816 0.030078
