0 0.223145 0.669922 0.032227 0.141927
0 0.206543 0.451823 0.016602 0.213542
0 0.228027 0.451172 0.016602 0.186198
0 0.301270 0.613281 0.016602 0.270833
0 0.478027 0.636719 0.018555 0.234375
0 0.482422 0.333333 0.019531 0.070312
0 0.564453 0.317708 0.013672 0.028646
0 0.647461 0.346354 0.015625 0.111979
0 0.687500 0.386068 0.025391 0.201823
0 0.249023 0.451823 0.019531 0.135417
0 0.363281 0.505208 0.017578 0.039062
0 0.665039 0.596354 0.019531 0.096354
0 0.840820 0.605469 0.019531 0.135417
0 0.398926 0.679036 0.020508 0.149740
0 0.438477 0.681641 0.019531 0.149740
0 0.376953 0.719401 0.023438 0.066406
0 0.417969 0.734375 0.013672 0.039062
