0 0.458984 0.109375 0.253906 0.035156
0 0.455078 0.142578 0.316406 0.035156
0 0.660807 0.895996 0.292969 0.040039
0 0.177083 0.579590 0.135417 0.028320
0 0.733724 0.575195 0.113281 0.023438
0 0.457031 0.109375 0.260417 0.039062
0 0.462240 0.215820 0.351562 0.048828
0 0.182292 0.267578 0.088542 0.027344
0 0.334635 0.246094 0.039062 0.023438
0 0.410156 0.248047 0.059896 0.023438
0 0.507161 0.250000 0.061198 0.027344
0 0.670573 0.253906 0.138021 0.023438
0 0.440104 0.275879 0.450521 0.040039
0 0.161458 0.293945 0.052083 0.025391
0 0.279948 0.301758 0.044271 0.025391
0 0.557292 0.311523 0.072917 0.025391
0 0.217448 0.327148 0.065104 0.025391
0 0.299479 0.331055 0.033854 0.015625
0 0.390625 0.333984 0.054688 0.017578
0 0.558594 0.340820 0.070312 0.025391
0 0.287760 0.364746 0.317708 0.038086
0 0.610677 0.373047 0.236979 0.027344
0 0.393229 0.397461 0.054688 0.019531
0 0.550781 0.403320 0.091146 0.025391
0 0.380208 0.434082 0.507812 0.038086
0 0.390625 0.463867 0.054688 0.019531
0 0.553385 0.465820 0.091146 0.025391
0 0.175781 0.504883 0.130208 0.037109
0 0.337240 0.508789 0.036458 0.019531
0 0.190104 0.537109 0.156250 0.031250
0 0.178385 0.579590 0.145833 0.040039
0 0.220052 0.610352 0.221354 0.029297
0 0.473958 0.610352 0.062500 0.025391
0 0.365234 0.665039 0.214844 0.035156
0 0.054036 0.683594 0.108073 0.107422
0 0.779948 0.729492 0.039062 0.025391
0 0.191406 0.745117 0.171875 0.035156
0 0.225260 0.825195 0.239583 0.042969
0 0.761068 0.839355 0.097656 0.030273
0 0.156250 0.864258 0.104167 0.029297
0 0.476562 0.944336 0.210938 0.039062
0 0.149740 0.149902 0.059695 0.030030
0 0.241536 0.241211 0.084424 0.036843
0 0.556641 0.254395 0.049534 0.028092
0 0.222656 0.298340 0.080463 0.035850
0 0.468099 0.371094 0.063255 0.034856
