0 0.505208 0.323730 0.406250 0.030273
0 0.446181 0.343750 0.479167 0.033203
0 0.398438 0.412598 0.397569 0.030273
0 0.301215 0.536621 0.255208 0.022461
0 0.743924 0.541992 0.098958 0.017578
0 0.772569 0.516113 0.034722 0.016602
0 0.743056 0.490723 0.093750 0.016602
0 0.750000 0.467773 0.086806 0.013672
0 0.634549 0.466797 0.015625 0.011719
0 0.560764 0.466797 0.069444 0.013672
0 0.474826 0.465820 0.012153 0.011719
0 0.723958 0.442383 0.138889 0.015625
0 0.622396 0.441406 0.039931 0.015625
0 0.535590 0.440918 0.046875 0.014648
0 0.461806 0.440918 0.031250 0.014648
0 0.252604 0.483887 0.144097 0.022461
0 0.427083 0.515137 0.496528 0.135742
0 0.314236 0.509277 0.274306 0.024414
0 0.258681 0.436523 0.121528 0.023438
0 0.421007 0.391602 0.432292 0.027344
0 0.330729 0.369141 0.255208 0.029297
0 0.505208 0.323242 0.406250 0.029297
0 0.229167 0.339844 0.055556 0.023438
0 0.552083 0.347656 0.263889 0.023438
0 0.329861 0.370117 0.250000 0.029297
0 0.223958 0.387695 0.041667 0.019531
0 0.534722 0.397461 0.211806 0.019531
0 0.526042 0.416992 0.145833 0.019531
0 0.223958 0.434570 0.055556 0.015625
0 0.534722 0.441406 0.052083 0.017578
0 0.236111 0.460938 0.118056 0.023438
0 0.286458 0.486328 0.079861 0.023438
0 0.270833 0.507812 0.208333 0.027344
0 0.772569 0.516602 0.041667 0.019531
0 0.289062 0.922363 0.449653 0.030273
0 0.110243 0.945801 0.095486 0.028320
0 0.330729 0.945312 0.185764 0.027344
0 0.294271 0.341309 0.067147 0.026043
0 0.284722 0.437500 0.076182 0.025040
0 0.327257 0.463867 0.077752 0.027043
0 0.211806 0.482422 0.089700 0.030859
0 0.408854 0.512695 0.088253 0.027043
0 0.196181 0.946289 0.096727 0.032862
