0 0.514160 0.605903 0.022461 0.281250
0 0.511230 0.238715 0.018555 0.085069
0 0.124023 0.447917 0.015625 0.100694
0 0.141602 0.492188 0.019531 0.109375
0 0.222656 0.574653 0.013672 0.131944
0 0.684570 0.548611 0.015625 0.114583
0 0.842285 0.547743 0.020508 0.164931
0 0.307617 0.666667 0.015625 0.170139
0 0.357422 0.664931 0.013672 0.173611
0 0.463867 0.663194 0.015625 0.177083
0 0.163574 0.861979 0.254883 0.053819
0 0.062012 0.903646 0.053711 0.050347
0 0.186035 0.904514 0.104492 0.045139
0 0.110352 0.904514 0.054409 0.058421
