0 0.294271 0.300293 0.158854 0.032227
0 0.535807 0.252441 0.238281 0.022461
0 0.538411 0.273926 0.167969 0.020508
0 0.535807 0.299316 0.240885 0.022461
0 0.363932 0.383789 0.305990 0.025391
0 0.343750 0.557129 0.263021 0.022461
0 0.683594 0.549316 0.088542 0.026367
0 0.587240 0.251953 0.127604 0.027344
0 0.294271 0.302734 0.164062 0.037109
0 0.238281 0.387695 0.052083 0.019531
0 0.261719 0.407227 0.098958 0.019531
0 0.630208 0.400879 0.161458 0.026367
0 0.262370 0.450195 0.108073 0.025391
0 0.463542 0.449219 0.078125 0.023438
0 0.321615 0.471680 0.226562 0.025391
0 0.291667 0.494141 0.166667 0.023438
0 0.475260 0.491211 0.078125 0.019531
0 0.677083 0.487305 0.075521 0.019531
0 0.225260 0.516602 0.031250 0.019531
0 0.432292 0.556641 0.078125 0.023438
0 0.679688 0.553711 0.080729 0.019531
0 0.664062 0.576172 0.093750 0.023438
0 0.682292 0.598633 0.080729 0.019531
0 0.272135 0.626953 0.106771 0.023438
0 0.694010 0.645508 0.062500 0.019531
