0 0.392361 0.187988 0.166667 0.024414
0 0.645833 0.154297 0.236111 0.013672
0 0.638021 0.187988 0.192708 0.014648
0 0.456597 0.254395 0.305556 0.014648
0 0.421007 0.515625 0.265625 0.021484
0 0.759549 0.523438 0.102431 0.015625
0 0.555556 0.305664 0.079861 0.015625
0 0.399306 0.320312 0.052083 0.013672
0 0.583333 0.337891 0.045139 0.013672
0 0.378472 0.370117 0.163194 0.015625
0 0.375000 0.403320 0.159722 0.015625
0 0.769097 0.406250 0.083333 0.013672
0 0.374132 0.435059 0.164931 0.018555
0 0.559028 0.438477 0.079861 0.015625
0 0.371528 0.485352 0.163194 0.015625
0 0.520833 0.520508 0.059028 0.015625
0 0.760417 0.524414 0.093750 0.015625
0 0.460069 0.535156 0.055556 0.017578
0 0.746528 0.541016 0.093750 0.013672
0 0.734375 0.557617 0.041667 0.015625
0 0.782986 0.558594 0.041667 0.013672
0 0.333333 0.584961 0.100694 0.015625
0 0.413194 0.585938 0.045139 0.013672
0 0.765625 0.591797 0.083333 0.013672
0 0.395833 0.671875 0.239583 0.017578
0 0.321181 0.725586 0.104167 0.015625
0 0.560764 0.729492 0.361111 0.019531
0 0.290799 0.922363 0.453125 0.030273
0 0.110243 0.945801 0.095486 0.028320
0 0.330729 0.946289 0.185764 0.025391
0 0.196181 0.946289 0.096727 0.032862
