0 0.474826 0.278320 0.140625 0.029297
0 0.467014 0.327637 0.434028 0.020508
0 0.289931 0.470215 0.152778 0.016602
0 0.281250 0.489746 0.135417 0.014648
0 0.500868 0.469238 0.185764 0.014648
0 0.500000 0.488770 0.187500 0.014648
0 0.356771 0.716797 0.300347 0.021484
0 0.703993 0.720215 0.147569 0.020508
0 0.640625 0.767578 0.281250 0.021484
0 0.477431 0.280273 0.152778 0.035156
0 0.467014 0.375977 0.232639 0.023438
0 0.464410 0.403809 0.359375 0.030273
0 0.430556 0.430664 0.079861 0.015625
0 0.503472 0.469727 0.190972 0.015625
0 0.465278 0.489258 0.121528 0.015625
0 0.567708 0.489258 0.062500 0.015625
0 0.335069 0.530273 0.097222 0.015625
0 0.239583 0.555664 0.107639 0.015625
0 0.722222 0.549805 0.086806 0.019531
0 0.269097 0.577148 0.180556 0.019531
0 0.598958 0.575195 0.076389 0.019531
0 0.722222 0.571289 0.086806 0.019531
0 0.267361 0.598633 0.177083 0.019531
0 0.598958 0.596680 0.083333 0.019531
0 0.725694 0.594727 0.086806 0.019531
0 0.600694 0.620117 0.079861 0.015625
0 0.725694 0.616211 0.086806 0.019531
0 0.248264 0.647461 0.079861 0.025391
0 0.347222 0.716797 0.291667 0.027344
0 0.572049 0.765625 0.161458 0.027344
0 0.595486 0.979492 0.090278 0.019531
0 0.380208 0.989258 0.131878 0.033003
