0 0.284028 0.190625 0.223611 0.037500
0 0.628472 0.133984 0.331944 0.021094
0 0.635417 0.157812 0.243056 0.025000
0 0.634028 0.185156 0.334722 0.023438
0 0.387500 0.280078 0.430556 0.024219
0 0.358333 0.485156 0.372222 0.025000
0 0.835417 0.483984 0.112500 0.024219
0 0.770833 0.300000 0.230556 0.021875
0 0.244444 0.349219 0.144444 0.023438
0 0.527778 0.348438 0.111111 0.025000
0 0.661111 0.346875 0.038889 0.018750
0 0.206944 0.374219 0.069444 0.020313
0 0.277778 0.372656 0.038889 0.020313
0 0.475000 0.371094 0.172222 0.023438
0 0.659722 0.369531 0.175000 0.020313
0 0.812500 0.368750 0.041667 0.018750
0 0.838889 0.391406 0.094444 0.020313
0 0.673611 0.416406 0.091667 0.023438
0 0.285417 0.441406 0.223611 0.023438
0 0.547222 0.439844 0.105556 0.020313
0 0.836111 0.485156 0.111111 0.020313
0 0.837500 0.532031 0.113889 0.020313
0 0.838889 0.557813 0.111111 0.021875
0 0.529167 0.676562 0.472222 0.029687
0 0.681944 0.701562 0.441667 0.025000
0 0.425000 0.775781 0.505556 0.023438
0 0.291667 0.923828 0.452778 0.032031
0 0.113889 0.947656 0.088889 0.023438
0 0.327778 0.946484 0.183333 0.025781
0 0.197917 0.946875 0.097990 0.032559
