0 0.336864 0.270020 0.088983 0.014648
0 0.613347 0.266113 0.099576 0.014648
0 0.354873 0.284668 0.133475 0.014648
0 0.579449 0.282715 0.171610 0.016602
0 0.592161 0.296387 0.154661 0.016602
0 0.418432 0.433594 0.078390 0.011719
0 0.640890 0.431152 0.074153 0.012695
0 0.375000 0.473633 0.165254 0.017578
0 0.593220 0.473633 0.173729 0.013672
0 0.447034 0.236328 0.105932 0.023438
0 0.560381 0.474609 0.103814 0.017578
0 0.652542 0.473633 0.055085 0.015625
0 0.272246 0.936035 0.455508 0.026367
