0 0.496094 0.273260 0.357422 0.027839
0 0.493164 0.307326 0.728516 0.031502
0 0.756348 0.485714 0.239258 0.024908
0 0.236816 0.740659 0.274414 0.038095
0 0.834473 0.736264 0.122070 0.032234
0 0.399902 0.347619 0.170898 0.028571
0 0.588867 0.347253 0.181641 0.023443
0 0.131836 0.583883 0.050781 0.026374
0 0.796387 0.579487 0.180664 0.036630
0 0.128906 0.679121 0.048828 0.032234
0 0.477539 0.677656 0.107422 0.036630
0 0.828613 0.675824 0.131836 0.038828
0 0.833008 0.735531 0.130859 0.038095
0 0.512695 0.583516 0.061592 0.039503
0 0.326660 0.738462 0.107830 0.049680
0 0.407227 0.813187 0.075178 0.039560
