0 0.507812 0.173133 0.117188 0.032943
0 0.510742 0.192899 0.224609 0.053441
0 0.504883 0.232064 0.390625 0.064422
0 0.504883 0.253660 0.375000 0.059297
0 0.504883 0.272694 0.392578 0.062225
0 0.596680 0.446193 0.277344 0.025622
0 0.438477 0.569546 0.267578 0.021962
0 0.705566 0.564422 0.088867 0.020498
0 0.524902 0.290996 0.266602 0.038799
0 0.520508 0.310761 0.322266 0.044656
0 0.478027 0.177892 0.065430 0.023426
0 0.541016 0.187408 0.035156 0.020498
0 0.533691 0.232430 0.047852 0.021230
0 0.328613 0.250732 0.047852 0.019766
0 0.460449 0.259517 0.127930 0.022694
0 0.562500 0.248170 0.035156 0.021962
0 0.634766 0.259151 0.027344 0.020498
0 0.374023 0.265739 0.035156 0.014641
0 0.564453 0.269400 0.074219 0.023426
0 0.318359 0.284773 0.025391 0.014641
0 0.430664 0.280381 0.189453 0.021962
0 0.462891 0.296486 0.148438 0.021962
0 0.406250 0.317716 0.039062 0.017570
0 0.410645 0.335286 0.069336 0.020498
0 0.411133 0.355051 0.087891 0.019034
0 0.422852 0.393119 0.111328 0.019034
0 0.539551 0.389092 0.088867 0.021230
0 0.643066 0.384700 0.088867 0.027086
0 0.618164 0.405564 0.201172 0.023426
0 0.333496 0.453148 0.059570 0.020498
0 0.382812 0.450952 0.027344 0.017570
0 0.542969 0.447291 0.181641 0.026354
0 0.359375 0.470717 0.113281 0.019034
0 0.581055 0.464861 0.320312 0.026354
0 0.446777 0.507321 0.291992 0.026354
0 0.633789 0.503660 0.072266 0.017570
0 0.730469 0.502196 0.027344 0.017570
0 0.538086 0.526354 0.095703 0.021962
0 0.465820 0.568814 0.216797 0.021962
0 0.705078 0.564422 0.093750 0.021962
0 0.427734 0.590776 0.025391 0.014641
0 0.510254 0.589678 0.129883 0.024158
0 0.398926 0.634700 0.204102 0.026354
0 0.536133 0.631040 0.060547 0.017570
0 0.348633 0.655930 0.095703 0.020498
0 0.714844 0.650073 0.097656 0.023426
0 0.727539 0.669839 0.076172 0.021962
0 0.354492 0.724012 0.064453 0.021962
0 0.365234 0.746706 0.085938 0.020498
0 0.405273 0.769400 0.169922 0.021962
0 0.365234 0.792826 0.089844 0.021962
0 0.560059 0.789898 0.174805 0.026354
0 0.450195 0.890190 0.091797 0.023426
0 0.763672 0.928258 0.070312 0.023426
0 0.591309 0.177892 0.071958 0.031806
0 0.568848 0.204246 0.148995 0.042679
0 0.471680 0.198389 0.050626 0.024597
0 0.584961 0.223280 0.057658 0.024189
0 0.664062 0.233163 0.055705 0.023467
0 0.675293 0.250732 0.056682 0.026682
0 0.334473 0.266471 0.038113 0.019292
0 0.445801 0.318082 0.041762 0.021020
0 0.327148 0.571376 0.056351 0.025382
0 0.382324 0.591874 0.057337 0.025382
0 0.441895 0.793192 0.059249 0.026874
0 0.709473 0.880307 0.048418 0.026995
0 0.370605 0.892020 0.065111 0.028362
