0 0.460286 0.051758 0.246094 0.027344
0 0.453125 0.082520 0.309896 0.024414
0 0.645182 0.915527 0.282552 0.028320
0 0.208333 0.616211 0.135417 0.021484
0 0.716797 0.613281 0.100260 0.023438
0 0.458333 0.050781 0.244792 0.023438
0 0.174479 0.108398 0.044271 0.015625
0 0.462240 0.146484 0.338542 0.037109
0 0.229167 0.179199 0.119792 0.024414
0 0.337240 0.176758 0.036458 0.019531
0 0.408854 0.174805 0.054688 0.019531
0 0.664062 0.170898 0.132812 0.019531
0 0.183594 0.206055 0.046875 0.015625
0 0.542969 0.226562 0.085938 0.023438
0 0.707031 0.226562 0.085938 0.023438
0 0.552083 0.290039 0.072917 0.025391
0 0.708333 0.289062 0.088542 0.023438
0 0.175781 0.351562 0.049479 0.023438
0 0.285156 0.352539 0.044271 0.025391
0 0.554688 0.353516 0.072917 0.023438
0 0.552083 0.382812 0.072917 0.023438
0 0.417969 0.417969 0.528646 0.027344
0 0.554688 0.445312 0.067708 0.023438
0 0.720052 0.443359 0.070312 0.023438
0 0.351562 0.480469 0.390625 0.023438
0 0.555990 0.507812 0.070312 0.023438
0 0.712240 0.505859 0.091146 0.023438
0 0.342448 0.550781 0.036458 0.017578
0 0.210938 0.577148 0.135417 0.029297
0 0.242188 0.642578 0.192708 0.027344
0 0.468750 0.644531 0.062500 0.023438
0 0.196615 0.695312 0.091146 0.023438
0 0.252604 0.729492 0.208333 0.029297
0 0.214844 0.761719 0.143229 0.027344
0 0.757812 0.760742 0.033854 0.019531
0 0.738281 0.795898 0.075521 0.025391
0 0.283854 0.864258 0.304688 0.035156
0 0.738281 0.866211 0.096354 0.025391
