0 0.540411 0.263194 0.442466 0.051389
0 0.478767 0.316319 0.686301 0.024306
0 0.484932 0.340278 0.372603 0.019444
0 0.337671 0.667708 0.510959 0.046528
0 0.224658 0.545486 0.186301 0.025694
0 0.810959 0.537847 0.098630 0.025694
0 0.543151 0.271875 0.458904 0.061806
0 0.702055 0.361458 0.269863 0.025694
0 0.504110 0.457639 0.054795 0.018056
0 0.202740 0.521528 0.145205 0.029167
0 0.271233 0.570139 0.063014 0.013889
0 0.130137 0.649306 0.063014 0.018056
0 0.134247 0.676389 0.098630 0.022222
0 0.688356 0.314236 0.107769 0.031058
0 0.200685 0.646181 0.094570 0.031083
0 0.431507 0.811111 0.103622 0.031762
