0 0.497070 0.149414 0.451172 0.091797
0 0.488281 0.217773 0.355469 0.054688
0 0.525879 0.385254 0.090820 0.038086
0 0.714355 0.396973 0.125977 0.041992
0 0.289062 0.649902 0.257812 0.047852
0 0.726562 0.658691 0.099609 0.040039
0 0.235840 0.409668 0.120117 0.032227
0 0.354492 0.414062 0.083984 0.035156
0 0.530273 0.421875 0.095703 0.033203
0 0.744141 0.437500 0.076172 0.039062
0 0.486816 0.150879 0.450195 0.098633
0 0.486816 0.257324 0.223633 0.038086
0 0.485840 0.304199 0.305664 0.059570
0 0.546387 0.357910 0.124023 0.032227
0 0.232422 0.375000 0.089844 0.027344
0 0.521973 0.391602 0.077148 0.037109
0 0.237305 0.411133 0.107422 0.029297
0 0.343262 0.415527 0.065430 0.030273
0 0.284180 0.453125 0.207031 0.037109
0 0.339844 0.499023 0.101562 0.029297
0 0.500000 0.506836 0.031250 0.029297
0 0.610352 0.510742 0.064453 0.029297
0 0.232422 0.567383 0.046875 0.029297
0 0.497070 0.561523 0.052734 0.029297
0 0.287109 0.844727 0.158203 0.035156
0 0.286133 0.907227 0.123047 0.029297
0 0.434082 0.908203 0.131836 0.031250
