0 0.354818 0.223633 0.209635 0.041016
0 0.354818 0.251465 0.261719 0.043945
0 0.557943 0.872070 0.240885 0.039062
0 0.610677 0.601074 0.080729 0.028320
0 0.157552 0.627441 0.122396 0.022461
0 0.291667 0.193359 0.065104 0.041016
0 0.395833 0.248535 0.184896 0.036133
0 0.248698 0.262695 0.041667 0.015625
0 0.289062 0.257812 0.041667 0.023438
0 0.114583 0.294922 0.039062 0.013672
0 0.321615 0.320312 0.203125 0.041016
0 0.576823 0.325195 0.049479 0.025391
0 0.420573 0.339844 0.085938 0.027344
0 0.166667 0.356445 0.101562 0.019531
0 0.261719 0.351562 0.031250 0.017578
0 0.588542 0.375977 0.062500 0.025391
0 0.309896 0.397461 0.044271 0.015625
0 0.446615 0.388672 0.065104 0.023438
0 0.447917 0.420898 0.161458 0.029297
0 0.561198 0.407227 0.031250 0.019531
0 0.237630 0.429199 0.269531 0.030273
0 0.593750 0.430664 0.062500 0.025391
0 0.313802 0.450195 0.041667 0.015625
0 0.609375 0.484375 0.046875 0.023438
0 0.451823 0.495117 0.075521 0.025391
0 0.572917 0.488281 0.036458 0.023438
0 0.316406 0.502930 0.041667 0.015625
0 0.207682 0.537109 0.128906 0.031250
0 0.320312 0.557617 0.044271 0.015625
0 0.157552 0.627930 0.122396 0.025391
0 0.183594 0.650391 0.179688 0.031250
0 0.397135 0.640625 0.054688 0.023438
0 0.126302 0.701172 0.039062 0.023438
0 0.301432 0.689941 0.178385 0.036133
0 0.125000 0.730469 0.041667 0.027344
0 0.169271 0.758301 0.130208 0.026367
0 0.638021 0.762695 0.067708 0.025391
0 0.195312 0.787109 0.182292 0.031250
0 0.197917 0.818359 0.190104 0.037109
0 0.638021 0.823242 0.083333 0.025391
0 0.170573 0.890625 0.085938 0.027344
0 0.406250 0.910156 0.166667 0.031250
0 0.391927 0.935547 0.411458 0.041016
0 0.313151 0.227051 0.135306 0.038299
0 0.465495 0.308105 0.093482 0.037060
0 0.517578 0.331055 0.074642 0.027165
0 0.322266 0.347168 0.053670 0.024606
0 0.520182 0.465820 0.053670 0.023563
0 0.606771 0.541504 0.068280 0.028410
0 0.188802 0.726562 0.101118 0.042203
