0 0.424805 0.198901 0.285156 0.032967
0 0.425781 0.222711 0.589844 0.045421
0 0.631836 0.352747 0.201172 0.031502
0 0.208496 0.796703 0.233398 0.032967
0 0.708008 0.795238 0.128906 0.031502
0 0.183594 0.228571 0.105469 0.020513
0 0.424805 0.252381 0.294922 0.032967
0 0.139648 0.441026 0.041016 0.023443
0 0.666992 0.427839 0.144531 0.030769
0 0.701660 0.577289 0.110352 0.035165
0 0.411133 0.746520 0.105469 0.032234
0 0.713867 0.742857 0.113281 0.030769
0 0.707520 0.794872 0.135742 0.038095
