0 0.392361 0.426953 0.334722 0.021094
0 0.813194 0.414844 0.106944 0.015625
0 0.409722 0.287109 0.375000 0.024219
0 0.317361 0.208203 0.198611 0.028906
0 0.617361 0.165234 0.254167 0.017969
0 0.622222 0.184375 0.325000 0.018750
0 0.621528 0.206250 0.251389 0.020313
0 0.577778 0.382812 0.055556 0.018750
0 0.776389 0.377344 0.033333 0.015625
0 0.325694 0.389453 0.204167 0.022656
0 0.823611 0.455469 0.102778 0.020313
0 0.788889 0.476562 0.055556 0.018750
0 0.829167 0.495312 0.102778 0.021875
0 0.395833 0.616797 0.191667 0.025781
0 0.265278 0.621875 0.052778 0.018750
0 0.380556 0.683594 0.150000 0.023438
0 0.292361 0.923828 0.451389 0.032031
0 0.113194 0.947656 0.095833 0.029687
0 0.329167 0.947266 0.188889 0.028906
0 0.865972 0.601562 0.061806 0.023077
0 0.197917 0.946875 0.097990 0.032559
