0 0.461806 0.208008 0.486111 0.025391
0 0.395833 0.237305 0.579861 0.025391
0 0.345486 0.317383 0.482639 0.023438
0 0.243924 0.601074 0.303819 0.022461
0 0.756944 0.596680 0.149306 0.019531
0 0.234375 0.293945 0.253472 0.025391
0 0.505208 0.293945 0.260417 0.025391
0 0.500000 0.319336 0.173611 0.023438
0 0.178819 0.350586 0.149306 0.025391
0 0.421875 0.348633 0.048611 0.019531
0 0.510417 0.348633 0.059028 0.019531
0 0.223958 0.380859 0.274306 0.027344
0 0.189236 0.408203 0.197917 0.027344
0 0.753472 0.403320 0.131944 0.025391
0 0.173611 0.433594 0.166667 0.023438
0 0.545139 0.458984 0.090278 0.023438
0 0.195312 0.488281 0.213542 0.027344
0 0.545139 0.485352 0.086806 0.019531
0 0.171875 0.515625 0.156250 0.023438
0 0.223958 0.543945 0.093750 0.025391
0 0.750000 0.538086 0.138889 0.025391
0 0.253472 0.571289 0.326389 0.029297
0 0.243056 0.604492 0.312500 0.029297
0 0.442708 0.637695 0.500000 0.039062
0 0.289062 0.922363 0.449653 0.030273
0 0.330729 0.945312 0.185764 0.027344
0 0.196181 0.946289 0.096727 0.032862
