0 0.486229 0.134766 0.180085 0.019531
0 0.477754 0.159180 0.654661 0.023438
0 0.489407 0.182617 0.521186 0.021484
0 0.491525 0.280762 0.305085 0.016602
0 0.531780 0.629883 0.177966 0.019531
0 0.799788 0.630859 0.103814 0.015625
0 0.358051 0.182617 0.250000 0.025391
0 0.527542 0.205078 0.275424 0.023438
0 0.544492 0.260742 0.059322 0.015625
0 0.197034 0.393555 0.127119 0.019531
0 0.752119 0.392578 0.161017 0.017578
0 0.264831 0.416016 0.262712 0.017578
0 0.783898 0.437500 0.105932 0.017578
0 0.796610 0.578125 0.105932 0.017578
0 0.530720 0.629395 0.197034 0.028320
0 0.800847 0.628906 0.105932 0.017578
0 0.313559 0.708984 0.423729 0.027344
0 0.274364 0.936035 0.451271 0.026367
