0 0.477214 0.499512 0.225260 0.022461
0 0.475260 0.529297 0.270833 0.021484
0 0.617839 0.802734 0.214844 0.019531
0 0.261719 0.741699 0.122396 0.020508
0 0.694010 0.742676 0.083333 0.018555
0 0.477865 0.500000 0.221354 0.023438
0 0.214844 0.555664 0.041667 0.015625
0 0.479167 0.598633 0.304688 0.035156
0 0.367188 0.629883 0.033854 0.019531
0 0.430990 0.628906 0.054688 0.023438
0 0.535156 0.631836 0.091146 0.025391
0 0.414062 0.682617 0.044271 0.015625
0 0.255208 0.740234 0.119792 0.027344
0 0.480469 0.767578 0.052083 0.017578
0 0.476562 0.828125 0.151042 0.023438
0 0.361328 0.528809 0.055642 0.026043
