0 0.487288 0.157715 0.177966 0.022461
0 0.477754 0.183105 0.654661 0.022461
0 0.493644 0.301270 0.305085 0.016602
0 0.495763 0.204590 0.516949 0.020508
0 0.791314 0.554199 0.103814 0.014648
0 0.531780 0.554199 0.169492 0.020508
0 0.548729 0.284180 0.059322 0.015625
0 0.493644 0.303711 0.076271 0.015625
0 0.224576 0.328125 0.173729 0.017578
0 0.211864 0.436523 0.165254 0.019531
0 0.788136 0.503906 0.105932 0.017578
0 0.528602 0.554199 0.192797 0.026367
0 0.792373 0.553711 0.105932 0.019531
0 0.796610 0.581055 0.105932 0.015625
0 0.288136 0.629883 0.338983 0.025391
0 0.493644 0.700195 0.372881 0.019531
0 0.274364 0.936035 0.451271 0.026367
