0 0.506849 0.221875 0.413699 0.050694
0 0.438356 0.268056 0.654795 0.031944
0 0.443151 0.292361 0.363014 0.026389
0 0.291781 0.717708 0.479452 0.028472
0 0.221918 0.569444 0.295890 0.023611
0 0.739726 0.574653 0.117808 0.020139
0 0.503425 0.228125 0.445205 0.061806
0 0.106849 0.409028 0.065753 0.018056
0 0.190411 0.489583 0.060274 0.025000
0 0.200685 0.543750 0.264384 0.029167
0 0.644521 0.274653 0.102238 0.029647
0 0.461644 0.318403 0.081812 0.024078
0 0.591096 0.412153 0.068212 0.025649
0 0.120548 0.514583 0.106302 0.033167
0 0.118493 0.569792 0.102098 0.031058
