0 0.504883 0.168864 0.357422 0.025641
0 0.514160 0.204029 0.719727 0.034432
0 0.763672 0.374725 0.246094 0.025641
0 0.251953 0.816850 0.267578 0.043956
0 0.838867 0.818315 0.144531 0.032234
0 0.407227 0.243223 0.166016 0.023443
0 0.596680 0.241026 0.183594 0.026374
0 0.159180 0.476923 0.046875 0.026374
0 0.484863 0.564469 0.106445 0.038828
0 0.847168 0.563736 0.112305 0.041758
0 0.280273 0.712088 0.310547 0.039560
0 0.485352 0.758242 0.126953 0.036630
0 0.845703 0.759707 0.132812 0.036630
0 0.204102 0.813187 0.179688 0.046886
0 0.839844 0.819048 0.152344 0.038095
0 0.471680 0.711355 0.089098 0.049680
0 0.339355 0.814652 0.107956 0.051154
