0 0.282552 0.176270 0.153646 0.030273
0 0.511068 0.127930 0.248698 0.021484
0 0.510417 0.149414 0.231771 0.015625
0 0.510417 0.172363 0.205729 0.020508
0 0.344401 0.256348 0.287760 0.020508
0 0.329427 0.485352 0.244792 0.023438
0 0.636719 0.482422 0.091146 0.021484
0 0.343750 0.257812 0.286458 0.027344
0 0.250000 0.278320 0.096354 0.019531
0 0.600911 0.273926 0.157552 0.026367
0 0.438802 0.318359 0.075521 0.023438
0 0.631510 0.314453 0.075521 0.023438
0 0.278646 0.380859 0.151042 0.019531
0 0.446615 0.381836 0.083333 0.019531
0 0.636719 0.378906 0.083333 0.017578
0 0.218750 0.402344 0.028646 0.017578
0 0.639323 0.400391 0.083333 0.017578
0 0.223958 0.422852 0.039062 0.019531
0 0.274740 0.424805 0.046875 0.015625
0 0.279948 0.444336 0.151042 0.019531
0 0.411458 0.485352 0.070312 0.019531
0 0.638021 0.483398 0.085938 0.019531
0 0.630208 0.503906 0.085938 0.017578
0 0.640625 0.524414 0.085938 0.019531
0 0.246094 0.569336 0.062500 0.019531
0 0.641927 0.588867 0.088542 0.019531
0 0.302083 0.654297 0.197917 0.023438
0 0.592448 0.655273 0.192708 0.019531
0 0.587240 0.698242 0.203125 0.019531
0 0.542969 0.786133 0.299479 0.025391
