0 0.449153 0.192871 0.182203 0.020508
0 0.436441 0.216797 0.686441 0.029297
0 0.449153 0.240234 0.542373 0.023438
0 0.452331 0.343262 0.319915 0.016602
0 0.490466 0.609863 0.180085 0.018555
0 0.762712 0.608887 0.101695 0.014648
0 0.447034 0.264648 0.377119 0.025391
0 0.559322 0.323242 0.063559 0.015625
0 0.341102 0.342773 0.101695 0.019531
0 0.449153 0.343750 0.080508 0.017578
0 0.529661 0.343750 0.046610 0.017578
0 0.139831 0.461914 0.131356 0.019531
0 0.758475 0.512695 0.105932 0.019531
0 0.758475 0.556641 0.105932 0.017578
0 0.491525 0.581055 0.194915 0.025391
0 0.490466 0.608398 0.197034 0.025391
0 0.760593 0.608398 0.110169 0.019531
0 0.764831 0.635742 0.110169 0.019531
0 0.451271 0.763672 0.394068 0.023438
0 0.274364 0.936035 0.451271 0.026367
