0 0.434082 0.103587 0.280273 0.032943
0 0.364746 0.055637 0.284180 0.040996
0 0.429199 0.145315 0.540039 0.041728
0 0.470703 0.295022 0.220703 0.035139
0 0.660156 0.289165 0.107422 0.027818
0 0.354980 0.544290 0.317383 0.032943
0 0.662109 0.536237 0.134766 0.024158
0 0.434082 0.104319 0.286133 0.037335
0 0.297852 0.131772 0.033203 0.023426
0 0.374023 0.129575 0.105469 0.026354
0 0.516113 0.122987 0.147461 0.030747
0 0.462891 0.148609 0.173828 0.026354
0 0.633789 0.141288 0.132812 0.026354
0 0.259766 0.176428 0.035156 0.021962
0 0.354980 0.171669 0.120117 0.030015
0 0.370605 0.193631 0.254883 0.030015
0 0.573730 0.185578 0.122070 0.031479
0 0.684570 0.203514 0.033203 0.020498
0 0.371094 0.246706 0.101562 0.021962
0 0.473633 0.243777 0.080078 0.021962
0 0.565918 0.239385 0.083008 0.026354
0 0.435059 0.265373 0.541992 0.040264
0 0.269531 0.303075 0.035156 0.023426
0 0.512207 0.297218 0.143555 0.032211
0 0.660156 0.291362 0.115234 0.027818
0 0.244141 0.325769 0.142578 0.026354
0 0.361328 0.322108 0.074219 0.023426
0 0.655273 0.376281 0.128906 0.027818
0 0.386719 0.404100 0.035156 0.023426
0 0.318359 0.467057 0.074219 0.023426
0 0.390625 0.464861 0.035156 0.021962
0 0.464844 0.502928 0.123047 0.026354
0 0.659180 0.497804 0.126953 0.023426
0 0.244141 0.550146 0.101562 0.024158
0 0.407227 0.543924 0.210938 0.029283
0 0.661133 0.538067 0.128906 0.026354
0 0.292969 0.567350 0.058594 0.019034
0 0.674805 0.557101 0.015625 0.017570
0 0.397461 0.592240 0.210938 0.026354
0 0.257812 0.614934 0.109375 0.023426
0 0.664062 0.609078 0.125000 0.023426
0 0.227539 0.634700 0.044922 0.019034
0 0.685547 0.629575 0.085938 0.023426
0 0.227539 0.654466 0.044922 0.020498
0 0.673828 0.650073 0.113281 0.023426
0 0.249023 0.694729 0.033203 0.021962
0 0.287109 0.695461 0.031250 0.017570
0 0.280273 0.715227 0.091797 0.021962
0 0.320312 0.735725 0.173828 0.026354
0 0.261719 0.754026 0.054688 0.020498
0 0.458984 0.755857 0.255859 0.028551
0 0.257812 0.775256 0.042969 0.021962
0 0.303223 0.796486 0.135742 0.027818
0 0.288086 0.814788 0.109375 0.026354
0 0.375977 0.815520 0.052734 0.020498
0 0.502930 0.836018 0.015625 0.016105
0 0.387695 0.874085 0.044922 0.020498
0 0.515625 0.874451 0.125000 0.022694
0 0.426270 0.890190 0.047852 0.020498
0 0.479492 0.893119 0.044922 0.017570
