0 0.440104 0.027344 0.278646 0.033203
0 0.439453 0.062500 0.332031 0.029297
0 0.126953 0.646973 0.162760 0.040039
0 0.752604 0.644531 0.140625 0.031250
0 0.441406 0.122070 0.369792 0.035156
0 0.183594 0.154297 0.127604 0.027344
0 0.304688 0.152344 0.041667 0.023438
0 0.382812 0.151367 0.059896 0.019531
0 0.532552 0.210938 0.096354 0.023438
0 0.714844 0.209961 0.096354 0.025391
0 0.119792 0.275391 0.052083 0.023438
0 0.240885 0.276367 0.044271 0.025391
0 0.545573 0.274414 0.075521 0.025391
0 0.151042 0.306641 0.119792 0.023438
0 0.358073 0.305664 0.057292 0.019531
0 0.721354 0.304688 0.098958 0.027344
0 0.362630 0.343750 0.545573 0.027344
0 0.358073 0.374023 0.057292 0.019531
0 0.542969 0.375977 0.080729 0.025391
0 0.734375 0.373047 0.083333 0.027344
0 0.367839 0.413086 0.571615 0.029297
0 0.355469 0.445312 0.059896 0.023438
0 0.537760 0.447266 0.096354 0.027344
0 0.731771 0.441406 0.104167 0.027344
0 0.235677 0.485352 0.325521 0.025391
0 0.509115 0.483398 0.117188 0.025391
0 0.546875 0.517578 0.083333 0.027344
0 0.745443 0.514160 0.089844 0.032227
0 0.122396 0.566406 0.138021 0.039062
0 0.294271 0.568359 0.041667 0.023438
0 0.137370 0.600586 0.167969 0.035156
0 0.120443 0.647461 0.152344 0.041016
0 0.165365 0.681641 0.236979 0.031250
0 0.455729 0.684570 0.072917 0.029297
0 0.244792 0.746094 0.385417 0.031250
0 0.130208 0.829102 0.177083 0.029297
0 0.184896 0.951172 0.302083 0.046875
0 0.769531 0.952148 0.114583 0.035156
0 0.181641 0.275391 0.079040 0.034856
0 0.365234 0.955078 0.083993 0.044665
