0 0.227214 0.229492 0.173177 0.048828
0 0.504557 0.159180 0.274740 0.042969
0 0.501953 0.188477 0.188802 0.035156
0 0.501302 0.213379 0.276042 0.038086
0 0.304688 0.322754 0.343750 0.036133
0 0.284505 0.500000 0.292969 0.027344
0 0.673177 0.491211 0.096354 0.023438
0 0.162760 0.331055 0.059896 0.025391
0 0.613932 0.334961 0.196615 0.035156
0 0.187500 0.354492 0.109375 0.025391
0 0.415365 0.396484 0.091146 0.027344
0 0.524740 0.392578 0.033854 0.023438
0 0.652344 0.385742 0.096354 0.029297
0 0.223307 0.453125 0.183594 0.029297
0 0.667969 0.438477 0.096354 0.025391
0 0.640625 0.493164 0.033854 0.019531
0 0.692708 0.492188 0.052083 0.023438
0 0.673177 0.544922 0.096354 0.023438
0 0.674479 0.572266 0.098958 0.023438
0 0.164062 0.606445 0.062500 0.025391
0 0.279948 0.605469 0.049479 0.023438
0 0.424479 0.628906 0.364583 0.031250
0 0.420573 0.709961 0.388021 0.029297
0 0.398438 0.821289 0.291667 0.025391
0 0.224609 0.604980 0.051816 0.030078
