0 0.477214 0.250977 0.324219 0.031250
0 0.473307 0.294922 0.386719 0.029297
0 0.690755 0.766113 0.316406 0.030273
0 0.174479 0.677734 0.179688 0.029297
0 0.804036 0.671387 0.105469 0.024414
0 0.477214 0.251953 0.324219 0.037109
0 0.101562 0.329102 0.057292 0.025391
0 0.480469 0.392578 0.434896 0.046875
0 0.185547 0.438965 0.160156 0.040039
0 0.326823 0.437500 0.049479 0.027344
0 0.416667 0.437500 0.072917 0.027344
0 0.562500 0.436523 0.127604 0.035156
0 0.743490 0.431641 0.174479 0.031250
0 0.356771 0.475586 0.528646 0.035156
0 0.391927 0.508789 0.065104 0.025391
0 0.585938 0.509766 0.109375 0.031250
0 0.796875 0.504883 0.114583 0.029297
0 0.587240 0.586914 0.111979 0.029297
0 0.149740 0.641602 0.145833 0.039062
0 0.164714 0.676758 0.175781 0.039062
0 0.201823 0.712891 0.242188 0.031250
0 0.497396 0.711914 0.078125 0.029297
0 0.805990 0.712891 0.111979 0.031250
0 0.485677 0.809570 0.223958 0.039062
0 0.462240 0.838867 0.552083 0.039062
0 0.312500 0.294922 0.085315 0.040698
