0 0.492188 0.267578 0.268229 0.023438
0 0.493490 0.302246 0.335938 0.028320
0 0.690755 0.885742 0.295573 0.033203
0 0.218099 0.557617 0.157552 0.025391
0 0.779948 0.556152 0.091146 0.020508
0 0.490885 0.269531 0.273438 0.027344
0 0.542969 0.304688 0.231771 0.027344
0 0.496094 0.381836 0.442708 0.041016
0 0.231771 0.420898 0.135417 0.029297
0 0.359375 0.417969 0.041667 0.023438
0 0.438802 0.416992 0.065104 0.025391
0 0.569010 0.417969 0.111979 0.027344
0 0.726562 0.415039 0.151042 0.025391
0 0.635417 0.448242 0.041667 0.025391
0 0.417969 0.480469 0.059896 0.023438
0 0.591146 0.482422 0.098958 0.027344
0 0.773438 0.482422 0.098958 0.027344
0 0.235677 0.526367 0.049479 0.025391
0 0.214193 0.559570 0.160156 0.035156
0 0.233073 0.596680 0.226562 0.029297
0 0.781250 0.593750 0.098958 0.027344
0 0.390625 0.651367 0.218750 0.029297
0 0.276042 0.688477 0.273438 0.039062
0 0.217448 0.725586 0.158854 0.029297
0 0.250000 0.803711 0.231771 0.035156
0 0.184896 0.837891 0.093750 0.027344
0 0.346354 0.837891 0.242188 0.042969
0 0.501302 0.926758 0.205729 0.029297
0 0.480469 0.952148 0.502604 0.029297
0 0.348958 0.304199 0.067323 0.031862
0 0.583984 0.450684 0.060474 0.031862
0 0.175781 0.526855 0.090495 0.041692
