0 0.449219 0.070801 0.247396 0.034180
0 0.195312 0.834473 0.138021 0.028320
0 0.761719 0.823730 0.111979 0.026367
0 0.461589 0.178711 0.365885 0.052734
0 0.680339 0.201660 0.144531 0.028320
0 0.215495 0.220703 0.128906 0.027344
0 0.332031 0.217773 0.036458 0.019531
0 0.406250 0.214844 0.057292 0.023438
0 0.506510 0.211914 0.057292 0.019531
0 0.562500 0.267578 0.072917 0.027344
0 0.191406 0.308594 0.106771 0.023438
0 0.391927 0.304688 0.052083 0.017578
0 0.560547 0.298340 0.079427 0.030273
0 0.730469 0.290039 0.091146 0.025391
0 0.567708 0.364258 0.072917 0.025391
0 0.192708 0.404297 0.114583 0.023438
0 0.393229 0.399414 0.054688 0.019531
0 0.565104 0.396484 0.078125 0.027344
0 0.736328 0.388184 0.097656 0.030273
0 0.435547 0.433594 0.605469 0.041016
0 0.218750 0.469727 0.166667 0.029297
0 0.192708 0.502930 0.114583 0.025391
0 0.395833 0.497070 0.054688 0.019531
0 0.567057 0.493652 0.082031 0.030273
0 0.456380 0.533691 0.647135 0.041992
0 0.395833 0.565430 0.054688 0.019531
0 0.572266 0.562012 0.082031 0.030273
0 0.398438 0.604492 0.539062 0.039062
0 0.744792 0.595703 0.041667 0.023438
0 0.394531 0.634766 0.059896 0.023438
0 0.566406 0.632812 0.096354 0.027344
0 0.753906 0.630859 0.101562 0.031250
0 0.429036 0.675781 0.597656 0.041016
0 0.395833 0.708008 0.054688 0.019531
0 0.572917 0.705078 0.098958 0.027344
0 0.757812 0.701172 0.098958 0.027344
0 0.341146 0.759766 0.041667 0.023438
0 0.231771 0.834961 0.072917 0.029297
0 0.764323 0.825195 0.117188 0.029297
0 0.231771 0.866211 0.213542 0.029297
0 0.486979 0.867188 0.067708 0.027344
0 0.559245 0.208496 0.055545 0.032393
0 0.692057 0.598145 0.062555 0.031875
