0 0.317708 0.382324 0.093750 0.020508
0 0.577257 0.384766 0.192708 0.019531
0 0.335069 0.403320 0.142361 0.017578
0 0.572917 0.404297 0.197917 0.015625
0 0.593750 0.423340 0.152778 0.016602
0 0.278646 0.549805 0.053819 0.019531
0 0.400174 0.551270 0.092014 0.016602
0 0.498264 0.550781 0.041667 0.017578
0 0.636285 0.552246 0.074653 0.016602
0 0.342014 0.605957 0.173611 0.022461
0 0.583333 0.609863 0.180556 0.022461
0 0.460938 0.333008 0.310764 0.037109
0 0.500000 0.515625 0.072917 0.017578
0 0.395833 0.572266 0.114583 0.017578
0 0.644097 0.572266 0.062500 0.017578
0 0.583333 0.610352 0.184028 0.019531
0 0.290799 0.922363 0.453125 0.030273
0 0.110243 0.945801 0.095486 0.028320
0 0.328993 0.946289 0.182292 0.025391
0 0.196181 0.946289 0.096727 0.032862
