0 0.233507 0.203125 0.223958 0.027344
0 0.578125 0.150391 0.336806 0.017578
0 0.582465 0.173828 0.324653 0.019531
0 0.577257 0.198730 0.289931 0.018555
0 0.335938 0.296875 0.428819 0.021484
0 0.309896 0.456543 0.369792 0.018555
0 0.780382 0.454102 0.109375 0.021484
0 0.236111 0.206055 0.232639 0.042969
0 0.717014 0.314453 0.225694 0.023438
0 0.477431 0.364258 0.114583 0.025391
0 0.609375 0.362305 0.041667 0.019531
0 0.236111 0.412109 0.229167 0.023438
0 0.494792 0.410156 0.114583 0.023438
0 0.777778 0.408203 0.111111 0.023438
0 0.432292 0.456055 0.107639 0.025391
0 0.779514 0.454102 0.111111 0.019531
0 0.781250 0.500000 0.111111 0.023438
0 0.232639 0.551758 0.215278 0.025391
0 0.782986 0.546875 0.114583 0.023438
0 0.290799 0.922363 0.453125 0.030273
0 0.111979 0.946289 0.092014 0.027344
0 0.330729 0.946289 0.185764 0.025391
0 0.196181 0.946289 0.096727 0.032862
