0 0.217448 0.239746 0.182292 0.036133
0 0.493490 0.189453 0.296875 0.025391
0 0.493490 0.216309 0.265625 0.020508
0 0.492839 0.245117 0.246094 0.027344
0 0.291667 0.338867 0.335938 0.027344
0 0.261068 0.509277 0.290365 0.024414
0 0.628906 0.518066 0.104167 0.022461
0 0.291667 0.342773 0.338542 0.029297
0 0.178385 0.363281 0.111979 0.023438
0 0.595052 0.371094 0.179688 0.023438
0 0.402344 0.418945 0.085938 0.025391
0 0.505208 0.418945 0.028646 0.019531
0 0.627604 0.419922 0.088542 0.023438
0 0.169271 0.437500 0.098958 0.023438
0 0.360677 0.439453 0.268229 0.027344
0 0.215495 0.460938 0.194010 0.027344
0 0.407552 0.465820 0.098958 0.019531
0 0.363281 0.513672 0.085938 0.023438
0 0.186198 0.584961 0.111979 0.025391
0 0.634115 0.619141 0.091146 0.023438
0 0.360677 0.813477 0.273438 0.029297
0 0.584635 0.819336 0.153646 0.025391
