0 0.485677 0.420898 0.244792 0.027344
0 0.481771 0.455566 0.302083 0.022461
0 0.647135 0.886719 0.247396 0.019531
0 0.242839 0.818848 0.141927 0.022461
0 0.740885 0.813965 0.080729 0.018555
0 0.484375 0.422852 0.244792 0.025391
0 0.483073 0.454102 0.304688 0.025391
0 0.199219 0.483398 0.046875 0.019531
0 0.363281 0.562500 0.039062 0.023438
0 0.434896 0.562500 0.057292 0.023438
0 0.550781 0.564453 0.101562 0.027344
0 0.691406 0.561523 0.138021 0.025391
0 0.442708 0.593262 0.515625 0.028320
0 0.569010 0.622070 0.085938 0.025391
0 0.735677 0.623047 0.085938 0.023438
0 0.269531 0.657227 0.184896 0.025391
0 0.535156 0.658203 0.190104 0.027344
0 0.414062 0.684570 0.054688 0.019531
0 0.570312 0.686523 0.088542 0.025391
0 0.736979 0.686523 0.088542 0.025391
0 0.462240 0.722656 0.570312 0.027344
0 0.412760 0.749023 0.052083 0.019531
0 0.570312 0.750977 0.088542 0.025391
0 0.735677 0.749023 0.085938 0.025391
0 0.256510 0.791016 0.044271 0.023438
0 0.269531 0.819336 0.065104 0.025391
0 0.498698 0.846680 0.057292 0.019531
0 0.738281 0.844727 0.085938 0.025391
0 0.485677 0.885254 0.575521 0.030273
0 0.486979 0.916016 0.171875 0.027344
0 0.282552 0.932617 0.041667 0.019531
0 0.519531 0.937500 0.320312 0.023438
0 0.399089 0.656738 0.086953 0.033860
0 0.202474 0.817383 0.073773 0.032862
0 0.332031 0.935059 0.057072 0.022011
