0 0.341797 0.175781 0.144531 0.027344
0 0.567057 0.132812 0.162760 0.021484
0 0.567708 0.155273 0.203125 0.019531
0 0.567057 0.177734 0.178385 0.019531
0 0.403646 0.258789 0.273438 0.019531
0 0.379557 0.555176 0.235677 0.020508
0 0.684896 0.559082 0.072917 0.018555
0 0.403646 0.258789 0.273438 0.019531
0 0.656250 0.259766 0.117188 0.017578
0 0.649740 0.280273 0.145833 0.019531
0 0.473958 0.320312 0.028646 0.017578
0 0.645833 0.341797 0.070312 0.017578
0 0.340495 0.378418 0.144531 0.020508
0 0.505208 0.380859 0.065104 0.013672
0 0.688802 0.380859 0.067708 0.017578
0 0.578125 0.400391 0.065104 0.017578
0 0.339844 0.416992 0.145833 0.019531
0 0.503906 0.420898 0.067708 0.015625
0 0.337240 0.475586 0.145833 0.019531
0 0.509115 0.478516 0.057292 0.017578
0 0.315104 0.497070 0.101562 0.019531
0 0.334635 0.516602 0.145833 0.019531
0 0.509115 0.518555 0.057292 0.015625
0 0.462240 0.556641 0.067708 0.017578
0 0.700521 0.560547 0.039062 0.013672
0 0.679688 0.581055 0.059896 0.015625
0 0.684896 0.620117 0.070312 0.015625
0 0.629557 0.701172 0.178385 0.023438
0 0.621745 0.741211 0.194010 0.027344
0 0.597656 0.825195 0.247396 0.025391
0 0.324219 0.879883 0.046875 0.015625
0 0.509115 0.883789 0.309896 0.025391
0 0.649089 0.156738 0.049914 0.029854
