0 0.474826 0.330566 0.477431 0.053711
0 0.479167 0.359375 0.423611 0.041016
0 0.327257 0.411621 0.310764 0.018555
0 0.322917 0.578613 0.173611 0.022461
0 0.778646 0.559570 0.095486 0.017578
0 0.385417 0.335938 0.315972 0.039062
0 0.645833 0.350586 0.097222 0.025391
0 0.434028 0.362305 0.347222 0.025391
0 0.539931 0.385742 0.052083 0.025391
0 0.375000 0.409180 0.416667 0.029297
0 0.276042 0.432617 0.218750 0.025391
0 0.256076 0.452637 0.171875 0.026367
0 0.340278 0.483398 0.107639 0.015625
0 0.334201 0.507812 0.213542 0.025391
0 0.595486 0.506836 0.083333 0.019531
0 0.296007 0.525391 0.147569 0.027344
0 0.362847 0.577148 0.076389 0.019531
0 0.782118 0.576172 0.105903 0.025391
0 0.352431 0.634766 0.170139 0.027344
0 0.632812 0.323242 0.186181 0.052590
0 0.688368 0.392578 0.237645 0.040848
0 0.278646 0.580566 0.103192 0.026081
