0 0.461589 0.368652 0.217448 0.020508
0 0.458984 0.394043 0.261719 0.020508
0 0.619141 0.862793 0.233073 0.022461
0 0.227865 0.809082 0.125000 0.020508
0 0.702474 0.802734 0.089844 0.021484
0 0.461589 0.368164 0.217448 0.027344
0 0.210938 0.415039 0.028646 0.015625
0 0.464844 0.456055 0.302083 0.035156
0 0.222656 0.481445 0.046875 0.019531
0 0.355469 0.482422 0.031250 0.017578
0 0.419271 0.482422 0.049479 0.017578
0 0.522135 0.485352 0.091146 0.025391
0 0.645833 0.483398 0.117188 0.019531
0 0.675781 0.507812 0.031250 0.017578
0 0.403646 0.532227 0.044271 0.015625
0 0.541667 0.533203 0.078125 0.023438
0 0.436849 0.562012 0.511719 0.026367
0 0.252604 0.587891 0.145833 0.027344
0 0.553385 0.586914 0.062500 0.019531
0 0.225260 0.616211 0.098958 0.019531
0 0.402344 0.614258 0.046875 0.015625
0 0.552083 0.613281 0.067708 0.023438
0 0.695312 0.613281 0.083333 0.023438
0 0.434896 0.646484 0.526042 0.027344
0 0.192708 0.677734 0.046875 0.023438
0 0.296875 0.677734 0.041667 0.023438
0 0.555990 0.673828 0.070312 0.023438
0 0.218750 0.707031 0.104167 0.023438
0 0.315104 0.705078 0.033854 0.017578
0 0.555990 0.704102 0.070312 0.025391
0 0.704427 0.703125 0.080729 0.023438
0 0.243490 0.747070 0.044271 0.025391
0 0.350260 0.749023 0.036458 0.019531
0 0.222656 0.772461 0.132812 0.029297
0 0.704427 0.767578 0.096354 0.023438
0 0.251302 0.808594 0.049479 0.023438
0 0.703125 0.802734 0.093750 0.023438
0 0.256510 0.832031 0.184896 0.023438
0 0.466146 0.863281 0.541667 0.029297
0 0.412760 0.888672 0.041667 0.013672
0 0.526042 0.887695 0.044271 0.015625
0 0.277344 0.903320 0.036458 0.011719
0 0.276693 0.482910 0.068753 0.028041
0 0.245443 0.676758 0.071135 0.032862
0 0.192057 0.747070 0.073773 0.032862
0 0.202474 0.809082 0.057943 0.029854
0 0.468750 0.889648 0.068608 0.021061
0 0.083984 0.959961 0.049709 0.066331
