0 0.447917 0.380859 0.257812 0.029297
0 0.444010 0.413574 0.315104 0.028320
0 0.619792 0.914062 0.270833 0.035156
0 0.716146 0.800293 0.091146 0.024414
0 0.163411 0.810059 0.123698 0.028320
0 0.068359 0.380859 0.136719 0.107422
0 0.445964 0.381348 0.259115 0.030273
0 0.441406 0.413086 0.325521 0.029297
0 0.135417 0.440430 0.049479 0.019531
0 0.450521 0.492188 0.356771 0.037109
0 0.158854 0.525391 0.057292 0.023438
0 0.317708 0.526367 0.041667 0.025391
0 0.395833 0.525391 0.062500 0.023438
0 0.518229 0.528320 0.104167 0.025391
0 0.664062 0.528320 0.140625 0.025391
0 0.548177 0.588867 0.075521 0.025391
0 0.170573 0.622070 0.117188 0.025391
0 0.279948 0.621094 0.036458 0.017578
0 0.373698 0.620117 0.052083 0.019531
0 0.545573 0.620117 0.075521 0.025391
0 0.709635 0.622070 0.091146 0.025391
0 0.358073 0.660156 0.492188 0.031250
0 0.160156 0.737305 0.125000 0.037109
0 0.316406 0.739258 0.036458 0.019531
0 0.173828 0.766602 0.152344 0.035156
0 0.460938 0.838867 0.062500 0.025391
0 0.713542 0.868164 0.088542 0.025391
0 0.447917 0.956055 0.195312 0.035156
0 0.358073 0.984375 0.335938 0.031250
0 0.617188 0.977539 0.083333 0.025391
0 0.224609 0.527344 0.084395 0.036843
