0 0.460286 0.182617 0.345052 0.041016
0 0.457031 0.229004 0.432292 0.040039
0 0.698568 0.834961 0.376302 0.039062
0 0.117188 0.729004 0.210938 0.040039
0 0.813151 0.730957 0.152344 0.036133
0 0.462891 0.187500 0.342448 0.037109
0 0.458333 0.232422 0.421875 0.031250
0 0.059896 0.266602 0.062500 0.025391
0 0.466146 0.332031 0.468750 0.050781
0 0.141276 0.379883 0.170573 0.041016
0 0.296875 0.379883 0.052083 0.029297
0 0.395833 0.379883 0.078125 0.029297
0 0.554688 0.382812 0.138021 0.037109
0 0.751302 0.375977 0.192708 0.035156
0 0.578125 0.458984 0.119792 0.031250
0 0.809896 0.458008 0.127604 0.035156
0 0.359375 0.504883 0.648438 0.035156
0 0.580729 0.544922 0.119792 0.031250
0 0.813802 0.545898 0.125000 0.035156
0 0.363281 0.631836 0.070312 0.025391
0 0.569010 0.635742 0.145833 0.035156
0 0.091797 0.691406 0.157552 0.042969
0 0.108724 0.730469 0.194010 0.042969
0 0.815104 0.733398 0.148438 0.035156
0 0.151042 0.770508 0.273438 0.035156
0 0.468750 0.777344 0.083333 0.031250
0 0.464844 0.887695 0.250000 0.039062
0 0.437500 0.922852 0.622396 0.039062
