0 0.500868 0.082520 0.612847 0.036133
0 0.410590 0.118652 0.713542 0.040039
0 0.354167 0.220703 0.590278 0.031250
0 0.216146 0.500488 0.369792 0.026367
0 0.844618 0.498535 0.178819 0.028320
0 0.211806 0.192871 0.305556 0.032227
0 0.543403 0.190430 0.319444 0.035156
0 0.536458 0.223633 0.211806 0.029297
0 0.093750 0.258789 0.076389 0.025391
0 0.439236 0.258789 0.059028 0.025391
0 0.675347 0.255859 0.059028 0.023438
0 0.576389 0.294922 0.138889 0.027344
0 0.226562 0.463867 0.397569 0.031250
0 0.263889 0.502930 0.277778 0.029297
0 0.454861 0.547852 0.621528 0.039062
0 0.290799 0.922363 0.453125 0.030273
0 0.110243 0.946289 0.095486 0.027344
0 0.330729 0.945312 0.185764 0.027344
0 0.177951 0.259766 0.108840 0.034856
0 0.077257 0.503906 0.122422 0.040698
0 0.196181 0.946289 0.096727 0.032862
