0 0.402344 0.094238 0.104167 0.026367
0 0.556641 0.069336 0.152344 0.017578
0 0.557292 0.084961 0.109375 0.015625
0 0.553385 0.100586 0.151042 0.015625
0 0.442708 0.149902 0.190104 0.018555
0 0.410807 0.660645 0.167969 0.020508
0 0.621094 0.666992 0.059896 0.015625
0 0.510417 0.222656 0.049479 0.013672
0 0.645833 0.224609 0.028646 0.013672
0 0.601562 0.238281 0.054688 0.013672
0 0.395182 0.246582 0.102865 0.018555
0 0.509115 0.250000 0.052083 0.013672
0 0.509115 0.264648 0.036458 0.011719
0 0.520833 0.278320 0.028646 0.011719
0 0.634115 0.279297 0.052083 0.013672
0 0.367188 0.287109 0.049479 0.013672
0 0.549479 0.292969 0.028646 0.013672
0 0.392578 0.301758 0.102865 0.017578
0 0.632812 0.334961 0.049479 0.011719
0 0.546875 0.347656 0.028646 0.013672
0 0.391276 0.357910 0.105469 0.018555
0 0.631510 0.362305 0.052083 0.011719
0 0.515625 0.389648 0.028646 0.011719
0 0.631510 0.389648 0.052083 0.011719
0 0.389974 0.413086 0.102865 0.017578
0 0.503906 0.416016 0.052083 0.013672
0 0.628906 0.417969 0.052083 0.013672
0 0.389323 0.455078 0.104167 0.013672
0 0.498698 0.457031 0.057292 0.013672
0 0.625000 0.458984 0.059896 0.013672
0 0.625000 0.473633 0.044271 0.011719
0 0.388021 0.496094 0.101562 0.013672
0 0.627604 0.500000 0.049479 0.013672
0 0.385417 0.523438 0.101562 0.013672
0 0.380208 0.550781 0.096354 0.013672
0 0.381510 0.607422 0.104167 0.013672
0 0.498698 0.609375 0.052083 0.013672
0 0.378906 0.636719 0.104167 0.013672
0 0.622396 0.669922 0.059896 0.013672
0 0.606771 0.699219 0.028646 0.013672
0 0.638021 0.701172 0.028646 0.013672
0 0.622396 0.730469 0.059896 0.013672
0 0.485677 0.741211 0.203125 0.019531
0 0.585286 0.773926 0.128906 0.016602
0 0.580078 0.802734 0.139323 0.017578
0 0.611328 0.541504 0.037627 0.016274
