0 0.472656 0.329102 0.208333 0.023438
0 0.468750 0.356445 0.260417 0.021484
0 0.622396 0.880371 0.229167 0.020508
0 0.246094 0.831055 0.127604 0.017578
0 0.706380 0.827637 0.095052 0.018555
0 0.470703 0.329102 0.209635 0.025391
0 0.473958 0.411133 0.286458 0.029297
0 0.274089 0.438477 0.105469 0.025391
0 0.368490 0.438477 0.031250 0.019531
0 0.428385 0.439453 0.046875 0.017578
0 0.527344 0.441406 0.085938 0.023438
0 0.647135 0.438477 0.114583 0.019531
0 0.441406 0.463867 0.460938 0.025391
0 0.549479 0.487305 0.059896 0.019531
0 0.690104 0.487305 0.059896 0.019531
0 0.411458 0.539062 0.044271 0.013672
0 0.544271 0.539062 0.078125 0.023438
0 0.420573 0.567383 0.445312 0.025391
0 0.408854 0.592773 0.044271 0.015625
0 0.552083 0.593750 0.067708 0.023438
0 0.694010 0.592773 0.078125 0.019531
0 0.412760 0.624023 0.440104 0.025391
0 0.548177 0.650391 0.080729 0.023438
0 0.402344 0.681641 0.434896 0.023438
0 0.406250 0.709961 0.049479 0.015625
0 0.549479 0.708984 0.083333 0.023438
0 0.705729 0.708984 0.083333 0.023438
0 0.380208 0.742676 0.395833 0.026367
0 0.641927 0.742188 0.039062 0.023438
0 0.403646 0.769531 0.049479 0.017578
0 0.550781 0.771484 0.085938 0.023438
0 0.257812 0.807617 0.039062 0.019531
0 0.358073 0.809570 0.036458 0.019531
0 0.270833 0.831055 0.065104 0.025391
0 0.479167 0.853516 0.054688 0.017578
0 0.618490 0.916016 0.067708 0.013672
0 0.599609 0.742676 0.055276 0.029854
