0 0.394531 0.269043 0.226562 0.030273
0 0.394531 0.299316 0.278646 0.030273
0 0.590495 0.798340 0.235677 0.038086
0 0.660156 0.722168 0.093750 0.030273
0 0.199870 0.748535 0.126302 0.030273
0 0.393880 0.269531 0.227865 0.027344
0 0.136719 0.334961 0.041667 0.015625
0 0.406250 0.369141 0.304688 0.041016
0 0.464844 0.393555 0.091146 0.025391
0 0.199870 0.403320 0.113281 0.025391
0 0.299479 0.401367 0.033854 0.019531
0 0.281901 0.428223 0.290365 0.032227
0 0.351562 0.450195 0.044271 0.015625
0 0.485677 0.442871 0.078125 0.026367
0 0.365234 0.478027 0.371094 0.040039
0 0.164062 0.488281 0.046875 0.023438
0 0.489583 0.498047 0.078125 0.023438
0 0.634115 0.490234 0.080729 0.023438
0 0.355469 0.504883 0.041667 0.015625
0 0.225260 0.539062 0.169271 0.031250
0 0.494792 0.552734 0.078125 0.023438
0 0.639974 0.545410 0.082031 0.028320
0 0.347656 0.590820 0.338542 0.039062
0 0.165365 0.599609 0.049479 0.023438
0 0.648438 0.601562 0.078125 0.023438
0 0.360677 0.616211 0.046875 0.015625
0 0.228516 0.653320 0.178385 0.035156
0 0.505208 0.666992 0.078125 0.025391
0 0.657552 0.661133 0.080729 0.025391
0 0.186198 0.722656 0.106771 0.027344
0 0.661458 0.723633 0.093750 0.025391
0 0.226562 0.773438 0.182292 0.031250
0 0.439453 0.763672 0.061198 0.027344
0 0.440104 0.838867 0.169271 0.035156
0 0.445964 0.862793 0.376302 0.047852
0 0.240885 0.875000 0.044271 0.023438
0 0.628255 0.436523 0.077108 0.027111
0 0.499349 0.608398 0.081157 0.027895
