0 0.313151 0.213379 0.180990 0.034180
0 0.585286 0.156738 0.199219 0.026367
0 0.585286 0.187012 0.248698 0.024414
0 0.585938 0.213379 0.210938 0.024414
0 0.389974 0.311035 0.332031 0.022461
0 0.368490 0.500488 0.283854 0.034180
0 0.729818 0.502930 0.084635 0.025391
0 0.669271 0.214844 0.046875 0.023438
0 0.389323 0.313477 0.330729 0.025391
0 0.278646 0.336914 0.109375 0.025391
0 0.686198 0.337891 0.174479 0.023438
0 0.473958 0.387695 0.033854 0.019531
0 0.601562 0.387695 0.028646 0.019531
0 0.720052 0.385742 0.085938 0.025391
0 0.526042 0.411133 0.106771 0.019531
0 0.313802 0.433594 0.174479 0.023438
0 0.243490 0.458008 0.031250 0.019531
0 0.731771 0.458008 0.080729 0.019531
0 0.727865 0.505859 0.080729 0.023438
0 0.716146 0.530273 0.080729 0.019531
0 0.320312 0.551758 0.187500 0.025391
0 0.726562 0.552734 0.083333 0.023438
0 0.295573 0.575195 0.111979 0.025391
0 0.727865 0.576172 0.085938 0.023438
0 0.734375 0.599609 0.072917 0.023438
0 0.340495 0.667969 0.227865 0.027344
0 0.664062 0.669922 0.208333 0.023438
0 0.250000 0.693359 0.046875 0.023438
0 0.656250 0.715820 0.223958 0.023438
0 0.492188 0.785156 0.348958 0.027344
0 0.257812 0.877930 0.054688 0.019531
0 0.471354 0.875977 0.257812 0.019531
0 0.517578 0.387695 0.049534 0.027024
0 0.307943 0.876953 0.058277 0.025040
