0 0.460286 0.133789 0.371094 0.033203
0 0.461589 0.177734 0.451823 0.039062
0 0.729818 0.807129 0.410156 0.040039
0 0.098958 0.708496 0.192708 0.045898
0 0.394531 0.141602 0.216146 0.029297
0 0.576823 0.138672 0.127604 0.027344
0 0.463542 0.274414 0.505208 0.048828
0 0.279948 0.325195 0.054688 0.029297
0 0.388021 0.325195 0.083333 0.029297
0 0.561198 0.327637 0.151042 0.038086
0 0.770182 0.323242 0.199219 0.031250
0 0.305339 0.367676 0.595052 0.036133
0 0.591146 0.411133 0.127604 0.035156
0 0.591146 0.502930 0.132812 0.035156
0 0.848958 0.501953 0.138021 0.037109
0 0.606120 0.600098 0.115885 0.041992
0 0.105469 0.666016 0.067708 0.037109
0 0.484375 0.752930 0.091146 0.035156
0 0.468750 0.858398 0.263021 0.039062
