0 0.287760 0.233887 0.190104 0.040039
0 0.582682 0.176758 0.295573 0.023438
0 0.583984 0.206055 0.212240 0.023438
0 0.582682 0.235840 0.292969 0.026367
0 0.372396 0.343262 0.361979 0.024414
0 0.345703 0.522949 0.308594 0.024414
0 0.740234 0.522949 0.097656 0.024414
0 0.328125 0.342773 0.276042 0.029297
0 0.511719 0.345703 0.075521 0.023438
0 0.250000 0.368164 0.119792 0.025391
0 0.694661 0.367188 0.194010 0.029297
0 0.216146 0.419922 0.052083 0.027344
0 0.463542 0.422852 0.033854 0.019531
0 0.600260 0.421875 0.033854 0.023438
0 0.730469 0.418945 0.096354 0.025391
0 0.354167 0.448242 0.033854 0.019531
0 0.503906 0.472656 0.091146 0.023438
0 0.743490 0.472656 0.096354 0.023438
0 0.343750 0.524414 0.307292 0.029297
0 0.743490 0.525391 0.096354 0.023438
0 0.744792 0.578125 0.098958 0.023438
0 0.743490 0.604492 0.096354 0.025391
0 0.490885 0.654297 0.367188 0.027344
0 0.644531 0.735352 0.065104 0.025391
0 0.460938 0.838867 0.286458 0.025391
0 0.703776 0.841309 0.149740 0.028320
0 0.280599 0.420898 0.073773 0.032862
0 0.509766 0.421387 0.054420 0.029946
0 0.373047 0.576172 0.051816 0.029017
0 0.567057 0.733887 0.084395 0.031862
