0 0.501302 0.257812 0.567708 0.039062
0 0.505859 0.301270 0.503906 0.028320
0 0.316406 0.371094 0.375000 0.029297
0 0.269531 0.656738 0.187500 0.026367
0 0.859375 0.650879 0.117188 0.020508
0 0.505208 0.256836 0.585938 0.058594
0 0.507812 0.300781 0.518229 0.037109
0 0.576823 0.338867 0.098958 0.035156
0 0.505208 0.368164 0.757812 0.042969
0 0.255208 0.430664 0.257812 0.039062
0 0.177083 0.462891 0.104167 0.031250
0 0.428385 0.462891 0.213542 0.037109
0 0.283854 0.499023 0.320312 0.039062
0 0.157552 0.544922 0.039062 0.023438
0 0.320312 0.542969 0.130208 0.031250
0 0.501302 0.540039 0.039062 0.025391
0 0.858073 0.536133 0.096354 0.029297
0 0.285156 0.584961 0.203125 0.035156
0 0.507812 0.582031 0.018229 0.021484
0 0.154948 0.619141 0.020833 0.021484
0 0.292969 0.616211 0.223958 0.035156
0 0.636719 0.611328 0.101562 0.027344
0 0.864583 0.609375 0.104167 0.027344
0 0.270833 0.658203 0.192708 0.031250
0 0.859375 0.651367 0.119792 0.029297
0 0.278646 0.699219 0.148438 0.037109
0 0.274740 0.739258 0.203125 0.035156
0 0.868490 0.731445 0.117188 0.029297
0 0.302083 0.769531 0.260417 0.031250
0 0.871094 0.761719 0.117188 0.031250
0 0.246094 0.797852 0.148438 0.029297
0 0.308594 0.831055 0.213542 0.035156
0 0.593750 0.459961 0.126706 0.048674
0 0.277995 0.464355 0.104987 0.043675
0 0.501953 0.497070 0.130781 0.048509
