0 0.481771 0.168945 0.309896 0.029297
0 0.483073 0.206543 0.388021 0.028320
0 0.716797 0.990723 0.358073 0.018555
0 0.164062 0.900879 0.177083 0.040039
0 0.819661 0.900391 0.152344 0.033203
0 0.482422 0.170898 0.298177 0.035156
0 0.139323 0.249023 0.052083 0.019531
0 0.486979 0.296875 0.411458 0.046875
0 0.167969 0.339844 0.059896 0.023438
0 0.341146 0.339844 0.046875 0.027344
0 0.423177 0.336914 0.065104 0.025391
0 0.734375 0.331055 0.161458 0.029297
0 0.372396 0.373047 0.494792 0.031250
0 0.587240 0.403320 0.106771 0.029297
0 0.787760 0.400391 0.106771 0.027344
0 0.457031 0.444336 0.677083 0.035156
0 0.208333 0.481445 0.187500 0.029297
0 0.601562 0.478516 0.088542 0.027344
0 0.173177 0.514648 0.127604 0.025391
0 0.401042 0.512695 0.059896 0.019531
0 0.598958 0.514648 0.088542 0.029297
0 0.398438 0.589844 0.067708 0.023438
0 0.803385 0.590820 0.111979 0.029297
0 0.382812 0.635742 0.575521 0.039062
0 0.595052 0.673828 0.111979 0.031250
0 0.808594 0.673828 0.117188 0.031250
0 0.373698 0.719727 0.562500 0.035156
0 0.394531 0.754883 0.065104 0.025391
0 0.606771 0.756836 0.093750 0.029297
0 0.146484 0.811035 0.147135 0.041992
0 0.329427 0.813477 0.044271 0.025391
0 0.160156 0.847168 0.179688 0.043945
0 0.192708 0.901367 0.070312 0.035156
0 0.199219 0.937500 0.250000 0.037109
0 0.496094 0.945312 0.080729 0.031250
0 0.237630 0.340332 0.089574 0.037834
0 0.119141 0.899902 0.099591 0.045654
