0 0.576660 0.096266 0.299805 0.037335
0 0.570312 0.132504 0.236328 0.023426
0 0.339355 0.243045 0.401367 0.027818
0 0.722168 0.498170 0.104492 0.037335
0 0.580566 0.061493 0.209961 0.033675
0 0.324707 0.504758 0.336914 0.031479
0 0.258789 0.125915 0.216797 0.052709
0 0.765625 0.271596 0.035156 0.021962
0 0.261719 0.389458 0.195312 0.023426
0 0.461914 0.389458 0.019531 0.016105
0 0.506836 0.390190 0.048828 0.021962
0 0.263672 0.445095 0.193359 0.021962
0 0.483398 0.445827 0.091797 0.021962
0 0.692383 0.444363 0.033203 0.019034
0 0.311523 0.641288 0.064453 0.023426
0 0.281250 0.756223 0.158203 0.026354
