0 0.683160 0.302246 0.196181 0.018555
0 0.441840 0.321289 0.140625 0.015625
0 0.699653 0.341309 0.173611 0.016602
0 0.395833 0.470215 0.055556 0.016602
0 0.510417 0.469727 0.107639 0.017578
0 0.616319 0.467773 0.045139 0.019531
0 0.751736 0.467285 0.079861 0.018555
0 0.462674 0.522949 0.175347 0.022461
0 0.711806 0.524902 0.180556 0.022461
0 0.565104 0.248535 0.317708 0.040039
0 0.388889 0.546875 0.038194 0.017578
0 0.289062 0.922363 0.449653 0.030273
0 0.110243 0.945801 0.095486 0.028320
0 0.330729 0.946289 0.185764 0.025391
0 0.196181 0.946289 0.096727 0.032862
