0 0.294271 0.230957 0.164931 0.022461
0 0.547743 0.193359 0.241319 0.013672
0 0.546007 0.209961 0.241319 0.015625
0 0.546007 0.229004 0.206597 0.016602
0 0.367188 0.298828 0.324653 0.013672
0 0.342882 0.415527 0.269097 0.016602
0 0.690104 0.414551 0.088542 0.014648
0 0.293403 0.231445 0.170139 0.029297
0 0.328125 0.300781 0.236111 0.017578
0 0.260417 0.350586 0.107639 0.019531
0 0.291667 0.385742 0.163194 0.015625
0 0.480903 0.382812 0.083333 0.017578
0 0.689236 0.381836 0.083333 0.015625
0 0.434028 0.418945 0.079861 0.015625
0 0.690972 0.450195 0.079861 0.015625
0 0.255208 0.469727 0.069444 0.015625
0 0.288194 0.486328 0.156250 0.017578
0 0.317708 0.537109 0.215278 0.017578
0 0.629340 0.535645 0.203125 0.016602
0 0.486111 0.551758 0.072917 0.019531
0 0.625000 0.571289 0.218750 0.015625
0 0.289062 0.922363 0.449653 0.030273
0 0.110243 0.946289 0.095486 0.027344
0 0.330729 0.946289 0.185764 0.025391
0 0.196181 0.946289 0.096727 0.032862
