0 0.165527 0.673828 0.024414 0.126302
0 0.124023 0.475260 0.025391 0.161458
0 0.140625 0.472005 0.033203 0.204427
0 0.162598 0.474609 0.030273 0.157552
0 0.230957 0.619792 0.020508 0.250000
0 0.550781 0.638672 0.027344 0.220052
0 0.541992 0.352865 0.025391 0.070312
0 0.809570 0.372396 0.015625 0.049479
0 0.850586 0.384115 0.019531 0.041667
0 0.179688 0.478516 0.025391 0.126302
0 0.296875 0.468750 0.017578 0.028646
0 0.163086 0.502604 0.015625 0.059896
0 0.708008 0.587240 0.015625 0.088542
0 0.869141 0.600911 0.023438 0.131510
0 0.727539 0.645182 0.019531 0.061198
0 0.707031 0.733073 0.017578 0.052083
0 0.159180 0.436849 0.024136 0.081943
0 0.283691 0.682292 0.018390 0.051893
