0 0.358724 0.176758 0.152344 0.031250
0 0.590495 0.138184 0.173177 0.026367
0 0.590495 0.163086 0.212240 0.027344
0 0.587891 0.185547 0.178385 0.025391
0 0.419271 0.264160 0.281250 0.028320
0 0.387370 0.523438 0.238281 0.029297
0 0.692057 0.533691 0.076823 0.024414
0 0.657552 0.189453 0.036458 0.017578
0 0.417969 0.265625 0.278646 0.027344
0 0.666667 0.292969 0.151042 0.023438
0 0.507812 0.331055 0.070312 0.019531
0 0.348307 0.363770 0.152344 0.026367
0 0.699219 0.375977 0.072917 0.019531
0 0.289062 0.382812 0.028646 0.017578
0 0.292969 0.403320 0.036458 0.015625
0 0.699219 0.395508 0.067708 0.019531
0 0.393229 0.408691 0.161458 0.024414
0 0.653646 0.415039 0.091146 0.019531
0 0.346354 0.423828 0.151042 0.023438
0 0.511719 0.431641 0.067708 0.017578
0 0.322917 0.463867 0.106771 0.019531
0 0.447917 0.467773 0.091146 0.019531
0 0.341797 0.483887 0.149740 0.026367
0 0.467448 0.528320 0.067708 0.015625
0 0.688802 0.536133 0.067708 0.019531
0 0.701823 0.596680 0.036458 0.015625
0 0.354167 0.664062 0.192708 0.023438
0 0.618490 0.711914 0.195312 0.031250
0 0.600260 0.774414 0.046875 0.015625
0 0.359375 0.785156 0.122396 0.017578
0 0.503906 0.789062 0.067708 0.017578
0 0.588542 0.791992 0.049479 0.019531
0 0.690104 0.799805 0.033854 0.015625
0 0.702474 0.576172 0.045273 0.020993
0 0.541016 0.769043 0.066218 0.026043
