0 0.423177 0.126953 0.210938 0.037109
0 0.423177 0.152832 0.268229 0.034180
0 0.585286 0.812012 0.243490 0.022461
0 0.423177 0.554199 0.549479 0.030273
0 0.380859 0.130371 0.131510 0.030273
0 0.319010 0.220703 0.065104 0.031250
0 0.492839 0.210938 0.154948 0.037109
0 0.630208 0.228516 0.046875 0.023438
0 0.321615 0.246094 0.031250 0.017578
0 0.381510 0.244141 0.046875 0.017578
0 0.479167 0.240234 0.083333 0.023438
0 0.572917 0.234375 0.072917 0.023438
0 0.281250 0.270508 0.218750 0.025391
0 0.442708 0.265625 0.085938 0.017578
0 0.503906 0.284180 0.057292 0.019531
0 0.634766 0.300293 0.076823 0.024414
0 0.368490 0.314453 0.041667 0.013672
0 0.500000 0.307617 0.059896 0.019531
0 0.494792 0.357422 0.078125 0.023438
0 0.365885 0.413086 0.041667 0.015625
0 0.496094 0.410156 0.075521 0.023438
0 0.364583 0.464844 0.044271 0.013672
0 0.497396 0.460938 0.078125 0.023438
0 0.195312 0.503906 0.093750 0.023438
0 0.317708 0.502930 0.028646 0.015625
0 0.205729 0.527344 0.114583 0.023438
0 0.195312 0.560547 0.104167 0.027344
0 0.427083 0.581055 0.054688 0.019531
0 0.650391 0.576172 0.097656 0.027344
0 0.274740 0.657227 0.252604 0.029297
0 0.684896 0.682617 0.028646 0.015625
0 0.664062 0.771484 0.083333 0.023438
0 0.433594 0.846680 0.164062 0.029297
0 0.420573 0.870117 0.398438 0.025391
0 0.485026 0.123535 0.077394 0.026081
0 0.381510 0.217773 0.068898 0.030439
