0 0.439583 0.177344 0.384722 0.018750
0 0.386111 0.200000 0.461111 0.020313
0 0.263194 0.794141 0.262500 0.021094
0 0.681944 0.790625 0.150000 0.021875
0 0.346528 0.260937 0.373611 0.018750
0 0.256944 0.242578 0.197222 0.022656
0 0.462500 0.261719 0.133333 0.015625
0 0.222222 0.308594 0.161111 0.020313
0 0.488889 0.306250 0.088889 0.018750
0 0.212500 0.348438 0.152778 0.021875
0 0.204167 0.390625 0.130556 0.018750
0 0.213889 0.411719 0.147222 0.015625
0 0.201389 0.432812 0.125000 0.018750
0 0.225000 0.454688 0.177778 0.021875
0 0.502778 0.453125 0.072222 0.018750
0 0.220139 0.476562 0.170833 0.021875
0 0.672222 0.472656 0.105556 0.020313
0 0.179167 0.497656 0.086111 0.020313
0 0.494444 0.495312 0.088889 0.018750
0 0.162500 0.519531 0.052778 0.020313
0 0.293056 0.519531 0.086111 0.020313
0 0.495833 0.560937 0.091667 0.018750
0 0.237500 0.585938 0.202778 0.018750
0 0.497222 0.582812 0.088889 0.018750
0 0.220833 0.630469 0.175000 0.020313
0 0.244444 0.653125 0.222222 0.021875
0 0.204167 0.675781 0.141667 0.020313
0 0.509722 0.672656 0.075000 0.020313
0 0.220833 0.699219 0.175000 0.020313
0 0.412500 0.744531 0.036111 0.020313
0 0.291667 0.796875 0.183333 0.021875
0 0.423611 0.827344 0.416667 0.028125
0 0.291667 0.922656 0.452778 0.034375
0 0.113889 0.947656 0.088889 0.023438
0 0.329167 0.946484 0.186111 0.025781
0 0.218056 0.519531 0.071083 0.024433
0 0.165972 0.796875 0.078591 0.027884
0 0.197917 0.946875 0.097990 0.032559
