0 0.436198 0.219727 0.223958 0.039062
0 0.432943 0.247559 0.279948 0.030273
0 0.612630 0.977539 0.259115 0.039062
0 0.199870 0.707520 0.131510 0.028320
0 0.677083 0.706543 0.096354 0.018555
0 0.076172 0.065430 0.152344 0.089844
0 0.502604 0.227539 0.075521 0.019531
0 0.174479 0.268555 0.039062 0.015625
0 0.196615 0.336914 0.046875 0.019531
0 0.328125 0.338867 0.033854 0.019531
0 0.391927 0.340820 0.052083 0.019531
0 0.492188 0.345703 0.088542 0.023438
0 0.614583 0.339844 0.119792 0.023438
0 0.066406 0.364258 0.132812 0.099609
0 0.270182 0.363281 0.212240 0.027344
0 0.233073 0.387695 0.135417 0.019531
0 0.526042 0.393555 0.044271 0.019531
0 0.210938 0.414062 0.093750 0.023438
0 0.376302 0.415527 0.046875 0.018555
0 0.518229 0.419922 0.059896 0.017578
0 0.347005 0.444336 0.368490 0.029297
0 0.376302 0.469727 0.041667 0.015625
0 0.511719 0.469727 0.072917 0.019531
0 0.377604 0.526367 0.044271 0.015625
0 0.514323 0.522461 0.078125 0.019531
0 0.399740 0.553711 0.492188 0.025391
0 0.222656 0.582031 0.148438 0.027344
0 0.197917 0.609375 0.104167 0.023438
0 0.373698 0.608398 0.046875 0.019531
0 0.524740 0.605469 0.065104 0.023438
0 0.666667 0.605469 0.078125 0.023438
0 0.326823 0.649414 0.031250 0.015625
0 0.203776 0.672852 0.131510 0.029297
0 0.673177 0.705078 0.096354 0.023438
0 0.229167 0.736328 0.187500 0.027344
0 0.445312 0.736328 0.057292 0.023438
0 0.161458 0.822266 0.046875 0.027344
0 0.346354 0.817383 0.140625 0.025391
0 0.709635 0.837891 0.033854 0.023438
0 0.203125 0.852539 0.140625 0.025391
0 0.704427 0.870117 0.049479 0.025391
0 0.228516 0.919922 0.199219 0.031250
0 0.272135 0.949219 0.283854 0.031250
0 0.391276 0.222168 0.139277 0.035850
0 0.250651 0.336914 0.068810 0.027043
0 0.403646 0.368652 0.059726 0.022011
0 0.464193 0.370117 0.074069 0.027043
0 0.227214 0.819824 0.107198 0.040938
