0 0.458333 0.301270 0.276042 0.041992
0 0.459635 0.334961 0.356771 0.042969
0 0.688151 0.662109 0.324219 0.046875
0 0.198568 0.604980 0.180990 0.032227
0 0.776693 0.570801 0.128906 0.032227
0 0.457682 0.304199 0.277344 0.043945
0 0.341146 0.343750 0.109375 0.027344
0 0.138021 0.382812 0.052083 0.023438
0 0.472656 0.411133 0.390625 0.062500
0 0.753906 0.429688 0.059896 0.027344
0 0.412760 0.450195 0.065104 0.025391
0 0.544271 0.442383 0.114583 0.029297
0 0.676432 0.433594 0.095052 0.029297
0 0.204427 0.462891 0.138021 0.027344
0 0.332031 0.455078 0.044271 0.023438
0 0.391927 0.513672 0.059896 0.023438
0 0.566406 0.505859 0.117188 0.031250
0 0.173177 0.573242 0.130208 0.035156
0 0.772786 0.573242 0.126302 0.037109
0 0.187500 0.605469 0.164062 0.037109
0 0.219401 0.633789 0.233073 0.042969
0 0.489583 0.624023 0.072917 0.029297
0 0.191406 0.691406 0.106771 0.031250
0 0.492188 0.718750 0.216146 0.041016
0 0.472005 0.749512 0.535156 0.061523
