0 0.470052 0.394531 0.289062 0.035156
0 0.464844 0.431152 0.346354 0.032227
0 0.661458 0.884277 0.281250 0.032227
0 0.216797 0.826172 0.162760 0.027344
0 0.761719 0.817871 0.109375 0.030273
0 0.418620 0.397461 0.162760 0.027344
0 0.555990 0.396484 0.096354 0.023438
0 0.153646 0.463867 0.049479 0.019531
0 0.473958 0.509766 0.377604 0.041016
0 0.335938 0.546875 0.041667 0.023438
0 0.414062 0.545898 0.062500 0.025391
0 0.546875 0.545898 0.117188 0.035156
0 0.704427 0.541992 0.153646 0.029297
0 0.416016 0.579102 0.566406 0.035156
0 0.578125 0.611328 0.078125 0.027344
0 0.448568 0.651855 0.636719 0.036133
0 0.394531 0.682617 0.057292 0.019531
0 0.571615 0.683594 0.101562 0.027344
0 0.364583 0.723633 0.458333 0.029297
0 0.398438 0.752930 0.054688 0.019531
0 0.574219 0.753906 0.096354 0.027344
0 0.242839 0.827148 0.074219 0.029297
0 0.496094 0.854492 0.062500 0.019531
0 0.488281 0.913086 0.182292 0.019531
0 0.172526 0.826172 0.078999 0.034856
