0 0.347656 0.223145 0.151042 0.032227
0 0.577474 0.182129 0.251302 0.018555
0 0.576823 0.203613 0.223958 0.018555
0 0.574219 0.226562 0.200521 0.017578
0 0.410807 0.304688 0.287760 0.023438
0 0.381510 0.486816 0.239583 0.026367
0 0.694010 0.493164 0.075521 0.021484
0 0.347005 0.223633 0.160156 0.041016
0 0.666667 0.311523 0.117188 0.015625
0 0.329427 0.386719 0.127604 0.023438
0 0.336589 0.406250 0.154948 0.027344
0 0.509115 0.411133 0.072917 0.019531
0 0.697917 0.413086 0.075521 0.019531
0 0.386719 0.429688 0.252604 0.027344
0 0.335286 0.448242 0.157552 0.025391
0 0.509115 0.452148 0.072917 0.019531
0 0.695312 0.496094 0.075521 0.017578
0 0.695312 0.537109 0.075521 0.017578
0 0.694010 0.557617 0.072917 0.019531
0 0.296875 0.571289 0.065104 0.019531
0 0.700521 0.579102 0.059896 0.019531
0 0.325521 0.592773 0.145833 0.025391
0 0.350260 0.657227 0.200521 0.025391
0 0.636068 0.662598 0.191406 0.026367
0 0.632161 0.704590 0.204427 0.028320
0 0.483073 0.766602 0.315104 0.029297
0 0.584635 0.792969 0.294271 0.027344
0 0.537109 0.433594 0.042573 0.020993
