0 0.472656 0.033203 0.299479 0.021484
0 0.468750 0.058105 0.380208 0.022461
0 0.713542 0.987793 0.338542 0.024414
0 0.152344 0.921387 0.197917 0.038086
0 0.835286 0.901367 0.131510 0.033203
0 0.111979 0.087891 0.057292 0.023438
0 0.473307 0.140137 0.425781 0.049805
0 0.325521 0.182617 0.046875 0.029297
0 0.412760 0.181641 0.070312 0.027344
0 0.725911 0.183594 0.162760 0.029297
0 0.419271 0.219727 0.630208 0.029297
0 0.391927 0.252930 0.062500 0.019531
0 0.588542 0.254883 0.088542 0.029297
0 0.778646 0.252930 0.098958 0.025391
0 0.791667 0.328125 0.088542 0.027344
0 0.390625 0.401367 0.059896 0.019531
0 0.595052 0.402344 0.091146 0.027344
0 0.799479 0.400391 0.088542 0.027344
0 0.436849 0.441895 0.701823 0.036133
0 0.389323 0.476562 0.065104 0.023438
0 0.591146 0.477539 0.109375 0.029297
0 0.799479 0.475586 0.109375 0.029297
0 0.435547 0.522949 0.704427 0.036133
0 0.600260 0.557617 0.091146 0.029297
0 0.803385 0.555664 0.106771 0.029297
0 0.246094 0.605469 0.338542 0.037109
0 0.390625 0.639648 0.065104 0.019531
0 0.416667 0.688477 0.690104 0.042969
0 0.390625 0.724609 0.067708 0.023438
0 0.607422 0.723633 0.097656 0.037109
0 0.811198 0.719727 0.106771 0.029297
0 0.394531 0.774414 0.645833 0.042969
0 0.614583 0.812500 0.093750 0.031250
0 0.832031 0.806641 0.091146 0.031250
0 0.173177 0.879883 0.062500 0.035156
0 0.321615 0.881836 0.049479 0.029297
0 0.142578 0.918945 0.194010 0.046875
0 0.184896 0.956055 0.260417 0.029297
0 0.591146 0.185059 0.060930 0.036186
0 0.444661 0.604004 0.068494 0.033860
0 0.098307 0.878906 0.104907 0.048616
