0 0.473958 0.272949 0.265625 0.026367
0 0.470703 0.306641 0.334635 0.025391
0 0.668620 0.865234 0.303385 0.025391
0 0.184896 0.775879 0.158854 0.028320
0 0.766927 0.778320 0.125000 0.027344
0 0.473307 0.270996 0.272135 0.030273
0 0.158854 0.335938 0.052083 0.023438
0 0.218099 0.420898 0.134115 0.031250
0 0.338542 0.419922 0.041667 0.023438
0 0.416667 0.417969 0.062500 0.023438
0 0.543620 0.419922 0.110677 0.027344
0 0.700521 0.419922 0.151042 0.023438
0 0.416667 0.449219 0.552083 0.027344
0 0.393229 0.477539 0.054688 0.019531
0 0.565104 0.478516 0.098958 0.027344
0 0.677083 0.514648 0.140625 0.025391
0 0.389323 0.544922 0.057292 0.017578
0 0.566406 0.545898 0.096354 0.025391
0 0.259766 0.583984 0.279948 0.031250
0 0.477865 0.583008 0.044271 0.025391
0 0.384115 0.616211 0.057292 0.019531
0 0.317708 0.660156 0.406250 0.031250
0 0.602865 0.659180 0.044271 0.025391
0 0.199219 0.742188 0.049479 0.027344
0 0.210938 0.806641 0.218750 0.031250
0 0.476562 0.814453 0.072917 0.027344
0 0.472656 0.903809 0.213542 0.038086
0 0.568359 0.513672 0.081630 0.034856
0 0.425781 0.584473 0.067224 0.033860
0 0.550130 0.660645 0.070983 0.037834
0 0.533854 0.692871 0.075000 0.033860
