0 0.145508 0.392135 0.275391 0.025923
0 0.915527 0.397188 0.159180 0.020211
0 0.096680 0.125659 0.134766 0.021090
0 0.053711 0.166960 0.054688 0.018453
0 0.479492 0.173111 0.146484 0.021090
0 0.884766 0.169156 0.203125 0.023726
0 0.041992 0.234183 0.042969 0.015817
0 0.477539 0.239455 0.105469 0.017575
0 0.921875 0.238137 0.134766 0.018453
0 0.474609 0.306678 0.111328 0.018453
0 0.932617 0.307557 0.117188 0.018453
0 0.092285 0.338752 0.176758 0.027241
0 0.916992 0.343146 0.148438 0.019332
0 0.101562 0.364236 0.187500 0.021968
0 0.142578 0.394112 0.269531 0.023726
0 0.913086 0.398506 0.150391 0.021968
0 0.142578 0.419156 0.269531 0.022847
0 0.908691 0.424649 0.151367 0.023286
0 0.089844 0.905975 0.070312 0.021090
0 0.225098 0.339851 0.104056 0.027604
