0 0.298611 0.234375 0.152778 0.025391
0 0.528646 0.204590 0.237847 0.012695
0 0.532118 0.221191 0.196181 0.014648
0 0.533854 0.237793 0.206597 0.014648
0 0.365451 0.294434 0.293403 0.018555
0 0.346354 0.400879 0.258681 0.020508
0 0.664931 0.405273 0.079861 0.017578
0 0.491319 0.239258 0.069444 0.015625
0 0.241319 0.339844 0.041667 0.013672
0 0.545139 0.360352 0.086806 0.015625
0 0.296007 0.372070 0.154514 0.017578
0 0.661458 0.375000 0.076389 0.013672
0 0.663194 0.406250 0.072917 0.013672
0 0.383681 0.419922 0.055556 0.013672
0 0.664931 0.436523 0.076389 0.011719
0 0.279514 0.449219 0.097222 0.017578
0 0.246528 0.463867 0.052083 0.015625
0 0.237847 0.544922 0.041667 0.013672
0 0.336806 0.544922 0.142361 0.013672
0 0.290799 0.922363 0.453125 0.030273
0 0.111979 0.946289 0.092014 0.027344
0 0.330729 0.946289 0.185764 0.025391
0 0.291667 0.341797 0.058870 0.017281
0 0.375868 0.576660 0.045984 0.017830
0 0.196181 0.946289 0.096727 0.032862
