0 0.286458 0.184570 0.158854 0.039062
0 0.527344 0.136230 0.218750 0.022461
0 0.524740 0.163086 0.221354 0.021484
0 0.526693 0.187012 0.188802 0.024414
0 0.353516 0.271484 0.290365 0.021484
0 0.330729 0.417969 0.250000 0.025391
0 0.653646 0.421387 0.080729 0.020508
0 0.289062 0.184570 0.164062 0.039062
0 0.352865 0.271484 0.294271 0.023438
0 0.255208 0.291992 0.096354 0.019531
0 0.615234 0.293457 0.160156 0.026367
0 0.449219 0.337891 0.075521 0.023438
0 0.643229 0.335938 0.078125 0.023438
0 0.244792 0.355469 0.078125 0.023438
0 0.399740 0.358398 0.218750 0.019531
0 0.283854 0.377930 0.158854 0.019531
0 0.462240 0.379883 0.072917 0.019531
0 0.653646 0.379883 0.075521 0.019531
0 0.291667 0.419922 0.171875 0.023438
0 0.653646 0.422852 0.075521 0.019531
0 0.653646 0.465820 0.075521 0.015625
0 0.594401 0.569824 0.191406 0.024414
0 0.587891 0.611816 0.204427 0.026367
0 0.441406 0.675781 0.315104 0.027344
