0 0.559896 0.175293 0.220486 0.014648
0 0.559028 0.188477 0.166667 0.013672
0 0.401042 0.234375 0.267361 0.025391
0 0.369792 0.354004 0.239583 0.026367
0 0.680556 0.360840 0.069444 0.016602
0 0.500000 0.306641 0.072917 0.013672
0 0.325521 0.327637 0.151042 0.020508
0 0.465278 0.360352 0.052083 0.011719
0 0.684028 0.405273 0.072917 0.011719
0 0.270833 0.412109 0.052083 0.013672
0 0.539931 0.433594 0.048611 0.013672
0 0.600694 0.433594 0.059028 0.013672
0 0.390625 0.475098 0.166667 0.018555
0 0.314236 0.489258 0.159722 0.015625
0 0.651042 0.605469 0.138889 0.013672
0 0.289062 0.922363 0.449653 0.030273
0 0.243056 0.945801 0.361111 0.028320
0 0.695312 0.334473 0.045984 0.017830
