0 0.328125 0.159180 0.190972 0.060547
0 0.623264 0.177246 0.194444 0.030273
0 0.616319 0.194824 0.284722 0.041992
0 0.322917 0.372559 0.326389 0.057617
0 0.730903 0.407715 0.100694 0.022461
0 0.213542 0.283203 0.059028 0.023438
0 0.612847 0.344727 0.090278 0.019531
0 0.336806 0.416992 0.052083 0.019531
0 0.727431 0.410156 0.100694 0.023438
0 0.258681 0.429688 0.048611 0.017578
0 0.713542 0.468750 0.100694 0.023438
0 0.128472 0.541992 0.052083 0.019531
0 0.432292 0.546875 0.059028 0.023438
0 0.585069 0.562500 0.072917 0.023438
0 0.553819 0.580078 0.100694 0.023438
0 0.296875 0.600586 0.055556 0.019531
0 0.609375 0.626953 0.059028 0.023438
0 0.290799 0.922363 0.453125 0.030273
0 0.110243 0.946289 0.095486 0.027344
0 0.330729 0.946289 0.185764 0.025391
0 0.380208 0.245605 0.104079 0.033991
0 0.232639 0.246582 0.079457 0.028041
0 0.452257 0.254883 0.070893 0.023025
0 0.278646 0.292969 0.081551 0.029037
0 0.285590 0.312012 0.084935 0.032013
0 0.427951 0.329102 0.074511 0.025040
0 0.333333 0.337402 0.086676 0.026043
0 0.190972 0.380371 0.083126 0.032013
0 0.263021 0.389160 0.074190 0.028041
0 0.184028 0.400879 0.079457 0.028041
0 0.191840 0.422363 0.077702 0.028041
0 0.171007 0.440430 0.080884 0.030859
0 0.280382 0.472168 0.074190 0.026043
0 0.391493 0.483887 0.060364 0.022011
0 0.513021 0.493652 0.074244 0.026043
0 0.372396 0.542480 0.067389 0.028041
0 0.216146 0.549805 0.123215 0.033003
0 0.504340 0.554688 0.095356 0.031022
0 0.105035 0.604980 0.063614 0.026043
0 0.332465 0.624023 0.126664 0.033003
0 0.488715 0.637207 0.074244 0.026043
0 0.587674 0.646973 0.119726 0.028041
0 0.196181 0.946289 0.096727 0.032862
