0 0.458984 0.374023 0.222656 0.031250
0 0.455078 0.402832 0.272135 0.030273
0 0.634115 0.877930 0.226562 0.029297
0 0.264323 0.612793 0.127604 0.020508
0 0.690104 0.598145 0.085938 0.018555
0 0.458333 0.375488 0.218750 0.030273
0 0.459635 0.402344 0.268229 0.027344
0 0.209635 0.436523 0.041667 0.015625
0 0.361979 0.499023 0.033854 0.019531
0 0.424479 0.497070 0.049479 0.019531
0 0.523438 0.496094 0.088542 0.023438
0 0.643229 0.490234 0.119792 0.023438
0 0.265625 0.503906 0.109375 0.023438
0 0.414714 0.524902 0.423177 0.036133
0 0.411458 0.548828 0.044271 0.013672
0 0.536458 0.544922 0.088542 0.023438
0 0.677083 0.540039 0.088542 0.025391
0 0.246094 0.589844 0.091146 0.023438
0 0.257812 0.613281 0.119792 0.027344
0 0.285156 0.634766 0.169271 0.027344
0 0.478516 0.630371 0.055990 0.024414
0 0.688802 0.652344 0.091146 0.023438
0 0.274740 0.666016 0.169271 0.027344
0 0.255208 0.709961 0.088542 0.025391
0 0.396484 0.703125 0.165365 0.031250
0 0.308594 0.734863 0.195312 0.030273
0 0.726562 0.749023 0.028646 0.019531
0 0.272135 0.765625 0.122396 0.023438
0 0.300781 0.820312 0.169271 0.027344
0 0.710938 0.833984 0.078125 0.023438
0 0.339844 0.844727 0.247396 0.029297
0 0.490885 0.914062 0.158854 0.027344
0 0.477865 0.936523 0.390625 0.035156
