0 0.378472 0.321289 0.152778 0.027344
0 0.580729 0.280273 0.171875 0.021484
0 0.582465 0.296387 0.213542 0.020508
0 0.585069 0.312012 0.166667 0.018555
0 0.445312 0.373535 0.258681 0.020508
0 0.447049 0.473145 0.230903 0.024414
0 0.737847 0.458984 0.059028 0.017578
0 0.375000 0.321289 0.145833 0.025391
0 0.394965 0.448730 0.144097 0.020508
0 0.470486 0.474609 0.076389 0.013672
0 0.475694 0.605469 0.166667 0.023438
0 0.375000 0.611328 0.038194 0.013672
0 0.289062 0.922363 0.449653 0.030273
0 0.111111 0.947266 0.090278 0.023438
0 0.330729 0.946289 0.185764 0.025391
0 0.614583 0.538086 0.051066 0.016678
0 0.448785 0.546875 0.052802 0.016678
0 0.596354 0.598145 0.070289 0.017455
0 0.516493 0.646973 0.126241 0.021092
0 0.196181 0.946289 0.096727 0.032862
