0 0.220486 0.166992 0.201389 0.031250
0 0.532118 0.124512 0.251736 0.018555
0 0.532118 0.145508 0.328125 0.019531
0 0.528646 0.167969 0.248264 0.017578
0 0.307292 0.250977 0.378472 0.017578
0 0.274306 0.432617 0.326389 0.021484
0 0.701389 0.434570 0.111111 0.021484
0 0.213542 0.351562 0.204861 0.019531
0 0.218750 0.393555 0.187500 0.019531
0 0.446181 0.392578 0.097222 0.017578
0 0.388889 0.434570 0.093750 0.019531
0 0.701389 0.433594 0.100694 0.017578
0 0.703125 0.475586 0.104167 0.019531
0 0.701389 0.497070 0.100694 0.019531
0 0.427083 0.538574 0.402778 0.024414
0 0.618056 0.689453 0.114583 0.017578
0 0.290799 0.922363 0.453125 0.030273
0 0.110243 0.945801 0.095486 0.028320
0 0.330729 0.946289 0.185764 0.025391
0 0.196181 0.946289 0.096727 0.032862
