0 0.459635 0.495605 0.255208 0.020508
0 0.459635 0.530762 0.312500 0.024414
0 0.630208 0.845703 0.247396 0.023438
0 0.223958 0.772461 0.138021 0.021484
0 0.718099 0.770996 0.082031 0.018555
0 0.410807 0.495605 0.157552 0.028320
0 0.541667 0.496094 0.088542 0.023438
0 0.458333 0.530273 0.312500 0.029297
0 0.167969 0.561523 0.046875 0.019531
0 0.466146 0.609375 0.341146 0.037109
0 0.342448 0.643555 0.039062 0.025391
0 0.412760 0.642578 0.059896 0.023438
0 0.671224 0.640625 0.141927 0.027344
0 0.437500 0.673828 0.552083 0.027344
0 0.393229 0.701172 0.049479 0.017578
0 0.546875 0.703125 0.088542 0.023438
0 0.712240 0.703125 0.091146 0.023438
0 0.204427 0.743164 0.111979 0.029297
0 0.216146 0.771484 0.135417 0.031250
0 0.248047 0.797852 0.194010 0.029297
0 0.477865 0.802734 0.059896 0.023438
0 0.449219 0.902344 0.429688 0.027344
