0 0.609863 0.009517 0.545898 0.019034
0 0.627930 0.027818 0.367188 0.023426
0 0.621582 0.048682 0.452148 0.025622
0 0.625488 0.218521 0.225586 0.022694
0 0.817871 0.214861 0.125977 0.025622
0 0.479980 0.423499 0.354492 0.030015
0 0.813965 0.421669 0.153320 0.032211
0 0.392578 0.008053 0.031250 0.016105
0 0.485352 0.008053 0.033203 0.016105
0 0.705078 0.006955 0.044922 0.013909
0 0.492188 0.030015 0.097656 0.021962
0 0.664062 0.027818 0.042969 0.020498
0 0.718750 0.027086 0.046875 0.019034
0 0.411133 0.051977 0.019531 0.017570
0 0.463867 0.052709 0.048828 0.020498
0 0.561523 0.051977 0.029297 0.019034
0 0.772461 0.051245 0.128906 0.027818
0 0.466309 0.099195 0.116211 0.027086
0 0.628906 0.146413 0.113281 0.023426
0 0.765625 0.144949 0.113281 0.023426
0 0.428223 0.171669 0.209961 0.027086
0 0.704102 0.170571 0.328125 0.026354
0 0.418945 0.220351 0.037109 0.021962
0 0.599609 0.245974 0.568359 0.030747
0 0.590820 0.296852 0.558594 0.030015
0 0.601562 0.321376 0.138672 0.026354
0 0.443359 0.373353 0.013672 0.016105
0 0.599609 0.374085 0.138672 0.026354
0 0.815430 0.375549 0.140625 0.029283
0 0.830078 0.454612 0.017578 0.020498
0 0.513672 0.507321 0.240234 0.029283
0 0.826172 0.568814 0.130859 0.029283
0 0.331055 0.618594 0.039062 0.026354
0 0.375977 0.620791 0.037109 0.020498
0 0.364258 0.647877 0.109375 0.026354
0 0.359375 0.708638 0.115234 0.027818
0 0.609375 0.713397 0.228516 0.035871
0 0.750977 0.810395 0.265625 0.032211
0 0.512695 0.837482 0.228516 0.035139
0 0.727539 0.843338 0.185547 0.035139
0 0.856445 0.908492 0.093750 0.030747
0 0.777832 0.027086 0.063194 0.026129
0 0.662598 0.052709 0.078973 0.029104
0 0.514160 0.053075 0.051408 0.025382
0 0.356445 0.221449 0.081749 0.032740
0 0.608398 0.456076 0.085658 0.033482
0 0.340332 0.507321 0.104322 0.034964
0 0.457520 0.711933 0.078740 0.037183
0 0.356445 0.835286 0.083459 0.039349
