0 0.495660 0.388672 0.470486 0.054688
0 0.501736 0.414062 0.416667 0.046875
0 0.348090 0.603516 0.182292 0.031250
0 0.808160 0.572754 0.098958 0.022461
0 0.407118 0.397461 0.296875 0.042969
0 0.671875 0.405273 0.055556 0.019531
0 0.437500 0.421875 0.291667 0.031250
0 0.435764 0.442383 0.048611 0.019531
0 0.550347 0.456055 0.090278 0.019531
0 0.234375 0.475586 0.055556 0.015625
0 0.274306 0.492188 0.131944 0.023438
0 0.390625 0.499023 0.062500 0.019531
0 0.329861 0.505859 0.072917 0.017578
0 0.388889 0.528320 0.052083 0.015625
0 0.338542 0.532227 0.048611 0.015625
0 0.797743 0.545898 0.102431 0.023438
0 0.305556 0.557617 0.086806 0.019531
0 0.375000 0.576172 0.065972 0.017578
0 0.385417 0.603516 0.072917 0.017578
0 0.826389 0.626953 0.090278 0.023438
0 0.636285 0.384277 0.171973 0.043370
0 0.612847 0.411133 0.077151 0.027678
0 0.697049 0.443359 0.213542 0.032297
0 0.473090 0.460449 0.068907 0.020504
0 0.412326 0.464844 0.065674 0.019540
0 0.304688 0.472656 0.093964 0.023140
0 0.250868 0.509277 0.082796 0.022289
0 0.605903 0.511719 0.070644 0.019365
0 0.808160 0.574707 0.100648 0.024067
0 0.809896 0.591309 0.103192 0.026081
0 0.302951 0.607910 0.096248 0.026189
