0 0.485677 0.377441 0.177083 0.024414
0 0.606120 0.935547 0.186198 0.019531
0 0.313802 0.729492 0.093750 0.017578
0 0.667318 0.729004 0.066406 0.018555
0 0.558594 0.591797 0.036458 0.017578
0 0.552083 0.655273 0.049479 0.015625
0 0.665365 0.701172 0.062500 0.017578
0 0.497396 0.751953 0.044271 0.017578
0 0.303385 0.787109 0.072917 0.017578
0 0.420573 0.786133 0.135417 0.019531
0 0.316406 0.833984 0.098958 0.017578
0 0.334635 0.857422 0.143229 0.023438
0 0.334635 0.880859 0.143229 0.023438
0 0.365885 0.901855 0.205729 0.028320
0 0.678385 0.906250 0.052083 0.017578
0 0.490885 0.957031 0.125000 0.017578
