0 0.254340 0.198242 0.164931 0.021484
0 0.495660 0.163574 0.220486 0.016602
0 0.497396 0.182617 0.234375 0.017578
0 0.500000 0.201172 0.190972 0.013672
0 0.326389 0.265137 0.309028 0.016602
0 0.315104 0.479492 0.262153 0.015625
0 0.638021 0.478027 0.085069 0.012695
0 0.255208 0.198242 0.170139 0.029297
0 0.602431 0.268555 0.125000 0.015625
0 0.628472 0.317383 0.072917 0.015625
0 0.373264 0.334961 0.284722 0.015625
0 0.260417 0.350586 0.163194 0.015625
0 0.446181 0.350586 0.076389 0.015625
0 0.640625 0.350586 0.076389 0.015625
0 0.263889 0.383789 0.163194 0.015625
0 0.446181 0.382812 0.076389 0.013672
0 0.263889 0.416992 0.163194 0.015625
0 0.463542 0.416016 0.041667 0.013672
0 0.267361 0.450195 0.163194 0.015625
0 0.467014 0.449219 0.041667 0.013672
0 0.416667 0.481445 0.052083 0.015625
0 0.638889 0.478516 0.086806 0.013672
0 0.642361 0.511719 0.086806 0.013672
0 0.642361 0.527344 0.086806 0.013672
0 0.243056 0.548828 0.100694 0.017578
0 0.321181 0.548828 0.041667 0.013672
0 0.331597 0.563477 0.090278 0.015625
0 0.312500 0.630859 0.232639 0.017578
0 0.567708 0.625000 0.263889 0.017578
0 0.290799 0.922363 0.453125 0.030273
0 0.110243 0.945801 0.095486 0.028320
0 0.330729 0.945312 0.185764 0.027344
