0 0.306641 0.186035 0.175781 0.036133
0 0.583984 0.134766 0.300781 0.023438
0 0.582031 0.162598 0.273438 0.026367
0 0.583333 0.190918 0.242188 0.020508
0 0.380208 0.287109 0.330729 0.025391
0 0.355469 0.528809 0.286458 0.032227
0 0.722005 0.536621 0.100260 0.024414
0 0.690104 0.290039 0.138021 0.019531
0 0.683594 0.314453 0.179688 0.023438
0 0.490885 0.364258 0.085938 0.025391
0 0.716146 0.362305 0.088542 0.025391
0 0.695312 0.388672 0.046875 0.023438
0 0.299479 0.410156 0.182292 0.023438
0 0.727865 0.414062 0.091146 0.023438
0 0.298177 0.458984 0.179688 0.023438
0 0.502604 0.460938 0.088542 0.023438
0 0.726562 0.462891 0.088542 0.023438
0 0.226562 0.483398 0.033854 0.019531
0 0.720052 0.488281 0.101562 0.023438
0 0.707031 0.560547 0.101562 0.023438
0 0.725260 0.585938 0.091146 0.023438
0 0.290365 0.630859 0.169271 0.027344
0 0.726562 0.635742 0.088542 0.025391
0 0.486979 0.656250 0.348958 0.027344
0 0.226562 0.755859 0.046875 0.023438
0 0.256510 0.830078 0.111979 0.023438
0 0.539062 0.833984 0.437500 0.027344
0 0.293620 0.360352 0.068494 0.032862
0 0.639974 0.389648 0.050258 0.027043
