0 0.470703 0.433105 0.204427 0.026367
0 0.469401 0.462891 0.259115 0.029297
0 0.634115 0.834473 0.223958 0.030273
0 0.270833 0.779785 0.109375 0.020508
0 0.702474 0.768555 0.084635 0.023438
0 0.470703 0.435059 0.209635 0.028320
0 0.477865 0.524414 0.286458 0.039062
0 0.376302 0.554688 0.031250 0.017578
0 0.436198 0.551758 0.046875 0.019531
0 0.532552 0.549805 0.085938 0.025391
0 0.649740 0.545898 0.114583 0.019531
0 0.290365 0.606445 0.125000 0.019531
0 0.551432 0.597656 0.074219 0.025391
0 0.423177 0.626953 0.041667 0.013672
0 0.552083 0.623047 0.072917 0.023438
0 0.688802 0.619141 0.075521 0.023438
0 0.269531 0.631836 0.088542 0.019531
0 0.555990 0.677734 0.075521 0.023438
0 0.272135 0.721680 0.080729 0.025391
0 0.274740 0.745117 0.111979 0.025391
0 0.701823 0.767578 0.091146 0.023438
0 0.299479 0.802734 0.166667 0.027344
0 0.493490 0.800781 0.054688 0.023438
0 0.704427 0.794922 0.091146 0.023438
0 0.493490 0.867188 0.153646 0.027344
0 0.479167 0.889648 0.375000 0.029297
0 0.423828 0.681152 0.043868 0.018683
