0 0.495117 0.106593 0.296875 0.040659
0 0.479492 0.136813 0.439453 0.047253
0 0.757812 0.273077 0.271484 0.027473
0 0.189941 0.834615 0.249023 0.023077
0 0.793457 0.831868 0.122070 0.034066
0 0.566895 0.116484 0.133789 0.024176
0 0.392578 0.132418 0.089844 0.027473
0 0.511719 0.142857 0.121094 0.026374
0 0.487305 0.234615 0.328125 0.035165
0 0.190430 0.260989 0.238281 0.035165
0 0.757324 0.274725 0.264648 0.030769
0 0.125000 0.343956 0.103516 0.023077
0 0.249512 0.377198 0.354492 0.031319
0 0.135742 0.403846 0.121094 0.021978
0 0.099609 0.452747 0.048828 0.020879
0 0.461914 0.456593 0.121094 0.024176
0 0.790527 0.459341 0.166992 0.023077
0 0.460449 0.525824 0.104492 0.020879
0 0.326172 0.565385 0.505859 0.032967
0 0.458984 0.595055 0.103516 0.019780
0 0.810059 0.604396 0.114258 0.024176
0 0.202637 0.641484 0.266602 0.028022
0 0.444336 0.635714 0.058594 0.021978
0 0.457520 0.664286 0.092773 0.021978
0 0.235840 0.713462 0.331055 0.034615
0 0.435547 0.735714 0.027344 0.014286
0 0.468262 0.733516 0.055664 0.021978
0 0.816895 0.746703 0.081055 0.023077
0 0.156738 0.810714 0.165039 0.029121
0 0.129395 0.839011 0.108398 0.023077
0 0.278809 0.832692 0.051758 0.022527
0 0.190430 0.862637 0.226562 0.023077
0 0.391113 0.104396 0.096316 0.030644
0 0.467285 0.111264 0.072785 0.027908
0 0.316895 0.127473 0.068785 0.025130
0 0.489258 0.168681 0.183544 0.035073
0 0.223145 0.348352 0.106170 0.033967
0 0.787109 0.532692 0.071795 0.025686
0 0.376465 0.635714 0.086513 0.026875
0 0.813965 0.675824 0.102378 0.026242
0 0.764648 0.779396 0.067872 0.025686
0 0.822754 0.784341 0.064896 0.023457
0 0.818848 0.836538 0.064811 0.024573
0 0.759277 0.856319 0.068862 0.025686
0 0.817383 0.862088 0.067833 0.025130
