0 0.344618 0.172852 0.199653 0.025391
0 0.639757 0.123535 0.241319 0.016602
0 0.646701 0.146484 0.317708 0.017578
0 0.650174 0.168457 0.241319 0.016602
0 0.434028 0.249023 0.388889 0.019531
0 0.432292 0.466309 0.336806 0.024414
0 0.854167 0.458984 0.097222 0.017578
0 0.343750 0.173828 0.201389 0.031250
0 0.390625 0.249023 0.288194 0.025391
0 0.347222 0.270508 0.045139 0.015625
0 0.312500 0.309570 0.128472 0.019531
0 0.351562 0.349121 0.206597 0.024414
0 0.585069 0.342773 0.097222 0.019531
0 0.353299 0.388672 0.210069 0.025391
0 0.848958 0.377930 0.083333 0.019531
0 0.855903 0.416992 0.083333 0.019531
0 0.356771 0.430176 0.210069 0.026367
0 0.852431 0.458984 0.100694 0.023438
0 0.857639 0.499023 0.100694 0.019531
0 0.342014 0.533203 0.135417 0.023438
0 0.875000 0.541016 0.083333 0.023438
0 0.322917 0.554688 0.090278 0.023438
0 0.362847 0.575195 0.197917 0.025391
0 0.797743 0.671875 0.279514 0.029297
0 0.604167 0.745117 0.440972 0.035156
0 0.303819 0.776367 0.055556 0.019531
0 0.289931 0.923828 0.454861 0.035156
0 0.243056 0.945801 0.361111 0.028320
