0 0.319444 0.237793 0.173611 0.022461
0 0.576389 0.199219 0.236111 0.013672
0 0.580729 0.215820 0.251736 0.015625
0 0.577257 0.235352 0.206597 0.015625
0 0.401042 0.309082 0.329861 0.014648
0 0.383681 0.427246 0.281250 0.014648
0 0.730903 0.422363 0.086806 0.016602
0 0.319444 0.239258 0.173611 0.029297
0 0.302083 0.379883 0.114583 0.015625
0 0.327257 0.396484 0.168403 0.019531
0 0.725694 0.389648 0.079861 0.015625
0 0.484375 0.428711 0.055556 0.015625
0 0.729167 0.424805 0.079861 0.015625
0 0.730903 0.458008 0.083333 0.015625
0 0.730903 0.475586 0.083333 0.015625
0 0.392361 0.512695 0.093750 0.019531
0 0.290799 0.922363 0.453125 0.030273
0 0.111979 0.946289 0.092014 0.027344
0 0.330729 0.946289 0.185764 0.025391
0 0.196181 0.946289 0.096727 0.032862
