0 0.448730 0.168132 0.315430 0.025641
0 0.444336 0.197802 0.654297 0.029304
0 0.684570 0.347619 0.212891 0.025641
0 0.211914 0.847985 0.257812 0.041758
0 0.778809 0.831136 0.118164 0.028571
0 0.532227 0.232234 0.162109 0.021978
0 0.125000 0.432967 0.048828 0.026374
0 0.760742 0.509158 0.093750 0.032234
0 0.287109 0.560806 0.398438 0.041758
0 0.438965 0.599634 0.102539 0.040293
0 0.767090 0.594872 0.098633 0.036630
0 0.309082 0.650916 0.454102 0.046154
0 0.283203 0.916484 0.126953 0.032234
0 0.377441 0.914652 0.074473 0.042107
