0 0.485677 0.464355 0.200521 0.022461
0 0.485677 0.492676 0.236979 0.022461
0 0.620443 0.791016 0.199219 0.019531
0 0.294922 0.732422 0.100260 0.021484
0 0.685547 0.732422 0.074219 0.017578
0 0.485677 0.465820 0.192708 0.019531
0 0.488281 0.552734 0.263021 0.031250
0 0.307943 0.579102 0.100260 0.025391
0 0.395833 0.579102 0.028646 0.015625
0 0.447917 0.577148 0.044271 0.019531
0 0.541667 0.578125 0.078125 0.023438
0 0.649740 0.575195 0.109375 0.019531
0 0.312500 0.625977 0.117188 0.019531
0 0.562500 0.625000 0.054688 0.017578
0 0.678385 0.647461 0.083333 0.019531
0 0.319010 0.755859 0.153646 0.023438
0 0.494792 0.756836 0.044271 0.015625
0 0.686198 0.756836 0.083333 0.019531
