0 0.364746 0.091209 0.141602 0.032967
0 0.418457 0.152381 0.264648 0.017582
0 0.395996 0.525275 0.219727 0.021978
0 0.677734 0.520513 0.076172 0.018315
0 0.571289 0.057875 0.187500 0.017582
0 0.572754 0.073993 0.198242 0.016117
0 0.573730 0.091941 0.206055 0.018315
0 0.361816 0.089011 0.141602 0.031502
0 0.410156 0.153846 0.152344 0.017582
0 0.657227 0.163370 0.142578 0.019048
0 0.482422 0.201465 0.025391 0.014652
0 0.586914 0.197802 0.023438 0.013187
0 0.433594 0.219048 0.099609 0.014652
0 0.540039 0.216117 0.099609 0.019048
0 0.345703 0.235897 0.144531 0.017582
0 0.716797 0.243956 0.037109 0.014652
0 0.288086 0.252015 0.029297 0.017582
0 0.317383 0.269597 0.091797 0.017582
0 0.467773 0.268864 0.068359 0.019048
0 0.342773 0.287179 0.146484 0.017582
0 0.511719 0.283883 0.074219 0.018315
0 0.701172 0.278388 0.074219 0.017582
0 0.287109 0.304762 0.039062 0.017582
0 0.423828 0.304762 0.050781 0.017582
0 0.339355 0.322711 0.149414 0.019780
0 0.488281 0.320147 0.025391 0.014652
0 0.527344 0.319414 0.039062 0.017582
0 0.673828 0.339194 0.062500 0.019048
0 0.277344 0.361905 0.031250 0.017582
0 0.338867 0.381685 0.150391 0.019048
0 0.510742 0.380952 0.072266 0.017582
0 0.698242 0.378755 0.072266 0.019048
0 0.282227 0.402930 0.029297 0.017582
0 0.304688 0.420513 0.070312 0.020513
0 0.495117 0.420513 0.080078 0.017582
0 0.554688 0.419048 0.027344 0.017582
0 0.344238 0.439927 0.147461 0.021245
0 0.517578 0.436630 0.058594 0.017582
0 0.696289 0.432234 0.056641 0.017582
0 0.288086 0.460073 0.025391 0.017582
0 0.332031 0.458608 0.046875 0.017582
0 0.584961 0.451282 0.173828 0.023443
0 0.683594 0.484249 0.066406 0.019048
0 0.349609 0.494505 0.140625 0.019048
0 0.472656 0.523810 0.066406 0.019048
0 0.678711 0.520147 0.080078 0.017582
0 0.359375 0.563370 0.148438 0.021978
0 0.681641 0.558242 0.078125 0.017582
0 0.324219 0.602930 0.058594 0.019048
0 0.686523 0.615385 0.080078 0.017582
0 0.642090 0.675092 0.172852 0.021245
0 0.305664 0.699634 0.037109 0.019048
0 0.637207 0.714652 0.186523 0.021245
0 0.506836 0.776557 0.291016 0.023443
0 0.307129 0.152747 0.051587 0.021036
0 0.517090 0.199634 0.041057 0.020870
0 0.387207 0.718315 0.039104 0.020969
0 0.433105 0.837729 0.040815 0.022465
