0 0.319661 0.184570 0.149740 0.029297
0 0.547526 0.144043 0.264323 0.018555
0 0.548828 0.165527 0.204427 0.018555
0 0.547526 0.187500 0.188802 0.017578
0 0.381510 0.265625 0.281250 0.019531
0 0.360026 0.489258 0.240885 0.025391
0 0.671875 0.489258 0.075521 0.025391
0 0.545573 0.209961 0.140625 0.019531
0 0.493490 0.270508 0.057292 0.015625
0 0.287760 0.287109 0.096354 0.023438
0 0.632812 0.289062 0.151042 0.023438
0 0.289062 0.328125 0.098958 0.023438
0 0.458333 0.349609 0.192708 0.023438
0 0.486979 0.371094 0.070312 0.017578
0 0.315104 0.409180 0.151042 0.019531
0 0.486979 0.411133 0.070312 0.019531
0 0.316406 0.450195 0.151042 0.019531
0 0.493490 0.452148 0.057292 0.019531
0 0.445312 0.491211 0.070312 0.019531
0 0.673177 0.492188 0.072917 0.017578
0 0.673177 0.534180 0.072917 0.019531
0 0.281250 0.574219 0.065104 0.017578
0 0.308594 0.593750 0.143229 0.023438
0 0.251302 0.659180 0.031250 0.019531
0 0.373698 0.656250 0.122396 0.023438
0 0.553385 0.659180 0.052083 0.015625
0 0.660156 0.662109 0.104167 0.017578
0 0.612630 0.701660 0.201823 0.026367
0 0.473958 0.788086 0.479167 0.029297
0 0.638021 0.854492 0.132812 0.019531
0 0.659505 0.144043 0.047710 0.026043
0 0.289714 0.656738 0.046930 0.028240
