0 0.507812 0.226074 0.456597 0.026367
0 0.441840 0.253418 0.543403 0.028320
0 0.396701 0.329590 0.449653 0.026367
0 0.293403 0.516113 0.291667 0.022461
0 0.760417 0.515137 0.152778 0.018555
0 0.239583 0.251953 0.131944 0.023438
0 0.289931 0.306641 0.232639 0.023438
0 0.534722 0.331055 0.156250 0.019531
0 0.543403 0.357422 0.055556 0.017578
0 0.279514 0.387695 0.253472 0.025391
0 0.251736 0.410156 0.197917 0.023438
0 0.277778 0.434570 0.250000 0.025391
0 0.564236 0.434570 0.104167 0.019531
0 0.758681 0.458008 0.149306 0.025391
0 0.810764 0.485352 0.048611 0.019531
0 0.479167 0.550781 0.458333 0.031250
0 0.289062 0.922363 0.449653 0.030273
0 0.110243 0.945801 0.095486 0.028320
0 0.330729 0.946289 0.185764 0.025391
0 0.266493 0.358398 0.081256 0.027043
0 0.192708 0.459961 0.096727 0.032862
0 0.196181 0.946289 0.096727 0.032862
