0 0.311198 0.263672 0.164062 0.035156
0 0.562500 0.225586 0.268229 0.035156
0 0.558594 0.252441 0.239583 0.030273
0 0.557943 0.276367 0.209635 0.027344
0 0.375651 0.354980 0.308594 0.036133
0 0.345703 0.509277 0.261719 0.030273
0 0.682292 0.521484 0.083333 0.019531
0 0.398438 0.447266 0.270833 0.031250
0 0.294922 0.464844 0.165365 0.029297
0 0.678385 0.523438 0.080729 0.023438
0 0.272135 0.575195 0.106771 0.025391
0 0.686849 0.726562 0.050781 0.025391
0 0.292318 0.420898 0.063567 0.027043
