0 0.331597 0.215332 0.180556 0.024414
0 0.617188 0.171387 0.307292 0.016602
0 0.618056 0.191895 0.291667 0.018555
0 0.617188 0.213379 0.251736 0.016602
0 0.414931 0.289551 0.347222 0.014648
0 0.390625 0.438477 0.298611 0.019531
0 0.785590 0.437500 0.085069 0.013672
0 0.312500 0.366211 0.142361 0.015625
0 0.333333 0.383789 0.184028 0.019531
0 0.562500 0.382812 0.052083 0.017578
0 0.788194 0.437500 0.079861 0.017578
0 0.788194 0.475586 0.079861 0.015625
0 0.326389 0.514648 0.177083 0.019531
0 0.789931 0.512695 0.076389 0.019531
0 0.267361 0.614258 0.045139 0.015625
0 0.739583 0.670898 0.163194 0.015625
0 0.290799 0.922363 0.453125 0.030273
0 0.110243 0.945801 0.095486 0.028320
0 0.330729 0.945312 0.185764 0.027344
0 0.196181 0.946289 0.096727 0.032862
