0 0.481771 0.395996 0.208333 0.020508
0 0.481771 0.423340 0.257812 0.022461
0 0.641927 0.812988 0.223958 0.020508
0 0.274089 0.735352 0.128906 0.021484
0 0.725260 0.728027 0.075521 0.018555
0 0.483073 0.394531 0.210938 0.023438
0 0.486979 0.483398 0.289062 0.035156
0 0.289062 0.514648 0.101562 0.019531
0 0.382812 0.511719 0.033854 0.017578
0 0.444010 0.509766 0.046875 0.017578
0 0.524740 0.508789 0.046875 0.015625
0 0.566406 0.508789 0.039062 0.025391
0 0.664062 0.503906 0.119792 0.023438
0 0.432943 0.535645 0.410156 0.032227
0 0.559896 0.556641 0.078125 0.023438
0 0.334635 0.589844 0.221354 0.027344
0 0.572917 0.584961 0.244792 0.025391
0 0.427083 0.612305 0.044271 0.015625
0 0.562500 0.609375 0.078125 0.023438
0 0.427083 0.668945 0.044271 0.015625
0 0.572917 0.666016 0.067708 0.023438
0 0.722656 0.664062 0.070312 0.023438
0 0.283854 0.708984 0.041667 0.023438
0 0.273438 0.735352 0.104167 0.025391
0 0.295573 0.757812 0.169271 0.023438
0 0.497396 0.756836 0.054688 0.019531
0 0.501302 0.836914 0.151042 0.019531
