0 0.363715 0.317871 0.109375 0.018555
0 0.389757 0.339355 0.154514 0.020508
0 0.649306 0.339844 0.229167 0.015625
0 0.671007 0.359863 0.175347 0.018555
0 0.336806 0.498535 0.065972 0.018555
0 0.461806 0.498535 0.107639 0.016602
0 0.572049 0.499023 0.039931 0.017578
0 0.720486 0.499023 0.086806 0.017578
0 0.406250 0.558594 0.194444 0.021484
0 0.663194 0.559570 0.215278 0.023438
0 0.526042 0.261719 0.329861 0.031250
0 0.732639 0.438477 0.059028 0.019531
0 0.289062 0.922363 0.449653 0.030273
0 0.110243 0.945801 0.095486 0.028320
0 0.330729 0.945312 0.185764 0.027344
0 0.196181 0.946289 0.096727 0.032862
