0 0.483724 0.082031 0.334635 0.042969
0 0.482422 0.132812 0.415365 0.041016
0 0.724609 0.907227 0.352865 0.037109
0 0.169271 0.765625 0.197917 0.033203
0 0.834635 0.757324 0.135417 0.038086
0 0.489583 0.089844 0.322917 0.031250
0 0.117188 0.165039 0.039062 0.019531
0 0.492188 0.225586 0.442708 0.048828
0 0.188151 0.271484 0.160156 0.039062
0 0.333333 0.270508 0.046875 0.029297
0 0.425781 0.270508 0.075521 0.029297
0 0.759115 0.269531 0.174479 0.031250
0 0.399740 0.343750 0.065104 0.023438
0 0.609375 0.346680 0.093750 0.029297
0 0.340495 0.386719 0.503906 0.041016
0 0.399740 0.422852 0.062500 0.019531
0 0.609375 0.424805 0.093750 0.029297
0 0.339844 0.467773 0.510417 0.035156
0 0.817057 0.506348 0.118490 0.038086
0 0.217448 0.550781 0.268229 0.031250
0 0.580729 0.550781 0.330729 0.037109
0 0.398438 0.585938 0.067708 0.023438
0 0.613281 0.588867 0.096354 0.029297
0 0.825521 0.588867 0.114583 0.029297
0 0.398438 0.670898 0.067708 0.025391
0 0.618490 0.674805 0.098958 0.035156
0 0.832031 0.674805 0.119792 0.035156
0 0.141927 0.729492 0.151042 0.039062
0 0.333333 0.732422 0.046875 0.027344
0 0.158854 0.767578 0.187500 0.042969
0 0.837240 0.763672 0.117188 0.031250
0 0.196615 0.805664 0.260417 0.035156
0 0.502604 0.807617 0.078125 0.029297
0 0.829427 0.805664 0.135417 0.035156
0 0.828125 0.850586 0.138021 0.035156
0 0.498698 0.957031 0.239583 0.037109
0 0.382812 0.550293 0.077070 0.038721
