0 0.287326 0.161133 0.192708 0.033203
0 0.555556 0.123535 0.270833 0.036133
0 0.555556 0.141113 0.184028 0.028320
0 0.553819 0.156738 0.267361 0.032227
0 0.364583 0.229492 0.347222 0.019531
0 0.354167 0.354980 0.302083 0.020508
0 0.737847 0.341797 0.090278 0.023438
0 0.258681 0.284180 0.118056 0.019531
0 0.486111 0.285156 0.086806 0.017578
0 0.732639 0.306641 0.090278 0.023438
0 0.295139 0.321289 0.184028 0.015625
0 0.470486 0.355469 0.062500 0.017578
0 0.362847 0.431641 0.048611 0.013672
0 0.375000 0.448242 0.100694 0.019531
0 0.560764 0.443359 0.253472 0.027344
0 0.690104 0.515625 0.251736 0.031250
0 0.513889 0.581055 0.395833 0.029297
0 0.666667 0.594727 0.319444 0.029297
0 0.290799 0.922363 0.453125 0.030273
0 0.110243 0.945801 0.095486 0.028320
0 0.330729 0.946289 0.185764 0.025391
0 0.724826 0.270020 0.075626 0.026685
0 0.196181 0.946289 0.096727 0.032862
