0 0.462240 0.212891 0.330729 0.031250
0 0.461589 0.253418 0.389323 0.034180
0 0.673828 0.722168 0.326823 0.032227
0 0.147135 0.629883 0.187500 0.035156
0 0.786458 0.628418 0.127604 0.032227
0 0.461589 0.216309 0.311198 0.032227
0 0.093099 0.289551 0.066406 0.026367
0 0.125000 0.389648 0.062500 0.025391
0 0.201172 0.394043 0.095052 0.040039
0 0.311198 0.392578 0.049479 0.027344
0 0.401042 0.392578 0.072917 0.027344
0 0.548177 0.394531 0.127604 0.031250
0 0.725260 0.391602 0.169271 0.029297
0 0.373698 0.462891 0.065104 0.023438
0 0.769531 0.465820 0.127604 0.029297
0 0.744792 0.505859 0.046875 0.027344
0 0.570312 0.542969 0.109375 0.027344
0 0.781250 0.543945 0.109375 0.029297
0 0.121745 0.594238 0.144531 0.041992
0 0.180990 0.631836 0.093750 0.041016
0 0.468750 0.670898 0.078125 0.029297
0 0.462240 0.770508 0.229167 0.035156
0 0.690755 0.506348 0.059784 0.034158
0 0.096354 0.629395 0.098364 0.043675
