0 0.457627 0.107692 0.392655 0.011189
0 0.620763 0.208392 0.540960 0.016084
0 0.476695 0.496853 0.846045 0.014685
0 0.408192 0.095979 0.110169 0.010839
0 0.584746 0.096503 0.220339 0.013986
0 0.537429 0.107168 0.153955 0.011538
0 0.638418 0.107692 0.025424 0.008392
0 0.349576 0.116783 0.608757 0.015385
0 0.774011 0.118881 0.183616 0.013986
0 0.168785 0.127448 0.072034 0.011538
0 0.207627 0.137238 0.197740 0.012937
0 0.384181 0.137238 0.087571 0.010839
0 0.703390 0.138462 0.279661 0.013986
0 0.550141 0.147028 0.227401 0.017133
0 0.359463 0.181119 0.151130 0.009091
0 0.518362 0.181469 0.121469 0.009790
0 0.662429 0.182692 0.118644 0.009441
0 0.155367 0.190385 0.220339 0.012937
0 0.199859 0.205769 0.046610 0.010140
0 0.390537 0.207517 0.097458 0.012937
0 0.586158 0.208392 0.203390 0.013287
0 0.290960 0.216958 0.497175 0.015035
0 0.243644 0.247727 0.052260 0.011538
0 0.496469 0.251049 0.182203 0.013986
0 0.247175 0.270105 0.056497 0.012937
0 0.682910 0.284091 0.182203 0.012937
0 0.665254 0.339336 0.223164 0.013636
0 0.488701 0.348601 0.203390 0.013986
0 0.831921 0.350175 0.141243 0.013636
0 0.254944 0.358392 0.122881 0.013287
0 0.371469 0.359266 0.059322 0.012937
0 0.799435 0.382867 0.200565 0.014685
0 0.254944 0.391783 0.120056 0.011538
0 0.371469 0.392133 0.059322 0.012937
0 0.804379 0.414685 0.179379 0.013287
0 0.257062 0.422902 0.115819 0.011538
0 0.371469 0.422902 0.056497 0.011538
0 0.411017 0.443881 0.053672 0.011538
0 0.790960 0.443881 0.194915 0.011538
0 0.257062 0.453322 0.115819 0.011538
0 0.370056 0.454021 0.053672 0.011538
0 0.302966 0.496329 0.507062 0.014336
0 0.800847 0.507867 0.050847 0.011538
0 0.293785 0.524476 0.491525 0.014685
0 0.137712 0.534965 0.179379 0.013287
0 0.843927 0.536189 0.097458 0.011538
0 0.192797 0.546329 0.289548 0.014336
0 0.160311 0.556818 0.139831 0.012937
0 0.480932 0.557692 0.072034 0.009091
0 0.254944 0.567832 0.329096 0.013287
0 0.471045 0.568182 0.055085 0.012587
0 0.168079 0.606818 0.163842 0.012937
0 0.125706 0.617832 0.121469 0.013287
0 0.144774 0.677972 0.122881 0.013287
0 0.165254 0.688986 0.163842 0.012937
0 0.237288 0.700175 0.307910 0.013636
0 0.367232 0.734091 0.144068 0.012937
0 0.589689 0.733042 0.122881 0.013636
0 0.483757 0.745804 0.244350 0.014685
0 0.843220 0.773601 0.118644 0.013636
0 0.420904 0.846678 0.064972 0.010839
0 0.400424 0.873601 0.074859 0.011538
0 0.464689 0.872028 0.019774 0.007692
0 0.540254 0.872902 0.105932 0.014336
0 0.698446 0.882517 0.295198 0.014685
0 0.647599 0.893531 0.024011 0.008741
0 0.492938 0.904895 0.245763 0.013986
0 0.197034 0.926748 0.046610 0.010140
0 0.399718 0.923951 0.115819 0.012937
0 0.592514 0.921678 0.204802 0.013287
0 0.772599 0.933042 0.268362 0.013636
0 0.089689 0.940035 0.100282 0.013636
0 0.387006 0.946678 0.358757 0.017133
0 0.122175 0.951923 0.168079 0.014336
0 0.474576 0.980070 0.440678 0.015385
0 0.072034 0.987762 0.059322 0.013986
0 0.492938 0.137238 0.118427 0.013546
0 0.101695 0.206294 0.121080 0.015283
0 0.737994 0.350175 0.082180 0.015637
0 0.496469 0.883741 0.108130 0.015637
0 0.112288 0.973252 0.150726 0.017984
0 0.174435 0.984091 0.147513 0.016199
