0 0.495763 0.131348 0.203390 0.024414
0 0.478814 0.158203 0.745763 0.033203
0 0.496822 0.183594 0.591102 0.025391
0 0.503178 0.296387 0.349576 0.016602
0 0.541314 0.645508 0.192797 0.021484
0 0.840042 0.645996 0.112288 0.016602
0 0.307203 0.158203 0.199153 0.027344
0 0.330508 0.209961 0.076271 0.025391
0 0.614407 0.272461 0.072034 0.019531
0 0.343220 0.295898 0.046610 0.019531
0 0.408898 0.295898 0.050847 0.019531
0 0.495763 0.295898 0.088983 0.019531
0 0.584746 0.295898 0.046610 0.019531
0 0.652542 0.296875 0.050847 0.023438
0 0.131356 0.350586 0.080508 0.019531
0 0.161017 0.428711 0.144068 0.025391
0 0.180085 0.455078 0.190678 0.023438
0 0.189619 0.509766 0.213983 0.027344
0 0.834746 0.586914 0.122881 0.019531
0 0.542373 0.613281 0.211864 0.023438
0 0.588983 0.645508 0.110169 0.025391
0 0.838983 0.645508 0.122881 0.019531
0 0.555085 0.701172 0.169492 0.023438
0 0.497881 0.730469 0.097458 0.023438
0 0.274364 0.936035 0.451271 0.026367
0 0.487288 0.643555 0.113597 0.032862
