0 0.311632 0.174316 0.189236 0.038086
0 0.586806 0.146484 0.274306 0.015625
0 0.584201 0.165039 0.192708 0.015625
0 0.583333 0.182617 0.274306 0.019531
0 0.397569 0.248535 0.361111 0.024414
0 0.370660 0.373047 0.307292 0.023438
0 0.765625 0.371094 0.093750 0.019531
0 0.385417 0.250977 0.197917 0.019531
0 0.239583 0.299805 0.052083 0.019531
0 0.310764 0.339844 0.187500 0.017578
0 0.736111 0.375000 0.038194 0.013672
0 0.769097 0.409180 0.090278 0.019531
0 0.769097 0.429688 0.097222 0.017578
0 0.383681 0.470703 0.107639 0.023438
0 0.241319 0.553711 0.048611 0.015625
0 0.647569 0.548340 0.371528 0.026367
0 0.710069 0.609375 0.111111 0.017578
0 0.802083 0.608398 0.052083 0.015625
0 0.289062 0.922363 0.449653 0.030273
0 0.111979 0.946289 0.092014 0.027344
0 0.330729 0.945312 0.185764 0.027344
0 0.246528 0.245605 0.069088 0.022011
0 0.783854 0.372559 0.058491 0.020803
0 0.196181 0.946289 0.096727 0.032862
