0 0.473958 0.403320 0.375000 0.037109
0 0.478299 0.425293 0.331597 0.032227
0 0.361111 0.465820 0.243056 0.023438
0 0.372396 0.649902 0.137153 0.020508
0 0.747396 0.624023 0.095486 0.017578
0 0.395833 0.465820 0.079861 0.015625
0 0.324653 0.483398 0.166667 0.019531
0 0.401042 0.581055 0.069444 0.015625
0 0.340278 0.653320 0.072917 0.015625
0 0.331597 0.667969 0.055556 0.013672
0 0.331597 0.682617 0.048611 0.015625
0 0.593750 0.397949 0.137723 0.032618
0 0.644965 0.448242 0.178685 0.028448
0 0.580729 0.530762 0.076342 0.020339
0 0.731771 0.540527 0.079815 0.020266
0 0.585938 0.552246 0.072619 0.020418
0 0.723958 0.625000 0.051192 0.016678
0 0.750868 0.637207 0.104647 0.021947
0 0.410590 0.647949 0.073761 0.017417
0 0.377604 0.678711 0.058265 0.019745
