0 0.244068 0.361719 0.098305 0.017188
0 0.561017 0.350391 0.064407 0.014844
0 0.492373 0.368750 0.215254 0.021875
0 0.254237 0.480859 0.088136 0.017969
0 0.536441 0.469141 0.171186 0.019531
0 0.311017 0.696094 0.147458 0.021875
0 0.637288 0.683203 0.040678 0.017969
0 0.578814 0.701953 0.167797 0.019531
0 0.610169 0.605469 0.037288 0.015625
0 0.637288 0.685156 0.044068 0.015625
0 0.596610 0.703125 0.067797 0.018750
0 0.290678 0.937109 0.449153 0.025781
0 0.244068 0.956250 0.352542 0.021875
0 0.526271 0.704297 0.066473 0.019756
