0 0.332203 0.093359 0.088136 0.013281
0 0.570339 0.110937 0.205085 0.017188
0 0.326271 0.200391 0.083051 0.013281
0 0.598305 0.203516 0.162712 0.014844
0 0.344068 0.824609 0.172881 0.022656
0 0.601695 0.844141 0.213559 0.022656
0 0.308475 0.229687 0.091525 0.014063
0 0.654237 0.433594 0.037288 0.015625
0 0.644068 0.513281 0.064407 0.015625
0 0.655932 0.697656 0.054237 0.015625
0 0.652542 0.767188 0.071186 0.018750
0 0.681356 0.826562 0.047458 0.018750
0 0.290678 0.936328 0.449153 0.024219
0 0.244068 0.956250 0.352542 0.021875
