0 0.240104 0.423828 0.182292 0.032031
0 0.501042 0.367969 0.262500 0.023438
0 0.502604 0.394531 0.180208 0.021875
0 0.500521 0.422266 0.261458 0.017969
0 0.248438 0.492578 0.198958 0.017969
0 0.591667 0.490625 0.200000 0.021875
0 0.246875 0.496875 0.197917 0.025000
0 0.591667 0.491406 0.195833 0.023438
0 0.419792 0.516406 0.185417 0.023438
0 0.604688 0.538281 0.169792 0.023438
0 0.244792 0.566016 0.197917 0.025781
0 0.259375 0.589844 0.147917 0.020313
0 0.292187 0.896484 0.453125 0.041406
