0 0.662500 0.282422 0.166667 0.032031
0 0.688021 0.300781 0.151042 0.020313
0 0.695312 0.322656 0.228125 0.025000
0 0.694271 0.334766 0.240625 0.024219
0 0.708854 0.438281 0.128125 0.018750
0 0.818750 0.432031 0.070833 0.017188
0 0.643750 0.522656 0.179167 0.021875
0 0.824479 0.514453 0.078125 0.017969
0 0.374479 0.110547 0.080208 0.019531
0 0.379167 0.121875 0.027083 0.014063
0 0.372917 0.157031 0.027083 0.012500
0 0.264583 0.171875 0.027083 0.010937
0 0.250000 0.194531 0.056250 0.012500
0 0.363542 0.192969 0.047917 0.015625
0 0.289583 0.210938 0.056250 0.010937
0 0.346875 0.210156 0.041667 0.012500
0 0.396875 0.207031 0.041667 0.012500
0 0.292708 0.222656 0.062500 0.012500
0 0.397917 0.220312 0.141667 0.018750
0 0.194792 0.240625 0.033333 0.014063
0 0.366667 0.239063 0.079167 0.018750
0 0.237500 0.252344 0.039583 0.012500
0 0.284375 0.251563 0.041667 0.014063
0 0.335417 0.285156 0.027083 0.015625
0 0.347917 0.319531 0.052083 0.015625
0 0.703125 0.325000 0.029167 0.014063
0 0.413542 0.329688 0.050000 0.014063
0 0.587500 0.342187 0.027083 0.010937
0 0.651042 0.340625 0.025000 0.010937
0 0.758854 0.346094 0.090625 0.018750
0 0.339583 0.353125 0.068750 0.014063
0 0.594792 0.365625 0.066667 0.014063
0 0.694792 0.360938 0.033333 0.010937
0 0.339583 0.387500 0.072917 0.014063
0 0.407292 0.397656 0.070833 0.015625
0 0.611458 0.399219 0.054167 0.012500
0 0.652083 0.413281 0.056250 0.012500
0 0.709375 0.410156 0.045833 0.012500
0 0.763542 0.407031 0.045833 0.012500
0 0.672917 0.424219 0.027083 0.012500
0 0.766667 0.419531 0.154167 0.020313
0 0.582292 0.428906 0.075000 0.015625
0 0.730729 0.437109 0.086458 0.022656
0 0.793750 0.433594 0.022917 0.015625
0 0.562500 0.448437 0.031250 0.010937
0 0.387500 0.456250 0.027083 0.010937
0 0.345833 0.465625 0.068750 0.014063
0 0.754167 0.471875 0.056250 0.014063
0 0.817708 0.479687 0.077083 0.018750
0 0.821875 0.514062 0.077083 0.018750
0 0.462500 0.522656 0.054167 0.020313
0 0.569792 0.527344 0.029167 0.012500
0 0.322917 0.532031 0.045833 0.020313
0 0.606250 0.536719 0.031250 0.012500
0 0.836458 0.557031 0.054167 0.015625
0 0.339583 0.568750 0.070833 0.021875
0 0.436458 0.567969 0.020833 0.025000
0 0.833333 0.567187 0.062500 0.018750
0 0.396875 0.576562 0.056250 0.018750
0 0.470833 0.596094 0.054167 0.020313
0 0.427083 0.599219 0.031250 0.015625
0 0.602083 0.611719 0.056250 0.012500
0 0.320833 0.621875 0.087500 0.021875
0 0.227083 0.630469 0.039583 0.015625
0 0.290625 0.644922 0.135417 0.024219
0 0.446875 0.640625 0.064583 0.021875
0 0.591667 0.646875 0.027083 0.010937
0 0.264583 0.659375 0.039583 0.014063
0 0.618750 0.657813 0.077083 0.014063
0 0.222917 0.663281 0.039583 0.015625
0 0.304167 0.679688 0.031250 0.014063
0 0.341667 0.676562 0.022917 0.014063
0 0.454167 0.675781 0.054167 0.020313
0 0.260417 0.697656 0.039583 0.015625
0 0.369792 0.693750 0.039583 0.025000
0 0.670833 0.702344 0.027083 0.012500
0 0.714583 0.714844 0.047917 0.012500
0 0.446875 0.723437 0.031250 0.018750
0 0.406250 0.742969 0.035417 0.012500
0 0.713542 0.743750 0.029167 0.014063
0 0.801042 0.741406 0.037500 0.012500
0 0.858333 0.738281 0.043750 0.015625
0 0.309375 0.752734 0.089583 0.022656
0 0.264062 0.778516 0.053125 0.013281
0 0.262500 0.787500 0.027083 0.010937
0 0.295833 0.785937 0.027083 0.010937
0 0.021875 0.792188 0.037500 0.039062
0 0.362500 0.810156 0.027083 0.009375
0 0.393750 0.808594 0.027083 0.009375
0 0.494792 0.832812 0.041667 0.010937
0 0.118750 0.985938 0.037500 0.021875
0 0.674479 0.240625 0.037842 0.032710
0 0.617708 0.341797 0.037274 0.015975
0 0.304688 0.560156 0.041488 0.015559
0 0.081771 0.671484 0.031984 0.025611
0 0.090104 0.701172 0.100949 0.095698
0 0.267708 0.684766 0.045080 0.021455
0 0.353125 0.710938 0.058917 0.021801
0 0.108333 0.728516 0.065649 0.061521
0 0.313021 0.716406 0.041344 0.017245
0 0.120313 0.741406 0.056311 0.052983
0 0.370312 0.746484 0.030928 0.015139
