0 0.426270 0.307833 0.178711 0.022694
0 0.429688 0.379941 0.105469 0.017570
0 0.428223 0.398609 0.364258 0.027086
0 0.260254 0.661420 0.147461 0.021230
0 0.597168 0.663250 0.155273 0.021962
0 0.894531 0.186676 0.027344 0.019034
0 0.744141 0.231332 0.023438 0.020498
0 0.864258 0.238653 0.029297 0.020498
0 0.980469 0.245242 0.031250 0.021962
0 0.473145 0.306735 0.094727 0.026354
0 0.428711 0.380673 0.111328 0.023426
0 0.339844 0.401903 0.187500 0.021962
0 0.425781 0.461201 0.167969 0.023426
0 0.235352 0.484627 0.076172 0.020498
0 0.335938 0.483163 0.089844 0.023426
0 0.241211 0.549048 0.115234 0.023426
0 0.520508 0.546852 0.046875 0.026354
0 0.637695 0.545022 0.062500 0.027086
0 0.260742 0.594070 0.187500 0.027086
0 0.395508 0.593704 0.029297 0.021962
0 0.647461 0.591508 0.056641 0.023426
0 0.262207 0.662518 0.153320 0.029283
0 0.644531 0.688873 0.072266 0.026354
0 0.190918 0.710469 0.094727 0.030015
0 0.645508 0.713763 0.074219 0.026354
0 0.377930 0.308199 0.093416 0.026489
