0 0.611328 0.073893 0.431641 0.087772
0 0.604980 0.110278 0.694336 0.112528
0 0.256836 0.319580 0.140625 0.040510
0 0.822266 0.373218 0.259766 0.051763
0 0.232910 0.352588 0.116211 0.039010
0 0.819824 0.410353 0.254883 0.046512
0 0.137695 0.782821 0.125000 0.059265
0 0.821289 0.833833 0.197266 0.057764
0 0.768066 0.097149 0.112305 0.039760
0 0.630371 0.117779 0.114258 0.040510
0 0.860352 0.138785 0.166016 0.037509
0 0.568848 0.184921 0.086914 0.036759
0 0.358887 0.261815 0.139648 0.040510
0 0.287109 0.323331 0.072266 0.030008
0 0.903809 0.316954 0.088867 0.032258
0 0.797852 0.344336 0.085938 0.027007
0 0.263672 0.357089 0.046875 0.024006
0 0.900391 0.418980 0.089844 0.033758
0 0.197266 0.440360 0.078125 0.037509
0 0.283203 0.496624 0.027344 0.024006
0 0.679688 0.488372 0.048828 0.033008
0 0.876953 0.505626 0.125000 0.039010
0 0.158691 0.564516 0.061523 0.032258
0 0.871582 0.551388 0.137695 0.045011
0 0.167480 0.599025 0.104492 0.039760
0 0.652344 0.717929 0.023438 0.025506
0 0.144531 0.833458 0.166016 0.048012
0 0.480469 0.971868 0.310547 0.056264
0 0.444824 0.057014 0.088400 0.043353
0 0.306152 0.072393 0.066799 0.033551
0 0.374512 0.082521 0.090786 0.046411
0 0.652344 0.087772 0.134747 0.046411
0 0.452148 0.093023 0.091631 0.040373
0 0.733887 0.127907 0.102362 0.036588
0 0.641113 0.148537 0.204101 0.050931
0 0.642578 0.193548 0.063815 0.034311
0 0.295410 0.219805 0.078711 0.037346
0 0.354492 0.227307 0.059874 0.034311
0 0.248535 0.248312 0.102403 0.050904
0 0.240234 0.282071 0.097540 0.047887
0 0.877441 0.283196 0.155235 0.041129
0 0.355957 0.294449 0.068785 0.033551
0 0.219238 0.313953 0.072495 0.039565
0 0.213379 0.349962 0.068785 0.035071
0 0.893066 0.352588 0.116110 0.037346
0 0.776367 0.374719 0.175755 0.045657
0 0.815430 0.411478 0.091486 0.038104
0 0.279297 0.450113 0.109242 0.055424
0 0.207031 0.488372 0.132692 0.044866
0 0.205566 0.520255 0.147334 0.047132
0 0.150879 0.676294 0.123675 0.065169
0 0.132324 0.785446 0.139230 0.071925
