0 0.314453 0.240234 0.180990 0.035156
0 0.587891 0.189453 0.290365 0.021484
0 0.589193 0.216797 0.269531 0.019531
0 0.587240 0.243164 0.273438 0.023438
0 0.388672 0.338379 0.332031 0.024414
0 0.362630 0.508301 0.285156 0.030273
0 0.735677 0.513184 0.091146 0.022461
0 0.388021 0.340820 0.333333 0.025391
0 0.696615 0.341797 0.143229 0.023438
0 0.691406 0.367188 0.179688 0.023438
0 0.279297 0.412109 0.115885 0.027344
0 0.501302 0.415039 0.085938 0.025391
0 0.604167 0.416016 0.031250 0.023438
0 0.382812 0.438477 0.166667 0.025391
0 0.310547 0.460938 0.180990 0.027344
0 0.511719 0.463867 0.083333 0.019531
0 0.736979 0.464844 0.088542 0.023438
0 0.735677 0.514648 0.088542 0.019531
0 0.290365 0.557617 0.143229 0.025391
0 0.735677 0.563477 0.088542 0.019531
0 0.736979 0.613281 0.088542 0.023438
0 0.490885 0.709961 0.367188 0.029297
0 0.236979 0.735352 0.044271 0.019531
0 0.462240 0.810547 0.263021 0.023438
0 0.258464 0.436523 0.081741 0.032862
0 0.387370 0.558594 0.049212 0.029156
