0 0.354818 0.236328 0.160156 0.035156
0 0.597656 0.195801 0.260417 0.020508
0 0.597005 0.219727 0.238281 0.017578
0 0.597005 0.242188 0.204427 0.021484
0 0.423177 0.323730 0.302083 0.032227
0 0.390625 0.561523 0.263021 0.023438
0 0.714193 0.568359 0.100260 0.023438
0 0.356120 0.237305 0.170573 0.046875
0 0.343099 0.430664 0.162760 0.029297
0 0.718750 0.438477 0.091146 0.019531
0 0.473958 0.456055 0.106771 0.019531
0 0.341797 0.472656 0.165365 0.027344
0 0.524740 0.479492 0.072917 0.019531
0 0.339193 0.517578 0.165365 0.027344
0 0.529948 0.522461 0.062500 0.019531
0 0.477865 0.563477 0.072917 0.019531
0 0.716146 0.615234 0.093750 0.023438
0 0.716146 0.636719 0.093750 0.023438
0 0.505208 0.676758 0.317708 0.029297
0 0.497396 0.746094 0.333333 0.031250
0 0.549479 0.840820 0.401042 0.029297
0 0.317057 0.835938 0.060942 0.027043
