0 0.487288 0.399609 0.564407 0.027344
0 0.402542 0.425391 0.655932 0.028906
0 0.339831 0.503516 0.544068 0.024219
0 0.207627 0.641016 0.357627 0.025781
0 0.797458 0.641797 0.154237 0.024219
0 0.483051 0.400000 0.555932 0.029687
0 0.400000 0.425781 0.654237 0.031250
0 0.251695 0.454688 0.350847 0.028125
0 0.524576 0.504297 0.177966 0.024219
0 0.101695 0.528906 0.074576 0.020313
0 0.427119 0.530469 0.054237 0.020313
0 0.525424 0.531250 0.067797 0.018750
0 0.192373 0.585547 0.116949 0.028906
0 0.226271 0.613281 0.371186 0.025000
0 0.847458 0.615625 0.061017 0.021875
0 0.215254 0.641406 0.345763 0.028125
0 0.290678 0.936328 0.449153 0.024219
0 0.183898 0.530469 0.102985 0.026289
