0 0.234375 0.171875 0.215278 0.033203
0 0.564236 0.114258 0.309028 0.017578
0 0.572917 0.138672 0.305556 0.021484
0 0.576389 0.165039 0.277778 0.019531
0 0.337674 0.259766 0.425347 0.021484
0 0.320312 0.458984 0.362847 0.023438
0 0.776042 0.452148 0.107639 0.019531
0 0.237847 0.171875 0.229167 0.041016
0 0.704861 0.272949 0.222222 0.028320
0 0.203125 0.329102 0.142361 0.025391
0 0.475694 0.323242 0.111111 0.025391
0 0.604167 0.321289 0.038194 0.019531
0 0.269097 0.349609 0.267361 0.027344
0 0.526042 0.344727 0.232639 0.025391
0 0.245660 0.371582 0.223958 0.028320
0 0.494792 0.367188 0.107639 0.023438
0 0.767361 0.361328 0.111111 0.023438
0 0.247396 0.416016 0.227431 0.027344
0 0.770833 0.406250 0.111111 0.023438
0 0.440972 0.457031 0.104167 0.023438
0 0.774306 0.450195 0.107639 0.019531
0 0.262153 0.504883 0.239583 0.029297
0 0.777778 0.494141 0.111111 0.023438
0 0.784722 0.540039 0.107639 0.019531
0 0.211806 0.737305 0.131944 0.025391
0 0.290799 0.922363 0.453125 0.030273
0 0.111111 0.947266 0.090278 0.023438
0 0.330729 0.946289 0.185764 0.025391
0 0.196181 0.946289 0.096727 0.032862
