0 0.337674 0.159668 0.175347 0.040039
0 0.593750 0.139160 0.256944 0.016602
0 0.594618 0.155762 0.171875 0.012695
0 0.596354 0.171875 0.255208 0.015625
0 0.411458 0.229980 0.333333 0.028320
0 0.386285 0.436035 0.286458 0.022461
0 0.661458 0.303711 0.159722 0.015625
0 0.468750 0.319336 0.086806 0.015625
0 0.752604 0.335938 0.081597 0.019531
0 0.684028 0.354492 0.045139 0.015625
0 0.328125 0.365234 0.184028 0.023438
0 0.534722 0.372070 0.086806 0.015625
0 0.553819 0.388672 0.097222 0.017578
0 0.327257 0.402344 0.185764 0.023438
0 0.762153 0.405273 0.083333 0.015625
0 0.758681 0.440430 0.097222 0.015625
0 0.762153 0.477539 0.097222 0.015625
0 0.772569 0.514648 0.090278 0.015625
0 0.708333 0.571289 0.225694 0.015625
0 0.703125 0.610352 0.236111 0.015625
0 0.810764 0.690430 0.048611 0.015625
0 0.503472 0.753906 0.298611 0.023438
0 0.744792 0.751953 0.166667 0.017578
0 0.289062 0.922363 0.449653 0.030273
0 0.243056 0.945801 0.361111 0.028320
0 0.266493 0.274902 0.053306 0.022011
0 0.325521 0.314453 0.095356 0.023025
0 0.736979 0.495117 0.054793 0.019861
0 0.296007 0.569824 0.061144 0.024888
