0 0.261653 0.340332 0.108051 0.014648
0 0.608051 0.333984 0.072034 0.013672
0 0.534958 0.352051 0.239407 0.018555
0 0.268008 0.468262 0.095339 0.014648
0 0.572034 0.463867 0.190678 0.013672
0 0.309322 0.632812 0.165254 0.019531
0 0.650424 0.624023 0.059322 0.013672
0 0.588983 0.643555 0.177966 0.013672
0 0.472458 0.443359 0.076271 0.013672
0 0.561441 0.440430 0.084746 0.019531
0 0.425847 0.500000 0.186441 0.017578
0 0.652542 0.625977 0.046610 0.015625
0 0.572034 0.643555 0.139831 0.019531
0 0.274364 0.936035 0.451271 0.026367
0 0.228814 0.957031 0.355932 0.023438
