0 0.401042 0.218262 0.283854 0.049805
0 0.403646 0.259766 0.348958 0.044922
0 0.591146 0.758301 0.281250 0.036133
0 0.135417 0.655762 0.177083 0.026367
0 0.674479 0.645508 0.125000 0.025391
0 0.402344 0.224609 0.276042 0.041016
0 0.084635 0.283203 0.036458 0.017578
0 0.403646 0.341797 0.375000 0.050781
0 0.104818 0.370605 0.063802 0.028320
0 0.272135 0.375000 0.044271 0.023438
0 0.351562 0.377930 0.062500 0.025391
0 0.476562 0.382812 0.104167 0.027344
0 0.622396 0.382812 0.140625 0.023438
0 0.363281 0.410645 0.598958 0.040039
0 0.494792 0.444336 0.093750 0.025391
0 0.664062 0.444336 0.088542 0.025391
0 0.368490 0.477539 0.611979 0.029297
0 0.329427 0.506836 0.057292 0.019531
0 0.497396 0.508789 0.088542 0.025391
0 0.669271 0.508789 0.088542 0.025391
0 0.498698 0.575195 0.091146 0.025391
0 0.147135 0.624023 0.049479 0.025391
0 0.123047 0.656250 0.160156 0.039062
0 0.156250 0.687500 0.218750 0.031250
0 0.412760 0.685059 0.067708 0.028320
0 0.678385 0.715820 0.091146 0.025391
0 0.151042 0.729492 0.213542 0.029297
0 0.408854 0.808594 0.200521 0.037109
0 0.384115 0.837891 0.489583 0.041016
0 0.259766 0.255859 0.071229 0.034856
0 0.173828 0.373535 0.084330 0.033860
