0 0.473958 0.160156 0.195312 0.021484
0 0.470703 0.187012 0.238281 0.022461
0 0.611979 0.898926 0.208333 0.018555
0 0.272135 0.668457 0.114583 0.020508
0 0.679688 0.666992 0.080729 0.015625
0 0.472656 0.162109 0.200521 0.023438
0 0.473958 0.243164 0.265625 0.029297
0 0.380208 0.268555 0.028646 0.015625
0 0.434896 0.269531 0.044271 0.013672
0 0.526042 0.271484 0.078125 0.023438
0 0.420573 0.314453 0.041667 0.013672
0 0.537760 0.315430 0.067708 0.019531
0 0.665365 0.316406 0.067708 0.017578
0 0.370443 0.335938 0.279948 0.027344
0 0.544271 0.340820 0.028646 0.015625
0 0.419271 0.361328 0.028646 0.013672
0 0.539062 0.362305 0.070312 0.019531
0 0.666667 0.363281 0.070312 0.017578
0 0.546875 0.411133 0.054688 0.019531
0 0.674479 0.411133 0.054688 0.019531
0 0.384115 0.435547 0.309896 0.023438
0 0.419271 0.458984 0.039062 0.013672
0 0.546875 0.459961 0.054688 0.015625
0 0.394531 0.485352 0.335938 0.025391
0 0.419271 0.507812 0.039062 0.013672
0 0.546875 0.508789 0.054688 0.019531
0 0.670573 0.508789 0.067708 0.019531
0 0.417969 0.558594 0.041667 0.013672
0 0.541667 0.557617 0.070312 0.019531
0 0.671875 0.558594 0.070312 0.017578
0 0.541667 0.610352 0.070312 0.019531
0 0.675781 0.610352 0.072917 0.019531
0 0.256510 0.642578 0.096354 0.027344
0 0.375000 0.646484 0.028646 0.017578
0 0.290365 0.690430 0.161458 0.019531
0 0.476562 0.692383 0.049479 0.019531
0 0.677083 0.692383 0.085938 0.019531
0 0.259115 0.733398 0.078125 0.019531
0 0.272135 0.787109 0.117188 0.023438
0 0.705729 0.786133 0.028646 0.019531
0 0.250000 0.864258 0.070312 0.019531
0 0.364583 0.862793 0.171875 0.028320
0 0.683594 0.864258 0.072917 0.019531
0 0.476562 0.922852 0.143229 0.019531
0 0.309245 0.266602 0.060942 0.027043
0 0.238932 0.667969 0.063535 0.029037
