0 0.479004 0.162884 0.149414 0.022694
0 0.475098 0.184846 0.268555 0.019766
0 0.473145 0.312225 0.366211 0.021230
0 0.541992 0.452782 0.296875 0.022694
0 0.472656 0.739385 0.453125 0.032211
0 0.463867 0.251830 0.447266 0.074671
0 0.478027 0.292094 0.303711 0.024890
0 0.507812 0.183748 0.203125 0.021962
0 0.539062 0.227672 0.287109 0.026354
0 0.368164 0.252562 0.224609 0.021962
0 0.625000 0.268668 0.109375 0.019034
0 0.534668 0.290264 0.081055 0.019766
0 0.315430 0.315520 0.025391 0.019034
0 0.353516 0.314788 0.039062 0.017570
0 0.359863 0.355417 0.088867 0.022694
0 0.486328 0.393119 0.085938 0.019034
0 0.588867 0.391654 0.083984 0.019034
0 0.300293 0.457906 0.090820 0.022694
0 0.486328 0.454612 0.173828 0.026354
0 0.629883 0.451684 0.087891 0.019034
0 0.395508 0.513909 0.212891 0.020498
0 0.568359 0.513909 0.027344 0.020498
0 0.625488 0.531845 0.100586 0.024158
0 0.359375 0.555637 0.058594 0.019034
0 0.416016 0.554173 0.027344 0.019034
0 0.384766 0.575403 0.253906 0.023426
0 0.473633 0.595168 0.099609 0.021962
0 0.627930 0.593704 0.099609 0.021962
0 0.361328 0.657394 0.062500 0.020498
0 0.419922 0.657394 0.031250 0.020498
0 0.370117 0.677892 0.228516 0.020498
0 0.635742 0.740117 0.099609 0.021962
0 0.332520 0.766105 0.051758 0.022694
0 0.647461 0.761347 0.011719 0.016105
0 0.379395 0.808931 0.258789 0.026354
0 0.299805 0.831625 0.091797 0.020498
0 0.326172 0.875549 0.148438 0.020498
0 0.637695 0.869693 0.099609 0.023426
0 0.641602 0.912884 0.091797 0.021962
0 0.651367 0.931918 0.068359 0.019034
0 0.301758 0.984627 0.064453 0.019034
0 0.460938 0.980234 0.117188 0.021962
0 0.269043 0.232430 0.057273 0.026874
0 0.600586 0.290264 0.054376 0.025382
0 0.511230 0.312592 0.065238 0.026129
0 0.395020 0.314788 0.041457 0.021624
0 0.528320 0.513909 0.051934 0.022818
0 0.517090 0.677526 0.063296 0.023885
0 0.279297 0.744143 0.054305 0.025382
0 0.487793 0.763543 0.063222 0.026129
