0 0.493924 0.187500 0.567708 0.027344
0 0.419271 0.221191 0.657986 0.026367
0 0.370660 0.309570 0.564236 0.031250
0 0.251736 0.503906 0.347222 0.029297
0 0.815972 0.492676 0.177083 0.024414
0 0.236111 0.284180 0.277778 0.031250
0 0.532986 0.283691 0.281250 0.030273
0 0.529514 0.311523 0.184028 0.025391
0 0.539931 0.341797 0.065972 0.023438
0 0.579861 0.403320 0.097222 0.025391
0 0.259549 0.468750 0.366319 0.031250
0 0.248264 0.504883 0.354167 0.035156
0 0.290799 0.922363 0.453125 0.030273
0 0.330729 0.946289 0.185764 0.025391
0 0.111979 0.945801 0.094972 0.029854
0 0.196181 0.946289 0.096727 0.032862
