0 0.421528 0.163672 0.315278 0.017969
0 0.361111 0.340234 0.188889 0.017969
0 0.721528 0.334766 0.123611 0.017969
0 0.574306 0.207813 0.065278 0.020313
0 0.670139 0.207813 0.073611 0.010937
0 0.727778 0.271094 0.091667 0.015625
0 0.373611 0.292187 0.100000 0.014063
0 0.730556 0.287500 0.094444 0.018750
0 0.281944 0.308594 0.044444 0.015625
0 0.379167 0.307812 0.119444 0.018750
0 0.730556 0.303906 0.091667 0.015625
0 0.386111 0.340625 0.125000 0.014063
0 0.720833 0.336719 0.116667 0.015625
0 0.312500 0.404687 0.108333 0.018750
0 0.762500 0.400781 0.044444 0.015625
0 0.343056 0.421094 0.166667 0.015625
0 0.384722 0.438281 0.258333 0.020313
0 0.293056 0.455469 0.072222 0.015625
0 0.743056 0.487500 0.097222 0.018750
0 0.751389 0.539844 0.083333 0.015625
0 0.745833 0.557031 0.094444 0.015625
0 0.355556 0.650000 0.205556 0.021875
0 0.745833 0.696094 0.100000 0.015625
0 0.340278 0.715625 0.180556 0.021875
0 0.297222 0.783594 0.086111 0.015625
0 0.302778 0.800781 0.097222 0.015625
0 0.386111 0.838281 0.272222 0.020313
0 0.288889 0.856250 0.072222 0.018750
0 0.291667 0.922656 0.452778 0.034375
0 0.113889 0.947656 0.088889 0.023438
0 0.329167 0.947266 0.188889 0.028906
0 0.197917 0.946875 0.097937 0.032559
