0 0.332465 0.179688 0.168403 0.023438
0 0.590278 0.143066 0.190972 0.014648
0 0.592014 0.162598 0.246528 0.018555
0 0.592014 0.180664 0.208333 0.015625
0 0.403646 0.246094 0.321181 0.019531
0 0.381076 0.448242 0.282986 0.019531
0 0.735243 0.449707 0.081597 0.014648
0 0.333333 0.180664 0.173611 0.029297
0 0.732639 0.298828 0.059028 0.017578
0 0.618056 0.315430 0.218750 0.015625
0 0.328125 0.348633 0.166667 0.015625
0 0.541667 0.349609 0.045139 0.013672
0 0.324653 0.380859 0.170139 0.015625
0 0.541667 0.382812 0.045139 0.013672
0 0.741319 0.382812 0.069444 0.017578
0 0.324653 0.416992 0.170139 0.015625
0 0.541667 0.416992 0.045139 0.015625
0 0.741319 0.417969 0.069444 0.013672
0 0.473958 0.451172 0.083333 0.017578
0 0.737847 0.452148 0.083333 0.015625
0 0.756944 0.486328 0.045139 0.013672
0 0.704861 0.504883 0.045139 0.015625
0 0.284722 0.519531 0.072917 0.017578
0 0.732639 0.539062 0.093750 0.013672
0 0.347222 0.590820 0.225694 0.019531
0 0.730903 0.592773 0.104167 0.015625
0 0.670139 0.627930 0.225694 0.015625
0 0.614583 0.700195 0.239583 0.019531
0 0.762153 0.703125 0.041667 0.013672
0 0.290799 0.922363 0.453125 0.030273
0 0.112847 0.947266 0.086806 0.023438
0 0.330729 0.945312 0.185764 0.027344
0 0.196181 0.946289 0.096727 0.032862
