0 0.458333 0.421387 0.161458 0.014648
0 0.455729 0.442871 0.197917 0.014648
0 0.563151 0.818848 0.167969 0.016602
0 0.290365 0.767090 0.091146 0.016602
0 0.623698 0.767578 0.054688 0.017578
0 0.458333 0.420898 0.164062 0.019531
0 0.269531 0.461914 0.031250 0.011719
0 0.458333 0.491211 0.223958 0.025391
0 0.427083 0.515625 0.039062 0.013672
0 0.419271 0.534180 0.315104 0.015625
0 0.516927 0.553711 0.046875 0.015625
0 0.619792 0.553711 0.054688 0.015625
0 0.425781 0.576172 0.333333 0.017578
0 0.516927 0.594727 0.046875 0.015625
0 0.516927 0.635742 0.046875 0.015625
0 0.511719 0.678711 0.057292 0.015625
0 0.304688 0.701172 0.101562 0.017578
0 0.569010 0.701172 0.062500 0.017578
0 0.410156 0.720703 0.036458 0.013672
0 0.516927 0.721680 0.046875 0.015625
0 0.621094 0.721680 0.057292 0.015625
0 0.623698 0.767578 0.062500 0.017578
0 0.463542 0.788086 0.039062 0.015625
0 0.366536 0.700684 0.038660 0.018923
0 0.512370 0.701660 0.040222 0.018285
