0 0.151042 0.281250 0.284722 0.050781
0 0.560764 0.230957 0.461806 0.034180
0 0.556424 0.263184 0.407986 0.030273
0 0.552083 0.293457 0.371528 0.028320
0 0.160590 0.366211 0.307292 0.027344
0 0.687500 0.370117 0.309028 0.031250
0 0.144965 0.285156 0.282986 0.052734
0 0.204861 0.369141 0.208333 0.027344
0 0.416667 0.400391 0.284722 0.027344
0 0.701389 0.430664 0.270833 0.025391
0 0.031250 0.445312 0.062500 0.027344
0 0.189236 0.450195 0.225694 0.029297
0 0.289062 0.922363 0.449653 0.030273
0 0.111979 0.946289 0.092014 0.027344
0 0.330729 0.946289 0.185764 0.025391
0 0.196181 0.946289 0.096727 0.032862
