0 0.284505 0.190430 0.175781 0.039062
0 0.548177 0.143066 0.286458 0.022461
0 0.548177 0.168945 0.263021 0.019531
0 0.544271 0.194824 0.226562 0.022461
0 0.354167 0.285645 0.320312 0.022461
0 0.323568 0.520020 0.279948 0.022461
0 0.692708 0.526367 0.078125 0.019531
0 0.281250 0.190430 0.177083 0.041016
0 0.352865 0.287109 0.325521 0.027344
0 0.644531 0.312500 0.174479 0.023438
0 0.244141 0.355469 0.113281 0.027344
0 0.434896 0.359375 0.036458 0.023438
0 0.559896 0.361328 0.028646 0.017578
0 0.274089 0.403320 0.175781 0.027344
0 0.476562 0.407227 0.070312 0.019531
0 0.694010 0.408203 0.075521 0.023438
0 0.205729 0.426758 0.033854 0.019531
0 0.272135 0.474609 0.174479 0.023438
0 0.476562 0.477539 0.065104 0.019531
0 0.692708 0.479492 0.070312 0.019531
0 0.420573 0.522461 0.080729 0.025391
0 0.692708 0.528320 0.070312 0.019531
0 0.678385 0.551758 0.067708 0.019531
0 0.692708 0.576172 0.072917 0.023438
0 0.692708 0.599609 0.072917 0.023438
0 0.477214 0.359863 0.052138 0.027952
