0 0.376302 0.214844 0.174479 0.042969
0 0.646484 0.174805 0.287760 0.033203
0 0.641927 0.203125 0.263021 0.031250
0 0.641927 0.226562 0.226562 0.029297
0 0.444010 0.316406 0.330729 0.033203
0 0.407552 0.526855 0.281250 0.032227
0 0.768880 0.543945 0.105469 0.025391
0 0.330729 0.334961 0.109375 0.025391
0 0.736328 0.350586 0.178385 0.027344
0 0.545573 0.393555 0.085938 0.025391
0 0.765625 0.399414 0.088542 0.025391
0 0.371094 0.409180 0.200521 0.029297
0 0.588542 0.416992 0.046875 0.025391
0 0.671875 0.421875 0.062500 0.023438
0 0.356120 0.432129 0.178385 0.030273
0 0.362630 0.458008 0.188802 0.029297
0 0.353516 0.479980 0.178385 0.030273
0 0.772135 0.495117 0.085938 0.025391
0 0.356771 0.526367 0.195312 0.035156
0 0.502604 0.533203 0.083333 0.023438
0 0.764323 0.542969 0.101562 0.023438
0 0.763021 0.591797 0.098958 0.023438
0 0.529948 0.655273 0.343750 0.035156
0 0.449219 0.725586 0.216146 0.029297
0 0.669271 0.735352 0.062500 0.025391
0 0.761719 0.836914 0.046875 0.019531
0 0.353516 0.384766 0.068594 0.030859
0 0.531250 0.415039 0.067171 0.032862
0 0.598307 0.732422 0.076639 0.029037
0 0.777995 0.764160 0.052600 0.029854
