0 0.277995 0.236328 0.180990 0.039062
0 0.553385 0.172852 0.216146 0.021484
0 0.557292 0.228516 0.210938 0.023438
0 0.555990 0.201172 0.283854 0.025391
0 0.357422 0.333008 0.339844 0.027344
0 0.337891 0.506836 0.290365 0.025391
0 0.724609 0.500488 0.087240 0.018555
0 0.356771 0.333008 0.343750 0.029297
0 0.242188 0.359375 0.114583 0.023438
0 0.480469 0.405273 0.101562 0.025391
0 0.593750 0.403320 0.028646 0.019531
0 0.238281 0.433594 0.101562 0.023438
0 0.272135 0.458984 0.174479 0.023438
0 0.488281 0.455078 0.091146 0.023438
0 0.720052 0.450195 0.091146 0.025391
0 0.723958 0.500000 0.093750 0.023438
0 0.726562 0.551758 0.093750 0.025391
0 0.727865 0.578125 0.091146 0.023438
0 0.479167 0.631836 0.364583 0.029297
0 0.322917 0.741211 0.270833 0.029297
0 0.623698 0.737305 0.315104 0.025391
0 0.391927 0.820312 0.414062 0.031250
0 0.648438 0.817383 0.075521 0.019531
0 0.363932 0.556641 0.048214 0.025829
0 0.307943 0.712402 0.051816 0.030078
