0 0.380859 0.302246 0.173177 0.016602
0 0.378906 0.324707 0.213542 0.018555
0 0.527995 0.847168 0.178385 0.022461
0 0.569010 0.649414 0.067708 0.015625
0 0.223307 0.663574 0.082031 0.022461
0 0.380859 0.302246 0.173177 0.018555
0 0.386719 0.375000 0.231771 0.027344
0 0.229167 0.401367 0.085938 0.015625
0 0.355469 0.399414 0.036458 0.015625
0 0.434896 0.399414 0.065104 0.015625
0 0.244141 0.420898 0.123698 0.019531
0 0.345052 0.438477 0.036458 0.011719
0 0.453125 0.435547 0.049479 0.013672
0 0.373698 0.459961 0.382812 0.029297
0 0.451823 0.477539 0.057292 0.015625
0 0.558594 0.472656 0.057292 0.017578
0 0.459635 0.518555 0.046875 0.015625
0 0.351562 0.542969 0.033854 0.013672
0 0.459635 0.539062 0.046875 0.017578
0 0.558594 0.534180 0.072917 0.023438
0 0.222656 0.547852 0.072917 0.015625
0 0.352865 0.565430 0.330729 0.029297
0 0.457031 0.581055 0.057292 0.015625
0 0.566406 0.575195 0.057292 0.019531
0 0.220052 0.618164 0.078125 0.019531
0 0.229167 0.637695 0.096354 0.019531
0 0.230469 0.665039 0.093750 0.019531
0 0.251302 0.683594 0.138021 0.023438
0 0.408854 0.676758 0.039062 0.015625
0 0.242188 0.764648 0.096354 0.019531
0 0.294271 0.826172 0.203125 0.027344
0 0.560547 0.431152 0.051681 0.020504
