0 0.324653 0.187500 0.152778 0.042969
0 0.548611 0.168457 0.225694 0.016602
0 0.551215 0.183105 0.154514 0.012695
0 0.548611 0.197266 0.222222 0.013672
0 0.365451 0.360840 0.265625 0.030273
0 0.692708 0.364746 0.083333 0.018555
0 0.654514 0.308594 0.076389 0.013672
0 0.689236 0.336914 0.076389 0.015625
0 0.692708 0.366211 0.076389 0.015625
0 0.385417 0.396484 0.038194 0.013672
0 0.713542 0.396484 0.041667 0.013672
0 0.696181 0.413086 0.076389 0.015625
0 0.258681 0.420898 0.055556 0.015625
0 0.442708 0.445312 0.041667 0.013672
0 0.579861 0.445312 0.121528 0.013672
0 0.692708 0.508789 0.104167 0.015625
0 0.715278 0.560547 0.045139 0.013672
0 0.289062 0.922363 0.449653 0.030273
0 0.110243 0.946289 0.095486 0.027344
0 0.330729 0.945312 0.185764 0.027344
0 0.314236 0.330566 0.166666 0.032013
0 0.261285 0.372559 0.063938 0.022011
