0 0.395182 0.174316 0.264323 0.047852
0 0.394531 0.203613 0.333333 0.041992
0 0.164714 0.511230 0.165365 0.036133
0 0.701172 0.468750 0.121094 0.041016
0 0.341797 0.179688 0.160156 0.037109
0 0.315104 0.282227 0.169271 0.039062
0 0.281250 0.315430 0.039062 0.019531
0 0.355469 0.312500 0.059896 0.023438
0 0.475260 0.302734 0.101562 0.031250
0 0.162760 0.321289 0.127604 0.025391
0 0.548177 0.324219 0.111979 0.031250
0 0.227865 0.346680 0.281250 0.035156
0 0.436198 0.338867 0.031250 0.015625
0 0.475260 0.333984 0.044271 0.027344
0 0.645833 0.341797 0.041667 0.023438
0 0.536458 0.387695 0.083333 0.029297
0 0.265625 0.406250 0.356771 0.041016
0 0.509115 0.418945 0.091146 0.029297
0 0.347656 0.430664 0.052083 0.019531
0 0.141927 0.483398 0.122396 0.029297
0 0.156250 0.513672 0.151042 0.031250
0 0.190104 0.539062 0.216146 0.037109
0 0.705729 0.539062 0.114583 0.031250
0 0.187500 0.577148 0.216146 0.039062
0 0.151042 0.633789 0.111979 0.035156
0 0.766927 0.658203 0.039062 0.023438
0 0.174479 0.706055 0.164062 0.037109
0 0.206380 0.740723 0.230469 0.041992
0 0.762370 0.772949 0.113281 0.040039
0 0.266927 0.810547 0.335938 0.050781
0 0.179688 0.870117 0.106771 0.035156
0 0.446615 0.894531 0.151042 0.037109
0 0.672526 0.909180 0.102865 0.039062
0 0.414714 0.924805 0.436198 0.058594
0 0.470703 0.169922 0.095951 0.028850
0 0.526693 0.266113 0.110750 0.043946
0 0.391276 0.341797 0.056274 0.023481
0 0.499349 0.357422 0.094845 0.033937
0 0.466797 0.394531 0.062097 0.029701
0 0.438802 0.526855 0.069438 0.029432
0 0.550130 0.885742 0.070885 0.037913
