0 0.391927 0.290039 0.197917 0.035156
0 0.395833 0.316406 0.242188 0.037109
0 0.587240 0.806152 0.213542 0.036133
0 0.622396 0.575684 0.080729 0.020508
0 0.232422 0.603027 0.102865 0.026367
0 0.356120 0.294434 0.123698 0.030273
0 0.467448 0.370117 0.138021 0.029297
0 0.307292 0.380859 0.062500 0.031250
0 0.459635 0.396484 0.075521 0.023438
0 0.315104 0.407227 0.028646 0.015625
0 0.251953 0.431152 0.160156 0.030273
0 0.477865 0.437500 0.065104 0.023438
0 0.496094 0.460938 0.075521 0.023438
0 0.585938 0.477539 0.044271 0.019531
0 0.460938 0.488281 0.044271 0.017578
0 0.526042 0.507812 0.140625 0.027344
0 0.253255 0.525879 0.152344 0.032227
0 0.610677 0.523438 0.080729 0.023438
0 0.466146 0.534180 0.044271 0.019531
0 0.231771 0.604492 0.109375 0.025391
0 0.432292 0.612305 0.049479 0.019531
0 0.227865 0.666016 0.080729 0.023438
0 0.358724 0.681152 0.118490 0.028320
0 0.661458 0.685547 0.028646 0.017578
0 0.208333 0.693359 0.036458 0.023438
0 0.246094 0.717773 0.109375 0.019531
0 0.660156 0.711914 0.041667 0.019531
0 0.248698 0.768555 0.106771 0.025391
0 0.653646 0.763672 0.072917 0.023438
0 0.291667 0.789062 0.187500 0.031250
0 0.325521 0.874023 0.114583 0.025391
0 0.455078 0.287598 0.074790 0.026133
0 0.366536 0.375977 0.067763 0.030541
0 0.600911 0.428223 0.069434 0.024178
0 0.363932 0.493164 0.042206 0.016621
0 0.311849 0.620605 0.044047 0.020803
0 0.259766 0.623047 0.069741 0.025214
0 0.326172 0.762695 0.056413 0.025563
0 0.402995 0.783691 0.050455 0.024035
