0 0.464193 0.259766 0.115885 0.021484
0 0.465495 0.285156 0.451823 0.031250
0 0.466797 0.310547 0.339844 0.025391
0 0.466146 0.418457 0.200521 0.016602
0 0.490234 0.692871 0.113281 0.024414
0 0.662760 0.694336 0.067708 0.017578
0 0.463542 0.259766 0.119792 0.027344
0 0.364583 0.287109 0.255208 0.027344
0 0.591797 0.283203 0.170573 0.031250
0 0.556641 0.309570 0.162760 0.029297
0 0.490885 0.334961 0.179688 0.025391
0 0.464844 0.373047 0.231771 0.023438
0 0.593750 0.393555 0.070312 0.019531
0 0.463542 0.416992 0.049479 0.019531
0 0.515625 0.418945 0.028646 0.015625
0 0.261719 0.471680 0.046875 0.019531
0 0.636719 0.539062 0.109375 0.017578
0 0.279948 0.567383 0.088542 0.019531
0 0.658854 0.588867 0.070312 0.019531
0 0.658854 0.635742 0.070312 0.019531
0 0.489583 0.662109 0.119792 0.023438
0 0.662760 0.692383 0.072917 0.019531
0 0.494792 0.748047 0.098958 0.023438
0 0.350260 0.776367 0.257812 0.025391
0 0.461589 0.854004 0.248698 0.026367
0 0.457682 0.691406 0.063535 0.029037
0 0.516276 0.692871 0.068810 0.026043
