0 0.523438 0.414551 0.226562 0.020508
0 0.519531 0.445801 0.289062 0.022461
0 0.665365 0.821777 0.231771 0.022461
0 0.287760 0.725098 0.127604 0.026367
0 0.750651 0.730469 0.089844 0.021484
0 0.523438 0.416016 0.229167 0.023438
0 0.522135 0.514648 0.322917 0.039062
0 0.300781 0.544922 0.111979 0.027344
0 0.403646 0.543945 0.033854 0.019531
0 0.470052 0.544922 0.054688 0.023438
0 0.578125 0.547852 0.098958 0.029297
0 0.714844 0.549805 0.132812 0.025391
0 0.421875 0.572266 0.375000 0.027344
0 0.449219 0.599609 0.046875 0.017578
0 0.589844 0.604492 0.096354 0.025391
0 0.747396 0.606445 0.098958 0.025391
0 0.505859 0.633789 0.558594 0.035156
0 0.449219 0.661133 0.046875 0.015625
0 0.596354 0.665039 0.083333 0.025391
0 0.308594 0.748047 0.179688 0.027344
0 0.518229 0.754883 0.054688 0.019531
0 0.743490 0.787109 0.096354 0.023438
0 0.513021 0.845703 0.161458 0.027344
0 0.636719 0.872070 0.114583 0.019531
