0 0.283854 0.240234 0.158854 0.035156
0 0.527344 0.199219 0.171875 0.025391
0 0.526693 0.235352 0.220052 0.052734
0 0.347656 0.329590 0.296875 0.030273
0 0.327474 0.502930 0.256510 0.027344
0 0.660807 0.508301 0.063802 0.018555
0 0.348958 0.331055 0.302083 0.025391
0 0.615234 0.356934 0.160156 0.026367
0 0.250000 0.394531 0.104167 0.023438
0 0.447917 0.398438 0.078125 0.023438
0 0.276693 0.437988 0.165365 0.026367
0 0.661458 0.444336 0.059896 0.015625
0 0.213542 0.458984 0.033854 0.017578
0 0.656250 0.464844 0.075521 0.017578
0 0.415365 0.504883 0.072917 0.019531
0 0.645833 0.529297 0.075521 0.017578
0 0.660156 0.551758 0.062500 0.015625
0 0.654948 0.594727 0.078125 0.019531
0 0.570312 0.681641 0.057292 0.023438
0 0.542969 0.705078 0.304688 0.027344
0 0.616536 0.225586 0.050258 0.027043
0 0.507161 0.680176 0.071453 0.028041
