0 0.464193 0.268555 0.217448 0.025391
0 0.460938 0.296387 0.278646 0.028320
0 0.614583 0.617188 0.236979 0.023438
0 0.697266 0.546875 0.079427 0.021484
0 0.236979 0.553223 0.117188 0.026367
0 0.462891 0.268555 0.220052 0.029297
0 0.210938 0.325195 0.039062 0.015625
0 0.467448 0.359375 0.302083 0.037109
0 0.229167 0.389648 0.044271 0.019531
0 0.356771 0.389648 0.033854 0.019531
0 0.419271 0.387695 0.049479 0.019531
0 0.522135 0.386719 0.091146 0.023438
0 0.648438 0.380859 0.125000 0.023438
0 0.401042 0.436523 0.044271 0.015625
0 0.536458 0.434570 0.075521 0.019531
0 0.401042 0.491211 0.044271 0.015625
0 0.539062 0.489258 0.078125 0.025391
0 0.226562 0.527344 0.098958 0.027344
0 0.236979 0.552734 0.125000 0.027344
0 0.695312 0.546875 0.083333 0.023438
0 0.261719 0.577148 0.174479 0.025391
0 0.473958 0.577148 0.054688 0.019531
0 0.467448 0.616699 0.539062 0.028320
0 0.464844 0.648438 0.164062 0.027344
0 0.280599 0.390625 0.068594 0.030859
