0 0.558594 0.116211 0.470703 0.082031
0 0.565918 0.201660 0.370117 0.038086
0 0.609375 0.376953 0.082031 0.033203
0 0.814941 0.360840 0.147461 0.034180
0 0.319824 0.422852 0.116211 0.033203
0 0.432129 0.422363 0.075195 0.028320
0 0.618652 0.421875 0.090820 0.035156
0 0.854980 0.397949 0.073242 0.032227
0 0.386719 0.649902 0.257812 0.040039
0 0.845703 0.625977 0.115234 0.037109
0 0.564453 0.238281 0.230469 0.031250
0 0.280273 0.348633 0.041016 0.029297
0 0.467773 0.352539 0.041016 0.029297
0 0.633789 0.340820 0.132812 0.039062
0 0.856934 0.356934 0.069336 0.040039
0 0.610352 0.382812 0.078125 0.037109
0 0.875000 0.396484 0.035156 0.031250
0 0.319336 0.427734 0.111328 0.031250
0 0.429688 0.424805 0.066406 0.029297
0 0.616211 0.418945 0.087891 0.029297
0 0.370605 0.468750 0.211914 0.041016
0 0.594727 0.507812 0.033203 0.027344
0 0.709961 0.498047 0.068359 0.031250
0 0.432617 0.512695 0.105469 0.035156
0 0.595703 0.552734 0.058594 0.035156
0 0.366699 0.562988 0.124023 0.038086
0 0.848145 0.625488 0.112305 0.040039
0 0.384277 0.648438 0.241211 0.050781
0 0.324219 0.774414 0.111328 0.039062
0 0.403809 0.857422 0.166992 0.054688
0 0.563965 0.915527 0.139648 0.038086
0 0.378418 0.934082 0.071289 0.036133
0 0.810059 0.361328 0.046674 0.032987
0 0.841309 0.398438 0.044613 0.032928
0 0.441895 0.922852 0.071177 0.041340
