0 0.356445 0.165081 0.123047 0.021230
0 0.540527 0.125549 0.133789 0.018302
0 0.539062 0.144217 0.189453 0.014641
0 0.540039 0.162152 0.109375 0.013909
0 0.406738 0.225110 0.231445 0.015373
0 0.390137 0.523426 0.208008 0.019034
0 0.648926 0.523060 0.075195 0.018302
0 0.311523 0.228404 0.039062 0.013177
0 0.473633 0.225476 0.095703 0.017570
0 0.310547 0.287701 0.041016 0.014641
0 0.484375 0.292094 0.021484 0.011713
0 0.530273 0.323572 0.095703 0.017570
0 0.625000 0.322840 0.048828 0.014641
0 0.298828 0.336018 0.025391 0.014641
0 0.350098 0.354319 0.127930 0.019034
0 0.313477 0.389458 0.052734 0.017570
0 0.356445 0.389458 0.023438 0.013177
0 0.622070 0.423133 0.080078 0.017570
0 0.350586 0.439971 0.125000 0.014641
0 0.493164 0.440703 0.058594 0.013177
0 0.650391 0.439971 0.060547 0.014641
0 0.302734 0.457540 0.033203 0.014641
0 0.415039 0.456808 0.181641 0.017570
0 0.347656 0.472914 0.125000 0.014641
0 0.651367 0.473646 0.062500 0.014641
0 0.296875 0.490483 0.025391 0.013177
0 0.648438 0.524890 0.072266 0.014641
0 0.654297 0.541728 0.062500 0.017570
0 0.650391 0.559297 0.074219 0.017570
0 0.661133 0.595168 0.050781 0.014641
0 0.671875 0.612738 0.033203 0.014641
0 0.294922 0.684480 0.046875 0.019034
0 0.680664 0.687408 0.023438 0.014641
0 0.605469 0.706442 0.175781 0.019034
0 0.589844 0.765007 0.046875 0.019034
0 0.535645 0.763909 0.061331 0.023885
