0 0.516667 0.279687 0.430556 0.020313
0 0.524306 0.302734 0.323611 0.013281
0 0.687500 0.704297 0.233333 0.014844
0 0.338889 0.658594 0.175000 0.015625
0 0.525694 0.653516 0.045833 0.019531
0 0.747917 0.627344 0.109722 0.020313
0 0.518056 0.368750 0.297222 0.025000
0 0.413889 0.413281 0.030556 0.012500
0 0.475000 0.411719 0.047222 0.015625
0 0.577778 0.412500 0.088889 0.018750
0 0.334722 0.432812 0.163889 0.018750
0 0.405556 0.452344 0.294444 0.020313
0 0.740278 0.466406 0.077778 0.015625
0 0.737500 0.525781 0.088889 0.015625
0 0.341667 0.550000 0.172222 0.018750
0 0.601389 0.587500 0.080556 0.018750
0 0.748611 0.586719 0.077778 0.015625
0 0.295833 0.616406 0.091667 0.020313
0 0.427778 0.616406 0.030556 0.012500
0 0.336111 0.635156 0.063889 0.020313
0 0.747222 0.628906 0.091667 0.015625
0 0.536111 0.655469 0.052778 0.015625
0 0.752778 0.653125 0.094444 0.018750
0 0.761111 0.675781 0.080556 0.015625
0 0.533333 0.731250 0.300000 0.021875
0 0.292361 0.923828 0.451389 0.032031
0 0.244444 0.947266 0.358333 0.030469
0 0.382639 0.633984 0.046137 0.019995
