0 0.332031 0.190476 0.142578 0.036630
0 0.529297 0.139194 0.087891 0.030769
0 0.461914 0.163736 0.048828 0.021245
0 0.553711 0.157509 0.132812 0.029304
0 0.532715 0.180952 0.184570 0.030769
0 0.303223 0.256777 0.079102 0.018315
0 0.430664 0.254945 0.154297 0.020513
0 0.375000 0.521245 0.210938 0.018315
0 0.646973 0.517216 0.075195 0.016117
0 0.330078 0.189011 0.134766 0.030769
0 0.630371 0.243956 0.088867 0.023443
0 0.303711 0.276190 0.082031 0.014652
0 0.552734 0.306227 0.021484 0.013187
0 0.643555 0.299634 0.064453 0.019048
0 0.306152 0.314286 0.084961 0.019048
0 0.622070 0.320879 0.044922 0.017582
0 0.656738 0.337363 0.040039 0.019780
0 0.330078 0.352381 0.130859 0.014652
0 0.477539 0.347985 0.064453 0.019048
0 0.643555 0.377289 0.068359 0.019048
0 0.332031 0.391209 0.132812 0.017582
0 0.477539 0.385348 0.064453 0.017582
0 0.312500 0.409524 0.091797 0.014652
0 0.308594 0.428571 0.080078 0.014652
0 0.647461 0.436630 0.064453 0.017582
0 0.331543 0.446154 0.133789 0.020513
0 0.289062 0.466667 0.044922 0.014652
0 0.333008 0.484982 0.134766 0.017582
0 0.481445 0.482051 0.064453 0.017582
0 0.648438 0.476190 0.066406 0.017582
0 0.648438 0.556777 0.078125 0.017582
0 0.319336 0.580952 0.083984 0.019048
0 0.305664 0.600733 0.056641 0.017582
0 0.659180 0.596337 0.056641 0.017582
0 0.655273 0.616117 0.062500 0.014652
0 0.280273 0.680586 0.023438 0.014652
0 0.651367 0.678388 0.076172 0.017582
0 0.304688 0.720147 0.078125 0.019048
0 0.602051 0.719048 0.178711 0.022711
0 0.483398 0.780220 0.279297 0.021978
0 0.494629 0.442125 0.038300 0.018525
