0 0.509115 0.370117 0.229167 0.027344
0 0.679688 0.503906 0.164062 0.023438
0 0.356771 0.736328 0.169271 0.031250
0 0.732422 0.731934 0.079427 0.022461
0 0.345052 0.393555 0.036458 0.015625
0 0.449219 0.422852 0.104167 0.015625
0 0.569661 0.416504 0.121094 0.024414
0 0.289062 0.571289 0.033854 0.019531
0 0.365885 0.601562 0.200521 0.031250
0 0.502604 0.628906 0.078125 0.023438
0 0.347005 0.664062 0.157552 0.031250
0 0.505208 0.691406 0.067708 0.023438
0 0.729167 0.693359 0.088542 0.023438
0 0.731771 0.732422 0.088542 0.023438
0 0.302734 0.388672 0.053169 0.023025
0 0.388021 0.396973 0.057136 0.024035
0 0.410807 0.732422 0.068594 0.030859
