0 0.272786 0.224121 0.170573 0.034180
0 0.543620 0.167480 0.196615 0.022461
0 0.547526 0.194336 0.259115 0.021484
0 0.547526 0.220703 0.220052 0.023438
0 0.348958 0.320801 0.343750 0.020508
0 0.319010 0.512207 0.283854 0.024414
0 0.693359 0.512207 0.100260 0.024414
0 0.654948 0.318359 0.143229 0.023438
0 0.648438 0.342773 0.177083 0.025391
0 0.458333 0.393555 0.088542 0.025391
0 0.561198 0.393555 0.031250 0.019531
0 0.681641 0.390137 0.089844 0.028320
0 0.307292 0.416016 0.177083 0.027344
0 0.675781 0.416992 0.101562 0.025391
0 0.196615 0.439453 0.033854 0.023438
0 0.266927 0.464844 0.179688 0.023438
0 0.470052 0.465820 0.083333 0.019531
0 0.695312 0.464844 0.088542 0.023438
0 0.420573 0.512695 0.085938 0.025391
0 0.695312 0.514648 0.085938 0.019531
0 0.244792 0.585938 0.114583 0.027344
0 0.192708 0.812500 0.046875 0.023438
0 0.252604 0.812500 0.057292 0.023438
0 0.510417 0.816406 0.442708 0.031250
0 0.262370 0.391602 0.068494 0.032862
