0 0.485026 0.254883 0.324219 0.041016
0 0.493490 0.345215 0.710938 0.049805
0 0.304036 0.402832 0.365885 0.028320
0 0.536458 0.704102 0.307292 0.041016
0 0.806641 0.702148 0.194010 0.042969
0 0.486979 0.258789 0.322917 0.048828
0 0.802083 0.433594 0.145833 0.031250
0 0.524089 0.486816 0.170573 0.053711
0 0.725911 0.483887 0.173177 0.049805
0 0.170573 0.559570 0.098958 0.035156
0 0.598958 0.549316 0.203125 0.047852
0 0.842448 0.542969 0.098958 0.037109
0 0.283203 0.603516 0.350260 0.050781
0 0.513021 0.600586 0.059896 0.042969
0 0.372396 0.646484 0.161458 0.046875
0 0.638672 0.702637 0.519531 0.053711
0 0.429688 0.556152 0.085581 0.051602
