0 0.440972 0.291504 0.420139 0.018555
0 0.377604 0.314941 0.484375 0.020508
0 0.340278 0.386719 0.413194 0.017578
0 0.260417 0.513184 0.270833 0.018555
0 0.690972 0.507324 0.131944 0.016602
0 0.246528 0.365234 0.222222 0.023438
0 0.395833 0.366211 0.052083 0.015625
0 0.502604 0.363281 0.168403 0.025391
0 0.472222 0.385742 0.149306 0.019531
0 0.201389 0.416016 0.121528 0.017578
0 0.673611 0.408203 0.142361 0.017578
0 0.222222 0.439453 0.190972 0.017578
0 0.197049 0.461426 0.164931 0.028320
0 0.685764 0.455078 0.121528 0.023438
0 0.264757 0.485840 0.286458 0.026367
0 0.253472 0.513672 0.270833 0.027344
0 0.423611 0.539551 0.427083 0.036133
0 0.289062 0.922363 0.449653 0.030273
0 0.111979 0.946289 0.092014 0.027344
0 0.330729 0.945312 0.185764 0.027344
0 0.196181 0.946289 0.096727 0.032862
