0 0.207627 0.286719 0.222034 0.031250
0 0.505932 0.240234 0.238983 0.014844
0 0.507627 0.259375 0.320339 0.025000
0 0.513559 0.277734 0.244068 0.024219
0 0.305932 0.350000 0.388136 0.028125
0 0.297458 0.485938 0.333898 0.031250
0 0.724576 0.472656 0.103390 0.017188
0 0.206780 0.288281 0.206780 0.028125
0 0.327119 0.350000 0.159322 0.018750
0 0.455932 0.345313 0.077966 0.018750
0 0.447458 0.396094 0.115254 0.020313
0 0.540678 0.409375 0.172881 0.021875
0 0.232203 0.421094 0.220339 0.023438
0 0.226271 0.439063 0.211864 0.023438
0 0.693220 0.473438 0.040678 0.014063
0 0.700000 0.507812 0.040678 0.014063
0 0.696610 0.524219 0.054237 0.015625
0 0.706780 0.541406 0.040678 0.015625
0 0.179661 0.560156 0.071186 0.015625
0 0.500847 0.565234 0.320339 0.030469
0 0.305085 0.573438 0.064407 0.014063
0 0.286441 0.679688 0.105085 0.018750
0 0.289831 0.937109 0.450847 0.025781
0 0.244068 0.956250 0.352542 0.021875
0 0.683898 0.353516 0.138938 0.023783
0 0.744915 0.469922 0.063083 0.019831
0 0.751695 0.504297 0.063083 0.019831
0 0.307627 0.555469 0.063083 0.018996
