0 0.458984 0.133301 0.222656 0.032227
0 0.457031 0.158691 0.273438 0.028320
0 0.634115 0.947266 0.268229 0.027344
0 0.194661 0.621582 0.136719 0.028320
0 0.722656 0.620605 0.101562 0.022461
0 0.457682 0.131836 0.225260 0.037109
0 0.350260 0.235352 0.031250 0.019531
0 0.414062 0.238281 0.049479 0.017578
0 0.644531 0.246094 0.114583 0.017578
0 0.391927 0.280273 0.031250 0.011719
0 0.545573 0.283203 0.062500 0.013672
0 0.418620 0.306152 0.483073 0.030273
0 0.687500 0.308594 0.033854 0.017578
0 0.398438 0.326172 0.044271 0.013672
0 0.540365 0.329102 0.078125 0.019531
0 0.329427 0.353516 0.320312 0.027344
0 0.618490 0.358398 0.174479 0.029297
0 0.397135 0.379883 0.046875 0.015625
0 0.542969 0.380859 0.080729 0.023438
0 0.696615 0.383789 0.078125 0.019531
0 0.438151 0.408691 0.555990 0.030273
0 0.544271 0.437500 0.083333 0.023438
0 0.702474 0.437988 0.084635 0.028320
0 0.412760 0.467773 0.518229 0.029297
0 0.391927 0.492188 0.052083 0.017578
0 0.546875 0.496094 0.083333 0.023438
0 0.388021 0.525391 0.484375 0.027344
0 0.391927 0.552734 0.052083 0.017578
0 0.549479 0.554688 0.088542 0.023438
0 0.716146 0.555664 0.088542 0.025391
0 0.220052 0.593750 0.049479 0.023438
0 0.337240 0.596680 0.036458 0.019531
0 0.195312 0.625000 0.145833 0.031250
0 0.223958 0.652344 0.213542 0.027344
0 0.471354 0.654297 0.062500 0.023438
0 0.727865 0.690430 0.106771 0.029297
0 0.174479 0.747070 0.114583 0.029297
0 0.360677 0.745117 0.210938 0.029297
0 0.236979 0.784180 0.242188 0.035156
0 0.764323 0.808594 0.039062 0.023438
0 0.190104 0.821289 0.161458 0.029297
0 0.755208 0.840820 0.052083 0.025391
0 0.218750 0.855469 0.226562 0.037109
0 0.223958 0.890625 0.223958 0.031250
0 0.732422 0.904297 0.092448 0.027344
0 0.273438 0.916992 0.317708 0.029297
0 0.271484 0.231934 0.071498 0.030030
0 0.508464 0.356934 0.053004 0.026043
