0 0.535645 0.014658 0.340820 0.026059
0 0.435547 0.035831 0.322266 0.018458
0 0.700195 0.030130 0.208984 0.028773
0 0.288086 0.136808 0.097656 0.013029
0 0.274414 0.152009 0.087891 0.014115
0 0.737305 0.139522 0.201172 0.011944
0 0.739258 0.152823 0.205078 0.013572
0 0.239258 0.952497 0.095703 0.029859
0 0.787598 0.947068 0.188477 0.027687
0 0.492676 0.019273 0.245117 0.021173
0 0.737305 0.028230 0.037109 0.017372
0 0.536133 0.077633 0.113281 0.019544
0 0.764648 0.108035 0.115234 0.014115
0 0.713867 0.125950 0.066406 0.009772
0 0.288086 0.136265 0.103516 0.014115
0 0.275391 0.151466 0.082031 0.014115
0 0.738281 0.152552 0.207031 0.014115
0 0.260742 0.195983 0.058594 0.019544
0 0.641602 0.197611 0.041016 0.017372
0 0.798828 0.197611 0.099609 0.020630
0 0.394531 0.222584 0.337891 0.022801
0 0.806641 0.223670 0.085938 0.017372
0 0.272461 0.256786 0.089844 0.019544
0 0.316406 0.281759 0.175781 0.026059
0 0.272461 0.300217 0.089844 0.019544
0 0.307617 0.325190 0.160156 0.019544
0 0.642578 0.325190 0.017578 0.013029
0 0.809570 0.325733 0.087891 0.017372
0 0.272461 0.343648 0.089844 0.019544
0 0.337891 0.369707 0.224609 0.021716
0 0.642578 0.369164 0.017578 0.014115
0 0.801270 0.369707 0.106445 0.020630
0 0.327148 0.413138 0.199219 0.019544
0 0.809570 0.412595 0.093750 0.020630
0 0.270508 0.431053 0.087891 0.017372
0 0.319336 0.457112 0.191406 0.020630
0 0.803711 0.457655 0.105469 0.019544
0 0.277344 0.475027 0.103516 0.019544
0 0.314453 0.501086 0.185547 0.019544
0 0.806641 0.501629 0.105469 0.017372
0 0.276367 0.519001 0.105469 0.020630
0 0.377930 0.545603 0.316406 0.021716
0 0.815430 0.546145 0.091797 0.017372
0 0.264648 0.564061 0.093750 0.019544
0 0.405273 0.591205 0.375000 0.021716
0 0.818359 0.591205 0.091797 0.019544
0 0.262695 0.627579 0.091797 0.017372
0 0.272461 0.655266 0.113281 0.021716
0 0.821289 0.655266 0.091797 0.017372
0 0.252930 0.674810 0.078125 0.019544
0 0.311523 0.703040 0.203125 0.021716
0 0.264648 0.741585 0.109375 0.020630
0 0.308594 0.770901 0.208984 0.023887
0 0.649414 0.767644 0.019531 0.014115
0 0.826172 0.769273 0.091797 0.019544
0 0.253906 0.790445 0.095703 0.020630
0 0.652344 0.834419 0.044922 0.019544
0 0.810547 0.833876 0.130859 0.020630
0 0.306641 0.862649 0.216797 0.023887
0 0.824219 0.858849 0.111328 0.020630
0 0.263672 0.887622 0.130859 0.021716
0 0.851562 0.883279 0.056641 0.019544
0 0.659180 0.013572 0.089296 0.024801
0 0.694824 0.031759 0.056826 0.023946
0 0.323730 0.196797 0.078797 0.024280
0 0.787109 0.282573 0.050208 0.021033
0 0.438965 0.702497 0.060422 0.024429
