0 0.272569 0.249512 0.204861 0.034180
0 0.592882 0.208984 0.223958 0.019531
0 0.590278 0.230469 0.288194 0.023438
0 0.593750 0.252930 0.246528 0.021484
0 0.361111 0.335449 0.392361 0.022461
0 0.323785 0.478027 0.331597 0.022461
0 0.756944 0.485352 0.100694 0.019531
0 0.357639 0.334961 0.388889 0.025391
0 0.229167 0.354492 0.128472 0.019531
0 0.486111 0.400391 0.104167 0.023438
0 0.279514 0.416992 0.239583 0.025391
0 0.261285 0.437500 0.213542 0.027344
0 0.500000 0.441406 0.100694 0.017578
0 0.758681 0.442383 0.104167 0.019531
0 0.439236 0.482422 0.100694 0.023438
0 0.758681 0.485352 0.104167 0.019531
0 0.758681 0.528320 0.104167 0.019531
0 0.230903 0.542969 0.135417 0.023438
0 0.748264 0.549805 0.118056 0.019531
0 0.290799 0.922363 0.453125 0.030273
0 0.111979 0.946289 0.092014 0.027344
0 0.330729 0.946289 0.185764 0.025391
0 0.196181 0.946289 0.096727 0.032862
