0 0.670573 0.601562 0.093750 0.023438
0 0.196615 0.604004 0.114583 0.028320
0 0.608724 0.907715 0.256510 0.036133
0 0.440755 0.198242 0.222656 0.039062
0 0.440104 0.226074 0.286458 0.045898
0 0.510417 0.205078 0.083333 0.023438
0 0.196615 0.299805 0.054688 0.025391
0 0.441406 0.291016 0.302083 0.041016
0 0.330729 0.316406 0.036458 0.023438
0 0.397135 0.319336 0.052083 0.019531
0 0.500000 0.325195 0.088542 0.025391
0 0.622396 0.324219 0.119792 0.023438
0 0.514323 0.347656 0.341146 0.027344
0 0.515625 0.374023 0.075521 0.019531
0 0.659505 0.371094 0.076823 0.025391
0 0.437500 0.397461 0.307292 0.029297
0 0.380208 0.422852 0.044271 0.015625
0 0.516927 0.426758 0.078125 0.019531
0 0.412760 0.448242 0.520833 0.042969
0 0.177083 0.470703 0.046875 0.023438
0 0.283854 0.474609 0.041667 0.023438
0 0.528646 0.482422 0.062500 0.023438
0 0.204427 0.500000 0.106771 0.023438
0 0.300781 0.502930 0.031250 0.015625
0 0.381510 0.506836 0.046875 0.015625
0 0.524740 0.507812 0.065104 0.023438
0 0.195312 0.538086 0.114583 0.031250
0 0.333333 0.543945 0.033854 0.019531
0 0.229167 0.604492 0.052083 0.025391
0 0.447917 0.632812 0.057292 0.023438
0 0.226562 0.666992 0.187500 0.025391
0 0.679688 0.663086 0.083333 0.025391
0 0.062500 0.705078 0.125000 0.113281
0 0.190104 0.715820 0.104167 0.025391
0 0.354818 0.711426 0.186198 0.030273
0 0.161458 0.750977 0.046875 0.029297
0 0.335938 0.745117 0.104167 0.025391
0 0.709635 0.766602 0.031250 0.019531
0 0.205729 0.782227 0.145833 0.025391
0 0.233073 0.848633 0.203125 0.035156
0 0.691406 0.860352 0.085938 0.025391
0 0.223958 0.878906 0.184896 0.037109
0 0.390625 0.870117 0.057292 0.025391
0 0.199219 0.926758 0.093750 0.035156
0 0.446615 0.947266 0.174479 0.031250
0 0.477865 0.973633 0.333333 0.039062
0 0.261719 0.985352 0.101562 0.025391
0 0.397786 0.195801 0.144519 0.041789
0 0.324870 0.219238 0.058350 0.028041
0 0.252604 0.307617 0.080651 0.038824
0 0.252604 0.333008 0.192703 0.044747
0 0.224609 0.386230 0.139268 0.037834
0 0.173828 0.565430 0.073773 0.032862
0 0.240234 0.567871 0.071135 0.031862
0 0.171224 0.603516 0.073679 0.034856
0 0.233073 0.748535 0.114896 0.045917
0 0.339193 0.872070 0.057024 0.028759
