0 0.524740 0.375488 0.236979 0.018555
0 0.524740 0.395020 0.481771 0.030273
0 0.688802 0.511719 0.164062 0.021484
0 0.349609 0.802246 0.175781 0.030273
0 0.739583 0.804688 0.083333 0.025391
0 0.352865 0.395508 0.036458 0.015625
0 0.289062 0.575195 0.033854 0.019531
0 0.507812 0.578125 0.083333 0.023438
0 0.290365 0.605469 0.039062 0.023438
0 0.287760 0.668945 0.039062 0.025391
0 0.507812 0.697266 0.067708 0.023438
0 0.507812 0.761719 0.067708 0.023438
0 0.738281 0.805664 0.085938 0.025391
0 0.307943 0.392578 0.053131 0.023025
0 0.483724 0.607422 0.073861 0.030859
0 0.346354 0.668457 0.085642 0.033860
0 0.417318 0.669434 0.073901 0.031862
0 0.408854 0.802246 0.072587 0.031862
