0 0.527119 0.392578 0.613559 0.027344
0 0.434746 0.424219 0.727119 0.025000
0 0.369492 0.508984 0.596610 0.025781
0 0.228814 0.657813 0.379661 0.026562
0 0.861864 0.659766 0.174576 0.022656
0 0.474576 0.392969 0.518644 0.031250
0 0.164407 0.421094 0.179661 0.023438
0 0.520339 0.421875 0.549153 0.034375
0 0.176271 0.453906 0.196610 0.023438
0 0.398305 0.456250 0.118644 0.025000
0 0.230508 0.482031 0.315254 0.028125
0 0.569492 0.484375 0.318644 0.025000
0 0.561017 0.510156 0.213559 0.023438
0 0.105085 0.536719 0.081356 0.020313
0 0.461017 0.539062 0.061017 0.021875
0 0.569492 0.538281 0.074576 0.020313
0 0.164407 0.571094 0.244068 0.028125
0 0.596610 0.570312 0.135593 0.021875
0 0.241525 0.628125 0.411864 0.028125
0 0.290678 0.936719 0.449153 0.023438
0 0.244068 0.956250 0.345763 0.021875
0 0.304237 0.454297 0.075244 0.025489
0 0.196610 0.538672 0.121473 0.034940
