0 0.458496 0.094802 0.143555 0.018302
0 0.453125 0.111640 0.054688 0.015373
0 0.462402 0.124817 0.190430 0.018302
0 0.460449 0.137628 0.206055 0.020498
0 0.464355 0.151171 0.249023 0.021230
0 0.458496 0.163616 0.137695 0.016837
0 0.240234 0.871157 0.041016 0.019034
0 0.351562 0.872621 0.033203 0.019034
0 0.297852 0.887628 0.156250 0.016837
0 0.276855 0.711201 0.090820 0.022694
0 0.550781 0.718887 0.087891 0.020498
0 0.498047 0.046120 0.054688 0.021962
0 0.452637 0.111274 0.059570 0.020498
0 0.415039 0.126647 0.099609 0.019034
0 0.337402 0.204978 0.118164 0.021962
0 0.333008 0.258419 0.119141 0.019034
0 0.326172 0.314056 0.121094 0.019034
0 0.321289 0.371889 0.123047 0.020498
0 0.572266 0.379209 0.070312 0.020498
0 0.316895 0.446925 0.129883 0.027086
0 0.315430 0.506589 0.123047 0.020498
0 0.565430 0.513177 0.068359 0.019034
0 0.315430 0.576135 0.052734 0.019034
0 0.308105 0.617130 0.125977 0.023426
0 0.560547 0.625183 0.070312 0.020498
0 0.337891 0.678624 0.109375 0.021962
0 0.276367 0.711201 0.097656 0.028551
0 0.419922 0.714495 0.013672 0.016105
0 0.550781 0.718155 0.095703 0.026354
0 0.250000 0.743045 0.046875 0.021962
0 0.426758 0.747438 0.037109 0.021962
0 0.447266 0.781845 0.101562 0.020498
0 0.427734 0.797218 0.066406 0.021962
0 0.351562 0.871889 0.039062 0.019034
0 0.446289 0.874817 0.072266 0.021962
0 0.513672 0.874085 0.035156 0.017570
0 0.350586 0.888726 0.056641 0.020498
0 0.437500 0.890190 0.013672 0.016105
0 0.529297 0.887994 0.070312 0.019034
0 0.594727 0.887262 0.033203 0.017570
0 0.404785 0.976208 0.272461 0.021230
0 0.450684 0.136896 0.047484 0.023133
0 0.584961 0.424231 0.046401 0.023885
