0 0.479818 0.514160 0.201823 0.020508
0 0.477865 0.541016 0.252604 0.019531
0 0.623698 0.857422 0.208333 0.019531
0 0.277995 0.803223 0.102865 0.018555
0 0.693359 0.800293 0.082031 0.018555
0 0.479818 0.514648 0.207031 0.025391
0 0.477865 0.541992 0.257812 0.025391
0 0.242188 0.571289 0.039062 0.015625
0 0.485677 0.607422 0.283854 0.031250
0 0.380208 0.635742 0.033854 0.019531
0 0.438802 0.635742 0.046875 0.019531
0 0.537760 0.635742 0.085938 0.025391
0 0.292969 0.687500 0.127604 0.023438
0 0.561198 0.685547 0.065104 0.023438
0 0.273438 0.713867 0.085938 0.019531
0 0.425781 0.711914 0.041667 0.015625
0 0.385417 0.750977 0.028646 0.015625
0 0.492188 0.827148 0.049479 0.015625
0 0.492188 0.880859 0.143229 0.017578
