0 0.244141 0.567057 0.023438 0.074219
0 0.271484 0.559896 0.046875 0.565104
0 0.299316 0.554036 0.028320 0.225260
0 0.699219 0.722656 0.044922 0.252604
0 0.719727 0.269531 0.019531 0.057292
0 0.759766 0.255208 0.023438 0.041667
0 0.588867 0.320312 0.019531 0.033854
0 0.631836 0.315104 0.019531 0.033854
0 0.883789 0.356771 0.019531 0.065104
0 0.319824 0.514974 0.028320 0.141927
0 0.887695 0.555990 0.019531 0.093750
0 0.541992 0.665365 0.019531 0.067708
0 0.216797 0.721354 0.031250 0.052083
0 0.420898 0.738281 0.015625 0.104167
0 0.495117 0.743490 0.019531 0.046875
0 0.543945 0.730469 0.015625 0.057292
0 0.735352 0.796875 0.019531 0.096354
