0 0.488347 0.141602 0.658898 0.029297
0 0.398305 0.174805 0.771186 0.027344
0 0.333686 0.266602 0.641949 0.025391
0 0.188559 0.486328 0.368644 0.027344
0 0.861229 0.490234 0.209746 0.023438
0 0.173729 0.241211 0.330508 0.025391
0 0.536017 0.240234 0.351695 0.027344
0 0.525424 0.268555 0.228814 0.025391
0 0.046610 0.299805 0.080508 0.019531
0 0.417373 0.298828 0.063559 0.023438
0 0.847458 0.295898 0.237288 0.025391
0 0.059322 0.362305 0.118644 0.025391
0 0.233051 0.362305 0.177966 0.025391
0 0.580508 0.361328 0.118644 0.023438
0 0.567797 0.390625 0.144068 0.023438
0 0.139831 0.422852 0.110169 0.025391
0 0.202331 0.453613 0.404661 0.028320
0 0.927966 0.455078 0.076271 0.027344
0 0.186441 0.488281 0.372881 0.031250
0 0.274364 0.936035 0.451271 0.026367
0 0.138771 0.301270 0.116137 0.028041
