0 0.278646 0.195801 0.197917 0.040039
0 0.574870 0.133301 0.326823 0.026367
0 0.578125 0.162598 0.299479 0.024414
0 0.579427 0.194824 0.260417 0.026367
0 0.363932 0.301758 0.368490 0.027344
0 0.335286 0.485352 0.319010 0.027344
0 0.737630 0.486816 0.113281 0.028320
0 0.279948 0.199219 0.200521 0.046875
0 0.239583 0.330078 0.119792 0.027344
0 0.694010 0.330078 0.195312 0.023438
0 0.240234 0.383789 0.126302 0.029297
0 0.485677 0.385742 0.096354 0.029297
0 0.597656 0.384766 0.033854 0.023438
0 0.730469 0.382812 0.096354 0.027344
0 0.231120 0.411133 0.110677 0.031250
0 0.274740 0.437500 0.195312 0.023438
0 0.497396 0.437500 0.093750 0.023438
0 0.743490 0.437500 0.096354 0.023438
0 0.442708 0.489258 0.093750 0.029297
0 0.744792 0.492188 0.098958 0.023438
0 0.744792 0.545898 0.098958 0.025391
0 0.252604 0.570312 0.125000 0.027344
0 0.738281 0.572266 0.111979 0.023438
0 0.740885 0.600586 0.111979 0.025391
0 0.253906 0.737305 0.169271 0.025391
0 0.450521 0.819336 0.302083 0.025391
0 0.696615 0.821289 0.169271 0.025391
