0 0.464193 0.220215 0.417969 0.024414
0 0.467448 0.244629 0.049479 0.020508
0 0.468099 0.271973 0.433594 0.026367
0 0.375000 0.409668 0.276042 0.016602
0 0.346354 0.635742 0.195312 0.021484
0 0.658854 0.625977 0.098958 0.019531
0 0.470052 0.291504 0.153646 0.016602
0 0.427734 0.220215 0.339844 0.032227
0 0.640625 0.216797 0.062500 0.027344
0 0.466146 0.245117 0.054688 0.019531
0 0.407552 0.291992 0.036458 0.015625
0 0.493490 0.291016 0.109375 0.017578
0 0.468750 0.308594 0.179688 0.017578
0 0.468750 0.334961 0.260417 0.025391
0 0.333333 0.388672 0.065104 0.013672
0 0.277344 0.435547 0.078125 0.013672
0 0.513021 0.466797 0.028646 0.013672
0 0.583333 0.474609 0.033854 0.013672
0 0.324219 0.583008 0.088542 0.015625
0 0.673177 0.583008 0.057292 0.015625
0 0.375651 0.634766 0.139323 0.025391
0 0.673177 0.657227 0.078125 0.015625
0 0.480469 0.734375 0.195312 0.023438
0 0.376302 0.780273 0.078125 0.015625
0 0.275391 0.636719 0.073861 0.030859
