0 0.520020 0.144949 0.176758 0.043924
0 0.503906 0.183016 0.402344 0.026354
0 0.497559 0.209004 0.524414 0.024158
0 0.379883 0.357980 0.285156 0.021962
0 0.304688 0.621889 0.136719 0.022694
0 0.696777 0.618228 0.079102 0.021230
0 0.519043 0.144949 0.196289 0.057101
0 0.291016 0.207174 0.119141 0.026354
0 0.532227 0.209736 0.304688 0.031479
0 0.739258 0.208638 0.050781 0.026354
0 0.274414 0.232064 0.089844 0.029283
0 0.270508 0.306735 0.078125 0.029283
0 0.458984 0.308199 0.261719 0.026354
0 0.373047 0.333821 0.279297 0.030747
0 0.585938 0.333821 0.085938 0.023426
0 0.740234 0.331625 0.076172 0.026354
0 0.271484 0.357247 0.076172 0.027818
0 0.264648 0.381406 0.062500 0.026354
0 0.339844 0.381406 0.017578 0.020498
0 0.505859 0.465593 0.119141 0.045388
0 0.314453 0.522694 0.162109 0.027818
0 0.695312 0.520498 0.087891 0.026354
0 0.399414 0.571010 0.335938 0.027818
0 0.695312 0.569546 0.087891 0.027818
0 0.767578 0.568814 0.013672 0.017570
0 0.271484 0.622987 0.076172 0.026354
0 0.355469 0.621523 0.048828 0.026354
0 0.698242 0.617862 0.089844 0.027818
0 0.265625 0.648609 0.068359 0.027818
0 0.744141 0.694729 0.087891 0.026354
0 0.242188 0.727672 0.013672 0.019034
0 0.321289 0.726940 0.035156 0.026354
0 0.445312 0.724744 0.091797 0.027818
0 0.603027 0.722182 0.079102 0.031479
0 0.505859 0.777452 0.496094 0.038067
0 0.516602 0.829429 0.144531 0.029283
0 0.517090 0.856149 0.204102 0.032943
0 0.517578 0.906662 0.400391 0.032943
