0 0.403646 0.395996 0.473958 0.032227
0 0.406250 0.424805 0.409722 0.019531
0 0.244792 0.472656 0.312500 0.017578
0 0.218750 0.612305 0.159722 0.015625
0 0.669271 0.610840 0.095486 0.012695
0 0.402778 0.398438 0.475694 0.037109
0 0.458333 0.449219 0.055556 0.023438
0 0.401042 0.470215 0.614583 0.028320
0 0.197917 0.491211 0.204861 0.019531
0 0.133681 0.506836 0.083333 0.019531
0 0.493056 0.536133 0.065972 0.015625
0 0.222222 0.562500 0.156250 0.017578
0 0.210069 0.584961 0.145833 0.019531
0 0.220486 0.613281 0.166667 0.017578
0 0.670139 0.611328 0.100694 0.017578
0 0.232639 0.629883 0.197917 0.019531
0 0.670139 0.627930 0.100694 0.019531
0 0.189236 0.648438 0.111111 0.017578
0 0.234375 0.666016 0.159722 0.017578
0 0.678819 0.666016 0.090278 0.017578
0 0.216146 0.507812 0.084871 0.023025
