0 0.422526 0.395020 0.266927 0.020508
0 0.419922 0.430176 0.332031 0.022461
0 0.611328 0.834473 0.272135 0.026367
0 0.166016 0.758789 0.152344 0.027344
0 0.700521 0.750488 0.104167 0.024414
0 0.423177 0.395508 0.268229 0.025391
0 0.110677 0.462891 0.031250 0.017578
0 0.424479 0.509766 0.372396 0.041016
0 0.171224 0.550781 0.136719 0.035156
0 0.291667 0.547852 0.041667 0.025391
0 0.368490 0.546875 0.059896 0.023438
0 0.497396 0.548828 0.109375 0.031250
0 0.649740 0.542969 0.148438 0.027344
0 0.361328 0.580566 0.532552 0.032227
0 0.348958 0.610352 0.054688 0.019531
0 0.524740 0.609375 0.075521 0.027344
0 0.696615 0.607422 0.096354 0.027344
0 0.309896 0.648438 0.427083 0.031250
0 0.348958 0.678711 0.054688 0.019531
0 0.518229 0.677734 0.093750 0.027344
0 0.699219 0.677734 0.096354 0.027344
0 0.436198 0.789062 0.065104 0.023438
0 0.433594 0.870117 0.190104 0.029297
0 0.441406 0.897461 0.421875 0.035156
0 0.207682 0.894531 0.052600 0.028846
