0 0.508475 0.148438 0.186441 0.021484
0 0.495763 0.174316 0.707627 0.026367
0 0.512712 0.197754 0.563559 0.024414
0 0.511653 0.304199 0.332627 0.016602
0 0.552966 0.577637 0.190678 0.018555
0 0.835805 0.577637 0.108051 0.016602
0 0.171610 0.174805 0.072034 0.029297
0 0.396186 0.176758 0.317797 0.025391
0 0.351695 0.224609 0.076271 0.023438
0 0.550847 0.224609 0.296610 0.023438
0 0.224576 0.280273 0.046610 0.015625
0 0.364407 0.302734 0.046610 0.017578
0 0.593220 0.304688 0.046610 0.017578
0 0.656780 0.304688 0.046610 0.017578
0 0.165254 0.354492 0.080508 0.019531
0 0.194915 0.428711 0.131356 0.019531
0 0.264831 0.453125 0.292373 0.023438
0 0.830508 0.522461 0.114407 0.019531
0 0.552966 0.548828 0.199153 0.023438
0 0.550847 0.577148 0.203390 0.025391
0 0.319915 0.660156 0.436441 0.027344
0 0.274364 0.936035 0.451271 0.026367
0 0.270127 0.333008 0.099160 0.027043
