0 0.500000 0.428385 0.023438 0.289062
0 0.546875 0.371094 0.023438 0.174479
0 0.665039 0.376302 0.019531 0.046875
0 0.195312 0.457682 0.031250 0.157552
0 0.664062 0.466146 0.023438 0.145833
0 0.569336 0.519531 0.019531 0.031250
0 0.543945 0.544271 0.019531 0.033854
0 0.760742 0.558594 0.019531 0.031250
0 0.591797 0.589844 0.023438 0.049479
0 0.214844 0.679688 0.027344 0.052083
0 0.210938 0.734375 0.023438 0.052083
0 0.666016 0.705729 0.023438 0.036458
0 0.809570 0.705729 0.019531 0.096354
0 0.492188 0.769531 0.023438 0.039062
0 0.652344 0.752604 0.050781 0.187500
