0 0.313368 0.352539 0.109375 0.025391
0 0.330729 0.375488 0.144097 0.020508
0 0.597222 0.382324 0.211806 0.018555
0 0.618924 0.402832 0.178819 0.018555
0 0.276910 0.540527 0.064236 0.020508
0 0.407118 0.541992 0.109375 0.023438
0 0.513889 0.541504 0.052083 0.022461
0 0.660590 0.544434 0.088542 0.016602
0 0.343750 0.599121 0.194444 0.020508
0 0.605903 0.605469 0.215278 0.033203
0 0.474826 0.301270 0.345486 0.043945
0 0.241319 0.341797 0.027778 0.072266
0 0.230903 0.524414 0.027778 0.101562
0 0.289062 0.922363 0.449653 0.030273
0 0.111979 0.946289 0.092014 0.027344
0 0.330729 0.946289 0.185764 0.025391
