0 0.502441 0.246520 0.336914 0.027106
0 0.511230 0.276557 0.688477 0.034432
0 0.752930 0.436630 0.240234 0.029304
0 0.253906 0.774725 0.255859 0.044689
0 0.826172 0.775824 0.144531 0.030769
0 0.504395 0.245421 0.342773 0.032234
0 0.410156 0.315751 0.156250 0.021978
0 0.590332 0.312821 0.176758 0.030769
0 0.753906 0.436996 0.246094 0.037363
0 0.162109 0.535531 0.048828 0.026374
0 0.793945 0.528205 0.177734 0.036630
0 0.484375 0.622711 0.140625 0.035165
0 0.817383 0.621978 0.146484 0.036630
0 0.303711 0.670330 0.152344 0.032234
0 0.138672 0.717216 0.013672 0.020513
0 0.833984 0.717216 0.128906 0.036630
0 0.826172 0.775824 0.152344 0.036630
0 0.517090 0.535531 0.057103 0.035768
0 0.176758 0.671795 0.109072 0.046764
0 0.337402 0.775092 0.102141 0.045289
0 0.414062 0.861905 0.073597 0.038858
