0 0.433333 0.190234 0.536111 0.035156
0 0.435417 0.212891 0.073611 0.021094
0 0.438194 0.237109 0.562500 0.035156
0 0.435417 0.254688 0.206944 0.021875
0 0.328472 0.394922 0.359722 0.024219
0 0.290278 0.617969 0.266667 0.028125
0 0.677778 0.606250 0.150000 0.023438
0 0.652778 0.185938 0.077778 0.021875
0 0.569444 0.233594 0.075000 0.015625
0 0.681944 0.231250 0.058333 0.018750
0 0.286111 0.451562 0.097222 0.014063
0 0.498611 0.446094 0.038889 0.015625
0 0.587500 0.452344 0.038889 0.015625
0 0.287500 0.619531 0.261111 0.029687
0 0.467361 0.716406 0.245833 0.021875
0 0.337500 0.757812 0.102778 0.018750
0 0.644444 0.750781 0.066667 0.020313
0 0.292361 0.923828 0.451389 0.032031
0 0.113889 0.947656 0.088889 0.023438
0 0.327778 0.946484 0.183333 0.025781
0 0.197917 0.946875 0.097990 0.032559
