0 0.300781 0.212891 0.192708 0.039062
0 0.592448 0.160156 0.302083 0.025391
0 0.590495 0.190430 0.274740 0.023438
0 0.588542 0.217285 0.289062 0.022461
0 0.380208 0.318359 0.354167 0.023438
0 0.356120 0.492676 0.300781 0.026367
0 0.737630 0.498047 0.097656 0.021484
0 0.339844 0.318359 0.268229 0.027344
0 0.518229 0.321289 0.070312 0.019531
0 0.701823 0.321289 0.145833 0.019531
0 0.696615 0.345703 0.184896 0.023438
0 0.497396 0.397461 0.088542 0.025391
0 0.604167 0.397461 0.028646 0.019531
0 0.229167 0.417969 0.046875 0.023438
0 0.304688 0.419922 0.088542 0.023438
0 0.434896 0.421875 0.156250 0.023438
0 0.297526 0.445312 0.191406 0.027344
0 0.304688 0.495117 0.203125 0.029297
0 0.458333 0.497070 0.088542 0.025391
0 0.736979 0.499023 0.101562 0.019531
0 0.736979 0.549805 0.101562 0.019531
0 0.735677 0.576172 0.106771 0.023438
0 0.735677 0.601562 0.106771 0.023438
0 0.488281 0.702148 0.382812 0.029297
0 0.453125 0.728516 0.036458 0.023438
0 0.291016 0.393555 0.073773 0.032862
