0 0.485352 0.141392 0.126953 0.008791
0 0.502930 0.158242 0.171875 0.013187
0 0.502930 0.176190 0.158203 0.015385
0 0.516113 0.254579 0.104492 0.015385
0 0.603516 0.258242 0.050781 0.010989
0 0.426758 0.872527 0.148438 0.017582
0 0.571289 0.878755 0.078125 0.015385
0 0.396484 0.076190 0.074219 0.023443
0 0.280273 0.147253 0.023438 0.011722
0 0.914062 0.156044 0.066406 0.019048
0 0.543457 0.168132 0.067383 0.015385
0 0.747070 0.164103 0.027344 0.013187
0 0.988281 0.164835 0.021484 0.014652
0 0.851562 0.179487 0.033203 0.011722
0 0.504883 0.185348 0.054688 0.011722
0 0.580566 0.189011 0.079102 0.014652
0 0.500977 0.195971 0.125000 0.015385
0 0.843750 0.217582 0.025391 0.011722
0 0.470703 0.227839 0.048828 0.011722
0 0.879883 0.224908 0.050781 0.014652
0 0.562500 0.232234 0.037109 0.011722
0 0.563477 0.241758 0.123047 0.017582
0 0.401367 0.249817 0.054688 0.011722
0 0.534668 0.255311 0.071289 0.018315
0 0.612305 0.258608 0.035156 0.011722
0 0.590820 0.268132 0.078125 0.013187
0 0.528320 0.284249 0.119141 0.017582
0 0.615234 0.289377 0.029297 0.011722
0 0.418457 0.299634 0.096680 0.017582
0 0.504883 0.292308 0.062500 0.014652
0 0.503906 0.303297 0.072266 0.013187
0 0.412109 0.319414 0.080078 0.013187
0 0.504883 0.312821 0.062500 0.014652
0 0.599609 0.317216 0.060547 0.011722
0 0.491211 0.322344 0.085938 0.013187
0 0.582520 0.326374 0.067383 0.013919
0 0.503906 0.333333 0.060547 0.011722
0 0.597656 0.335531 0.060547 0.013187
0 0.503906 0.361905 0.060547 0.013187
0 0.597656 0.365568 0.060547 0.011722
0 0.425293 0.389011 0.114258 0.017582
0 0.584961 0.394872 0.035156 0.011722
0 0.596680 0.403663 0.023438 0.011722
0 0.551758 0.413919 0.097656 0.013187
0 0.586914 0.423443 0.042969 0.010256
0 0.429688 0.430037 0.123047 0.014652
0 0.573242 0.432967 0.066406 0.011722
0 0.388672 0.487179 0.041016 0.011722
0 0.387695 0.516484 0.042969 0.011722
0 0.506836 0.518681 0.042969 0.013187
0 0.601562 0.520147 0.041016 0.013187
0 0.614258 0.536264 0.015625 0.019048
0 0.502930 0.577289 0.046875 0.013187
0 0.542969 0.588278 0.041016 0.011722
0 0.495117 0.605861 0.062500 0.011722
0 0.580078 0.608059 0.041016 0.013187
0 0.386719 0.613187 0.021484 0.011722
0 0.379883 0.622711 0.035156 0.010256
0 0.408203 0.642491 0.091797 0.011722
0 0.524414 0.645421 0.035156 0.011722
0 0.587891 0.657143 0.060547 0.011722
0 0.407227 0.662271 0.093750 0.013187
0 0.561523 0.666667 0.074219 0.013187
0 0.495117 0.673993 0.054688 0.013187
0 0.585938 0.675458 0.025391 0.013187
0 0.405762 0.691575 0.092773 0.014652
0 0.499023 0.703297 0.042969 0.013187
0 0.546875 0.715018 0.025391 0.013187
0 0.575195 0.747985 0.066406 0.011722
0 0.584961 0.756777 0.023438 0.011722
0 0.403320 0.761905 0.093750 0.013187
0 0.523438 0.765568 0.119141 0.014652
0 0.574219 0.777289 0.041016 0.011722
0 0.381836 0.800733 0.054688 0.011722
0 0.488281 0.794872 0.060547 0.011722
0 0.592773 0.797802 0.042969 0.011722
0 0.375000 0.810256 0.041016 0.013187
0 0.414062 0.821245 0.066406 0.019048
0 0.370117 0.840293 0.035156 0.011722
0 0.582031 0.838828 0.025391 0.014652
0 0.558594 0.849084 0.068359 0.014652
0 0.495117 0.856410 0.042969 0.011722
0 0.583984 0.860073 0.056641 0.013187
0 0.445312 0.874725 0.125000 0.017582
0 0.448242 0.898901 0.105469 0.014652
0 0.576172 0.914286 0.068359 0.013187
0 0.363281 0.921612 0.021484 0.010256
0 0.572266 0.958974 0.037109 0.011722
0 0.336426 0.085714 0.041972 0.020287
0 0.604004 0.108059 0.061445 0.024016
0 0.664062 0.116850 0.076159 0.026980
0 0.730957 0.128571 0.077143 0.026980
0 0.177246 0.130769 0.028220 0.013717
0 0.342285 0.157143 0.036120 0.018194
0 0.719238 0.158974 0.036120 0.017451
0 0.959961 0.161172 0.042829 0.020287
0 0.486816 0.167033 0.030167 0.012964
0 0.731445 0.169963 0.033195 0.017451
0 0.895996 0.185348 0.034148 0.015963
0 0.979004 0.270696 0.043941 0.016707
0 0.515137 0.393407 0.024280 0.012964
0 0.542480 0.393773 0.033955 0.014980
0 0.344238 0.676557 0.021125 0.050533
0 0.512695 0.665934 0.031150 0.012964
0 0.366211 0.870696 0.034978 0.016513
0 0.465332 0.935531 0.032132 0.012964
