0 0.347222 0.282715 0.142361 0.010742
0 0.611979 0.280273 0.095486 0.013672
0 0.635417 0.362305 0.072917 0.011719
0 0.635417 0.386719 0.072917 0.013672
0 0.638889 0.423828 0.072917 0.013672
0 0.626736 0.436523 0.104167 0.011719
0 0.649306 0.541016 0.072917 0.013672
0 0.654514 0.567383 0.062500 0.011719
0 0.657986 0.593750 0.062500 0.013672
0 0.321181 0.654297 0.076389 0.013672
0 0.321181 0.667969 0.076389 0.013672
0 0.323785 0.784180 0.078125 0.017578
0 0.315972 0.828125 0.059028 0.013672
