0 0.278646 0.246094 0.206597 0.033203
0 0.591146 0.199707 0.335069 0.020508
0 0.591146 0.221191 0.307292 0.018555
0 0.600694 0.245117 0.322917 0.023438
0 0.289931 0.306641 0.239583 0.021484
0 0.702257 0.306641 0.227431 0.017578
0 0.279514 0.246094 0.215278 0.037109
0 0.291667 0.307617 0.239583 0.019531
0 0.498264 0.328125 0.225694 0.023438
0 0.291667 0.370117 0.239583 0.019531
0 0.289062 0.922363 0.449653 0.030273
0 0.110243 0.945801 0.095486 0.028320
0 0.330729 0.945312 0.185764 0.027344
0 0.196181 0.946289 0.096727 0.032862
