0 0.529948 0.356445 0.190104 0.017578
0 0.529297 0.382324 0.230469 0.018555
0 0.659505 0.853516 0.183594 0.019531
0 0.345703 0.804199 0.095052 0.018555
0 0.721354 0.797363 0.075521 0.016602
0 0.529297 0.355957 0.188802 0.020508
0 0.532552 0.439453 0.252604 0.027344
0 0.442708 0.465820 0.028646 0.015625
0 0.494792 0.465820 0.039062 0.015625
0 0.598958 0.529297 0.054688 0.017578
0 0.601562 0.575195 0.054688 0.019531
0 0.343750 0.599609 0.080729 0.017578
0 0.481771 0.597656 0.039062 0.013672
0 0.598958 0.597656 0.054688 0.017578
0 0.481771 0.646484 0.039062 0.013672
0 0.601562 0.646484 0.054688 0.017578
0 0.359375 0.696289 0.119792 0.025391
0 0.602865 0.692383 0.057292 0.019531
0 0.341146 0.719727 0.080729 0.019531
0 0.483073 0.717773 0.036458 0.015625
0 0.601562 0.715820 0.054688 0.019531
0 0.721354 0.716797 0.065104 0.017578
0 0.345052 0.774414 0.104167 0.019531
0 0.338542 0.804688 0.093750 0.023438
0 0.539062 0.823242 0.044271 0.019531
0 0.720052 0.819336 0.078125 0.019531
0 0.656250 0.897461 0.059896 0.019531
0 0.608724 0.899902 0.038660 0.018923
