0 0.450212 0.206055 0.383475 0.013672
0 0.313559 0.513672 0.122881 0.013672
0 0.720339 0.514160 0.127119 0.016602
0 0.728814 0.388672 0.097458 0.013672
0 0.288136 0.429688 0.072034 0.013672
0 0.733051 0.458008 0.097458 0.015625
0 0.728814 0.513672 0.105932 0.013672
0 0.372881 0.628906 0.046610 0.013672
0 0.752119 0.660156 0.084746 0.013672
0 0.315678 0.705078 0.101695 0.013672
0 0.262712 0.736328 0.046610 0.013672
0 0.317797 0.736328 0.046610 0.013672
0 0.262712 0.751953 0.046610 0.013672
0 0.317797 0.751953 0.046610 0.013672
0 0.262712 0.767578 0.046610 0.013672
0 0.739407 0.808594 0.101695 0.013672
0 0.747881 0.823242 0.110169 0.015625
0 0.277542 0.884766 0.093220 0.013672
0 0.283898 0.901367 0.105932 0.015625
