0 0.423828 0.281738 0.272135 0.040039
0 0.423828 0.319824 0.350260 0.038086
0 0.639974 0.805664 0.300781 0.037109
0 0.736979 0.716309 0.117188 0.034180
0 0.139974 0.736816 0.128906 0.028320
0 0.421875 0.284180 0.276042 0.039062
0 0.102865 0.358398 0.052083 0.019531
0 0.430339 0.397949 0.381510 0.051758
0 0.292969 0.437500 0.044271 0.023438
0 0.371745 0.434570 0.066406 0.027344
0 0.501302 0.430664 0.111979 0.029297
0 0.661458 0.418945 0.158854 0.035156
0 0.170573 0.444336 0.132812 0.025391
0 0.612630 0.456055 0.118490 0.029297
0 0.322917 0.469727 0.466146 0.042969
0 0.535156 0.492188 0.080729 0.027344
0 0.173177 0.504883 0.169271 0.029297
0 0.352865 0.531250 0.059896 0.023438
0 0.534505 0.524902 0.084635 0.030273
0 0.718750 0.518555 0.098958 0.029297
0 0.145833 0.540039 0.114583 0.029297
0 0.375000 0.569824 0.481771 0.043945
0 0.708333 0.557617 0.046875 0.029297
0 0.351562 0.602539 0.039062 0.019531
0 0.531901 0.599121 0.108073 0.038086
0 0.720052 0.591797 0.122396 0.031250
0 0.131510 0.659180 0.125000 0.035156
0 0.294271 0.656250 0.041667 0.023438
0 0.141927 0.736328 0.140625 0.037109
0 0.187500 0.765625 0.218750 0.031250
0 0.449219 0.762695 0.070312 0.025391
0 0.437500 0.870117 0.497396 0.035156
0 0.645833 0.561035 0.074274 0.031305
