0 0.469401 0.140625 0.261719 0.031250
0 0.466797 0.177246 0.326823 0.030273
0 0.647786 0.901367 0.292969 0.029297
0 0.180339 0.817871 0.152344 0.036133
0 0.742188 0.822266 0.117188 0.027344
0 0.553385 0.146484 0.091146 0.023438
0 0.473958 0.250000 0.346354 0.037109
0 0.232422 0.282227 0.126302 0.031250
0 0.345052 0.281250 0.039062 0.023438
0 0.417969 0.282227 0.057292 0.019531
0 0.682292 0.279297 0.140625 0.027344
0 0.367188 0.309570 0.416667 0.029297
0 0.644531 0.312500 0.039062 0.023438
0 0.389323 0.338867 0.031250 0.015625
0 0.554688 0.342773 0.088542 0.025391
0 0.723958 0.339844 0.093750 0.023438
0 0.394531 0.400391 0.052083 0.017578
0 0.412760 0.434570 0.536458 0.035156
0 0.222656 0.462402 0.164062 0.030273
0 0.563802 0.465820 0.075521 0.025391
0 0.195312 0.491211 0.114583 0.025391
0 0.393229 0.493164 0.054688 0.019531
0 0.562500 0.497070 0.078125 0.025391
0 0.730469 0.497070 0.096354 0.025391
0 0.420573 0.530273 0.578125 0.035156
0 0.183594 0.590820 0.117188 0.025391
0 0.388021 0.591797 0.054688 0.017578
0 0.377604 0.629883 0.510417 0.029297
0 0.566406 0.666016 0.080729 0.027344
0 0.174479 0.696289 0.119792 0.029297
0 0.563802 0.699219 0.080729 0.027344
0 0.739583 0.701172 0.098958 0.027344
0 0.201823 0.743164 0.049479 0.025391
0 0.322917 0.748047 0.041667 0.023438
0 0.214193 0.777344 0.082031 0.035156
0 0.205729 0.821289 0.057292 0.029297
0 0.466146 0.857422 0.067708 0.023438
0 0.462240 0.930664 0.195312 0.025391
0 0.598307 0.312988 0.057943 0.029854
0 0.139974 0.819824 0.089226 0.041692
