0 0.556641 0.537598 0.154948 0.014648
0 0.554688 0.558105 0.190104 0.016602
0 0.654297 0.751465 0.152344 0.018555
0 0.423177 0.721680 0.111979 0.013672
0 0.711589 0.725586 0.055990 0.013672
0 0.557292 0.538086 0.153646 0.015625
0 0.378906 0.576172 0.031250 0.013672
0 0.557292 0.604492 0.208333 0.025391
0 0.527344 0.626953 0.036458 0.013672
0 0.597656 0.627930 0.062500 0.015625
0 0.608073 0.663086 0.052083 0.015625
0 0.708333 0.665039 0.054688 0.015625
0 0.565104 0.723633 0.039062 0.015625
0 0.712240 0.725586 0.052083 0.015625
0 0.557292 0.771484 0.106771 0.017578
