0 0.383789 0.217423 0.316406 0.040996
0 0.445312 0.265373 0.615234 0.051977
0 0.575684 0.435578 0.129883 0.021962
0 0.717773 0.435212 0.074219 0.025622
0 0.556641 0.467057 0.101562 0.026354
0 0.717773 0.467057 0.078125 0.026354
0 0.273438 0.783675 0.304688 0.032943
0 0.709473 0.780747 0.116211 0.027086
0 0.236328 0.271596 0.166016 0.029283
0 0.422852 0.267204 0.156250 0.029283
0 0.449219 0.297950 0.250000 0.036603
0 0.433594 0.354685 0.390625 0.046120
0 0.228516 0.412884 0.054688 0.023426
0 0.678711 0.406296 0.042969 0.026354
0 0.219727 0.442899 0.046875 0.029283
0 0.378418 0.439971 0.151367 0.027818
0 0.571289 0.437775 0.117188 0.027818
0 0.717773 0.437042 0.082031 0.026354
0 0.198242 0.469985 0.029297 0.017570
0 0.293945 0.469985 0.152344 0.027818
0 0.561523 0.467789 0.093750 0.026354
0 0.715820 0.466325 0.082031 0.026354
0 0.337891 0.507321 0.101562 0.021962
0 0.502930 0.507321 0.029297 0.019034
0 0.246582 0.534041 0.120117 0.030015
0 0.718750 0.537335 0.082031 0.023426
0 0.256836 0.558565 0.044922 0.021962
0 0.384766 0.562225 0.074219 0.023426
0 0.220215 0.578331 0.083008 0.029283
0 0.504883 0.573939 0.011719 0.016105
0 0.295898 0.606881 0.132812 0.026354
0 0.506836 0.609078 0.011719 0.019034
0 0.587891 0.609810 0.070312 0.021962
0 0.728516 0.611274 0.070312 0.021962
0 0.150391 0.636896 0.013672 0.016105
0 0.226562 0.636896 0.105469 0.023426
0 0.505859 0.638360 0.013672 0.019034
0 0.284180 0.669839 0.117188 0.026354
0 0.506836 0.669839 0.011719 0.017570
0 0.591797 0.670571 0.070312 0.023426
0 0.734375 0.672767 0.072266 0.026354
0 0.211914 0.706442 0.175781 0.032211
0 0.720703 0.709370 0.099609 0.026354
0 0.207031 0.737921 0.164062 0.023426
0 0.500977 0.736457 0.048828 0.017570
0 0.747070 0.740117 0.044922 0.021962
0 0.263672 0.785139 0.275391 0.028551
0 0.707031 0.784773 0.113281 0.023426
0 0.723633 0.805271 0.072266 0.017570
0 0.712891 0.849927 0.068359 0.014641
