0 0.491211 0.130307 0.423828 0.027818
0 0.273926 0.241581 0.071289 0.023426
0 0.501953 0.239385 0.212891 0.023426
0 0.462891 0.808565 0.158203 0.025622
0 0.276367 0.215959 0.068359 0.019034
0 0.277344 0.243045 0.066406 0.023426
0 0.376953 0.336018 0.027344 0.019034
0 0.591797 0.333089 0.039062 0.019034
0 0.703125 0.331625 0.070312 0.019034
0 0.474609 0.388726 0.066406 0.019034
0 0.352539 0.416545 0.208984 0.021962
0 0.360352 0.439971 0.064453 0.019034
0 0.297852 0.517570 0.095703 0.021962
0 0.370117 0.538067 0.056641 0.019034
0 0.369141 0.636164 0.062500 0.019034
0 0.372070 0.682284 0.060547 0.017570
0 0.697266 0.686676 0.070312 0.020498
0 0.488281 0.727672 0.054688 0.017570
0 0.713867 0.769400 0.029297 0.019034
0 0.375977 0.132870 0.078008 0.026874
0 0.340332 0.217423 0.067203 0.029104
0 0.318359 0.337482 0.066198 0.029104
0 0.360352 0.889458 0.070982 0.028671
0 0.307129 0.901171 0.051257 0.024556
0 0.370605 0.906662 0.052776 0.023536
0 0.318848 0.918375 0.061368 0.023338
0 0.343262 0.931918 0.060521 0.024982
0 0.315918 0.955710 0.058914 0.021821
0 0.428223 0.962665 0.055395 0.023133
