0 0.255085 0.460547 0.249153 0.028906
0 0.612712 0.401953 0.361017 0.032031
0 0.613559 0.423828 0.247458 0.027344
0 0.611864 0.445703 0.342373 0.030469
0 0.280508 0.515234 0.286441 0.028906
0 0.744068 0.497656 0.264407 0.034375
0 0.601695 0.525781 0.074576 0.015625
0 0.472881 0.529687 0.166102 0.021875
0 0.765254 0.539062 0.238983 0.029687
0 0.221186 0.558594 0.150847 0.023438
0 0.376271 0.593750 0.061017 0.018750
0 0.290678 0.937109 0.449153 0.025781
0 0.244068 0.956250 0.352542 0.021875
0 0.307627 0.596875 0.105641 0.022316
