0 0.359375 0.245117 0.192708 0.035156
0 0.361979 0.267578 0.242188 0.041016
0 0.576823 0.732422 0.203125 0.042969
0 0.235677 0.709473 0.098958 0.030273
0 0.629557 0.666504 0.089844 0.026367
0 0.265625 0.279297 0.039062 0.013672
0 0.144531 0.311523 0.036458 0.015625
0 0.435547 0.315918 0.139323 0.038086
0 0.276042 0.332031 0.062500 0.031250
0 0.285156 0.355469 0.031250 0.017578
0 0.338542 0.350586 0.044271 0.019531
0 0.200521 0.365234 0.093750 0.023438
0 0.362630 0.372559 0.061198 0.020508
0 0.441406 0.365234 0.065104 0.023438
0 0.287760 0.378906 0.091146 0.023438
0 0.578125 0.395508 0.065104 0.019531
0 0.542969 0.424805 0.070312 0.025391
0 0.195312 0.432617 0.080729 0.019531
0 0.427083 0.436523 0.169271 0.035156
0 0.585938 0.440430 0.067708 0.025391
0 0.330729 0.447266 0.033854 0.017578
0 0.462240 0.454102 0.070312 0.025391
0 0.346354 0.465820 0.039062 0.015625
0 0.545573 0.470703 0.106771 0.027344
0 0.595052 0.487305 0.070312 0.025391
0 0.354167 0.512695 0.039062 0.015625
0 0.354167 0.541016 0.049479 0.017578
0 0.605469 0.535156 0.065104 0.023438
0 0.464844 0.550781 0.031250 0.017578
0 0.372396 0.586914 0.078125 0.025391
0 0.483073 0.596680 0.080729 0.025391
0 0.372396 0.609375 0.039062 0.017578
0 0.630208 0.665039 0.083333 0.025391
0 0.236979 0.679688 0.109375 0.027344
0 0.635417 0.690430 0.083333 0.025391
0 0.235677 0.709961 0.096354 0.029297
0 0.325521 0.722656 0.039062 0.017578
0 0.503906 0.740234 0.059896 0.023438
0 0.255208 0.766602 0.072917 0.025391
0 0.472656 0.771484 0.101562 0.031250
0 0.404948 0.778320 0.041667 0.019531
0 0.480469 0.791992 0.151042 0.035156
0 0.339844 0.807617 0.138021 0.029297
0 0.421224 0.239746 0.070473 0.024178
0 0.335286 0.325684 0.068136 0.029483
0 0.514974 0.334473 0.065069 0.022222
0 0.450521 0.342285 0.039962 0.023270
0 0.196615 0.385742 0.102641 0.028777
0 0.453125 0.407227 0.071391 0.029375
0 0.212891 0.455078 0.111944 0.030684
0 0.470052 0.500000 0.071043 0.027281
0 0.406901 0.534668 0.062277 0.022289
0 0.279948 0.545898 0.102641 0.030817
0 0.205078 0.554199 0.064373 0.024303
0 0.361328 0.560547 0.043868 0.019745
0 0.508464 0.573242 0.049640 0.023845
0 0.447266 0.579590 0.086497 0.025960
0 0.608073 0.583496 0.086837 0.027993
0 0.304688 0.594238 0.065389 0.026377
0 0.602214 0.636230 0.045858 0.024888
0 0.445964 0.710449 0.051066 0.024695
0 0.272786 0.727051 0.069582 0.026248
0 0.582682 0.779785 0.069582 0.026248
