0 0.465972 0.297266 0.493056 0.035156
0 0.465972 0.316797 0.076389 0.021094
0 0.468056 0.339062 0.525000 0.035937
0 0.465278 0.357422 0.194444 0.022656
0 0.364583 0.461719 0.337500 0.021875
0 0.329167 0.585547 0.244444 0.024219
0 0.704167 0.574219 0.127778 0.021875
0 0.329167 0.344531 0.044444 0.012500
0 0.522222 0.339844 0.036111 0.012500
0 0.261111 0.346875 0.091667 0.014063
0 0.397222 0.360156 0.041667 0.012500
0 0.497917 0.354687 0.134722 0.021875
0 0.470833 0.371875 0.213889 0.021875
0 0.536111 0.392188 0.177778 0.021875
0 0.506250 0.416406 0.090278 0.015625
0 0.229167 0.466406 0.055556 0.012500
0 0.248611 0.486719 0.094444 0.012500
0 0.531944 0.510156 0.033333 0.012500
0 0.615278 0.514062 0.038889 0.014063
0 0.368750 0.583984 0.162500 0.022656
0 0.729167 0.597656 0.083333 0.015625
0 0.756944 0.624219 0.033333 0.015625
0 0.505556 0.670312 0.127778 0.018750
0 0.292361 0.923828 0.451389 0.032031
0 0.113889 0.947656 0.088889 0.023438
0 0.327778 0.946484 0.183333 0.025781
0 0.353472 0.516016 0.052539 0.014712
0 0.250000 0.587500 0.085669 0.027884
0 0.197917 0.946875 0.097990 0.032559
