0 0.355903 0.253418 0.177083 0.026367
0 0.627604 0.214355 0.217014 0.016602
0 0.633681 0.252441 0.222222 0.014648
0 0.433160 0.321289 0.345486 0.017578
0 0.407118 0.442383 0.300347 0.019531
0 0.792535 0.442871 0.095486 0.018555
0 0.354167 0.341797 0.045139 0.013672
0 0.317708 0.393555 0.111111 0.015625
0 0.352431 0.411133 0.180556 0.015625
0 0.302083 0.500000 0.065972 0.017578
0 0.798611 0.499023 0.093750 0.019531
0 0.315972 0.519531 0.114583 0.017578
0 0.407986 0.520508 0.048611 0.015625
0 0.663194 0.537109 0.142361 0.017578
0 0.467014 0.595703 0.239583 0.023438
0 0.668403 0.597656 0.145833 0.017578
0 0.274306 0.617188 0.052083 0.017578
0 0.289062 0.922363 0.449653 0.030273
0 0.244792 0.945801 0.357639 0.028320
