0 0.179661 0.384766 0.305085 0.038281
0 0.645763 0.334375 0.416949 0.025000
0 0.641525 0.362500 0.415254 0.025000
0 0.640678 0.391016 0.355932 0.022656
0 0.200000 0.463672 0.345763 0.024219
0 0.798305 0.465625 0.345763 0.021875
0 0.789831 0.365625 0.135593 0.025000
0 0.183051 0.387500 0.311864 0.043750
0 0.784746 0.392969 0.077966 0.023438
0 0.201695 0.464844 0.352542 0.028125
0 0.118644 0.516406 0.186441 0.028125
0 0.820339 0.518750 0.298305 0.021875
0 0.200000 0.541406 0.345763 0.023438
0 0.290678 0.936328 0.449153 0.024219
0 0.111017 0.956641 0.093220 0.022656
0 0.328814 0.956250 0.183051 0.018750
