0 0.374306 0.635938 0.381944 0.023438
0 0.865972 0.626953 0.118056 0.024219
0 0.562500 0.438281 0.394444 0.031250
0 0.290972 0.501172 0.143056 0.024219
0 0.419444 0.498437 0.044444 0.018750
0 0.315278 0.553516 0.202778 0.022656
0 0.511111 0.551562 0.077778 0.021875
0 0.662500 0.574219 0.102778 0.020313
0 0.856944 0.573438 0.108333 0.021875
0 0.415278 0.610938 0.080556 0.018750
0 0.415278 0.635156 0.280556 0.023438
0 0.866667 0.629687 0.105556 0.021875
0 0.315278 0.664844 0.225000 0.023438
0 0.573611 0.730469 0.394444 0.028125
