0 0.307292 0.208496 0.177083 0.036133
0 0.572917 0.159180 0.246528 0.025391
0 0.574653 0.179199 0.253472 0.022461
0 0.578125 0.199707 0.222222 0.022461
0 0.387153 0.278320 0.333333 0.029297
0 0.381944 0.441895 0.284722 0.024414
0 0.750000 0.434082 0.090278 0.012695
0 0.303819 0.208984 0.184028 0.031250
0 0.250000 0.285156 0.059028 0.017578
0 0.277778 0.356445 0.093750 0.019531
0 0.318576 0.373535 0.182292 0.024414
0 0.538194 0.368164 0.045139 0.015625
0 0.539931 0.403320 0.048611 0.019531
0 0.320312 0.410156 0.178819 0.023438
0 0.748264 0.434570 0.083333 0.015625
0 0.475694 0.441406 0.086806 0.017578
0 0.753472 0.470703 0.086806 0.017578
0 0.307292 0.482422 0.142361 0.023438
0 0.753472 0.488281 0.086806 0.017578
0 0.520833 0.530273 0.347222 0.029297
0 0.409722 0.609375 0.107639 0.017578
0 0.788194 0.599609 0.045139 0.013672
0 0.270833 0.614258 0.045139 0.015625
0 0.331597 0.612305 0.055556 0.015625
0 0.553819 0.662598 0.503472 0.030273
0 0.290799 0.922363 0.453125 0.030273
0 0.110243 0.945801 0.095486 0.028320
0 0.330729 0.945312 0.185764 0.027344
0 0.405382 0.479980 0.051546 0.021043
0 0.271701 0.669434 0.055019 0.018798
0 0.196181 0.946289 0.096727 0.032862
