0 0.398958 0.042578 0.112500 0.028906
0 0.562500 0.014844 0.110417 0.017188
0 0.561458 0.030078 0.150000 0.014844
0 0.561979 0.044531 0.123958 0.012500
0 0.445312 0.101562 0.205208 0.014063
0 0.427604 0.679297 0.186458 0.017969
0 0.658333 0.677344 0.075000 0.020313
0 0.361458 0.102344 0.037500 0.012500
0 0.397917 0.103125 0.027083 0.010937
0 0.380208 0.146875 0.029167 0.010937
0 0.407813 0.155859 0.138542 0.024219
0 0.424479 0.171875 0.036458 0.014063
0 0.493750 0.175781 0.027083 0.012500
0 0.530208 0.172656 0.035417 0.023438
0 0.569792 0.182031 0.054167 0.012500
0 0.637500 0.183594 0.043750 0.012500
0 0.394792 0.200000 0.110417 0.014063
0 0.521875 0.202344 0.050000 0.012500
0 0.522917 0.230469 0.052083 0.012500
0 0.653125 0.228125 0.068750 0.025000
0 0.178125 0.250781 0.027083 0.026562
0 0.395833 0.246094 0.110417 0.012500
0 0.392708 0.275781 0.112500 0.015625
0 0.521875 0.276562 0.054167 0.014063
0 0.419792 0.292187 0.029167 0.010937
0 0.393750 0.307031 0.114583 0.015625
0 0.521875 0.308594 0.054167 0.012500
0 0.393229 0.337109 0.111458 0.016406
0 0.521875 0.339062 0.054167 0.014063
0 0.671875 0.339844 0.029167 0.015625
0 0.393750 0.367188 0.110417 0.014063
0 0.520833 0.368750 0.056250 0.014063
0 0.393229 0.397656 0.113542 0.018750
0 0.671875 0.402344 0.029167 0.012500
0 0.392188 0.427734 0.113542 0.016406
0 0.520833 0.430469 0.052083 0.012500
0 0.540625 0.446094 0.075000 0.012500
0 0.296875 0.454688 0.027083 0.025000
0 0.392188 0.457813 0.115625 0.018750
0 0.525000 0.460938 0.043750 0.014063
0 0.663542 0.462500 0.045833 0.014063
0 0.391667 0.488281 0.114583 0.015625
0 0.582292 0.507812 0.029167 0.014063
0 0.391667 0.519531 0.114583 0.015625
0 0.343750 0.534375 0.022917 0.014063
0 0.657292 0.539844 0.062500 0.012500
0 0.390625 0.566406 0.116667 0.015625
0 0.519792 0.567969 0.054167 0.015625
0 0.660417 0.569531 0.056250 0.015625
0 0.388542 0.599219 0.116667 0.015625
0 0.519792 0.599219 0.054167 0.015625
0 0.591667 0.616406 0.181250 0.015625
0 0.369792 0.632031 0.075000 0.015625
0 0.388542 0.647656 0.116667 0.015625
0 0.519792 0.646875 0.054167 0.014063
0 0.675000 0.647656 0.031250 0.015625
0 0.659375 0.679688 0.066667 0.014063
0 0.652083 0.696094 0.064583 0.015625
0 0.392708 0.712500 0.127083 0.021875
0 0.375000 0.729688 0.075000 0.018750
0 0.362500 0.747656 0.052083 0.015625
0 0.664583 0.762500 0.058333 0.018750
0 0.510417 0.777344 0.229167 0.020313
0 0.658333 0.813281 0.072917 0.015625
0 0.619271 0.846094 0.157292 0.025000
0 0.387500 0.171094 0.031150 0.013825
0 0.460938 0.173828 0.032198 0.013019
0 0.228125 0.251172 0.041739 0.044444
0 0.144792 0.313672 0.044435 0.049175
