0 0.223958 0.185059 0.187500 0.028320
0 0.499132 0.137207 0.255208 0.024414
0 0.500868 0.160156 0.258681 0.023438
0 0.504340 0.178223 0.223958 0.024414
0 0.309896 0.256836 0.352431 0.021484
0 0.297743 0.385254 0.310764 0.016602
0 0.684028 0.376953 0.090278 0.019531
0 0.222222 0.185547 0.187500 0.031250
0 0.197917 0.333008 0.114583 0.015625
0 0.682292 0.375977 0.090278 0.019531
0 0.689236 0.432617 0.090278 0.019531
0 0.314236 0.480469 0.107639 0.023438
0 0.290799 0.922363 0.453125 0.030273
0 0.330729 0.946289 0.185764 0.025391
0 0.111979 0.945801 0.094972 0.029854
0 0.196181 0.946289 0.096727 0.032862
