0 0.205085 0.408203 0.311864 0.047656
0 0.628814 0.358203 0.440678 0.025781
0 0.633898 0.384375 0.349153 0.026562
0 0.633898 0.410156 0.359322 0.026562
0 0.215254 0.480078 0.335593 0.025781
0 0.782203 0.480078 0.320339 0.022656
0 0.216949 0.479687 0.332203 0.025000
0 0.779661 0.482031 0.318644 0.023438
0 0.498305 0.504687 0.298305 0.025000
0 0.140678 0.528125 0.179661 0.025000
0 0.800000 0.528125 0.277966 0.023438
0 0.091525 0.551562 0.074576 0.025000
0 0.249153 0.550781 0.220339 0.020313
0 0.191525 0.957031 0.247458 0.020313
0 0.807627 0.360547 0.105730 0.033353
0 0.766949 0.385547 0.095970 0.028680
