0 0.404948 0.200195 0.257812 0.029297
0 0.406901 0.230957 0.337240 0.026367
0 0.605469 0.793945 0.304688 0.039062
0 0.136719 0.682617 0.166667 0.029297
0 0.695964 0.669434 0.115885 0.032227
0 0.404297 0.201172 0.261719 0.035156
0 0.409505 0.306641 0.360677 0.046875
0 0.277344 0.343750 0.039062 0.023438
0 0.352865 0.343750 0.059896 0.023438
0 0.476562 0.339844 0.104167 0.027344
0 0.623698 0.332031 0.148438 0.031250
0 0.338542 0.370117 0.507812 0.035156
0 0.332031 0.401367 0.052083 0.019531
0 0.494792 0.398438 0.093750 0.027344
0 0.670573 0.388672 0.096354 0.027344
0 0.345052 0.433594 0.536458 0.037109
0 0.333333 0.465820 0.054688 0.019531
0 0.505208 0.461914 0.078125 0.025391
0 0.686198 0.455078 0.075521 0.027344
0 0.320312 0.500977 0.492188 0.035156
0 0.330729 0.532227 0.054688 0.019531
0 0.507812 0.529297 0.078125 0.027344
0 0.324219 0.568359 0.515625 0.037109
0 0.330729 0.601562 0.057292 0.023438
0 0.688151 0.593262 0.102865 0.030273
0 0.114583 0.651367 0.127604 0.035156
0 0.700521 0.672852 0.104167 0.029297
0 0.416667 0.714844 0.067708 0.027344
0 0.697917 0.710938 0.119792 0.031250
0 0.705729 0.750977 0.104167 0.029297
0 0.412760 0.845703 0.208333 0.037109
0 0.395833 0.875977 0.507812 0.035156
