0 0.362847 0.328613 0.083333 0.016602
0 0.587674 0.331543 0.164931 0.014648
0 0.381944 0.346680 0.118056 0.015625
0 0.598958 0.347656 0.138889 0.013672
0 0.603299 0.363770 0.140625 0.014648
0 0.341146 0.377930 0.043403 0.017578
0 0.437500 0.379395 0.072917 0.016602
0 0.519097 0.380371 0.038194 0.016602
0 0.635417 0.381348 0.069444 0.014648
0 0.350694 0.578613 0.072917 0.016602
0 0.622396 0.581543 0.081597 0.014648
0 0.486979 0.281738 0.269097 0.030273
0 0.289062 0.922363 0.449653 0.030273
0 0.110243 0.946289 0.095486 0.027344
0 0.330729 0.945312 0.185764 0.027344
0 0.196181 0.946289 0.096727 0.032862
