0 0.517361 0.280078 0.473611 0.024219
0 0.516667 0.302734 0.350000 0.024219
0 0.693750 0.589844 0.256944 0.018750
0 0.368056 0.541016 0.300000 0.014844
0 0.770139 0.531250 0.090278 0.015625
0 0.477083 0.281250 0.393056 0.025000
0 0.663889 0.301563 0.044444 0.018750
0 0.515278 0.378125 0.333333 0.029687
0 0.466667 0.427344 0.052778 0.015625
0 0.579167 0.426563 0.097222 0.018750
0 0.318056 0.450000 0.191667 0.018750
0 0.252778 0.474219 0.047222 0.012500
0 0.601389 0.489063 0.086111 0.018750
0 0.267361 0.520312 0.109722 0.021875
0 0.397222 0.521875 0.063889 0.014063
0 0.769444 0.532813 0.083333 0.018750
0 0.313889 0.564063 0.188889 0.021875
0 0.538889 0.562500 0.061111 0.018750
0 0.525694 0.617969 0.323611 0.023438
0 0.292361 0.923828 0.451389 0.032031
0 0.113889 0.947656 0.088889 0.023438
0 0.329167 0.946484 0.186111 0.025781
0 0.707639 0.276953 0.074221 0.020999
0 0.602083 0.305469 0.058392 0.021401
0 0.314583 0.429688 0.075977 0.024688
0 0.495139 0.469922 0.056537 0.020835
