0 0.345486 0.290039 0.100694 0.019531
0 0.588542 0.293945 0.197917 0.023438
0 0.596354 0.314941 0.199653 0.016602
0 0.609375 0.332520 0.163194 0.014648
0 0.320312 0.447754 0.050347 0.016602
0 0.429688 0.451660 0.088542 0.016602
0 0.524306 0.450684 0.041667 0.010742
0 0.650174 0.450684 0.081597 0.018555
0 0.380208 0.499023 0.166667 0.023438
0 0.602431 0.503906 0.180556 0.023438
0 0.302083 0.144531 0.024306 0.021484
0 0.300347 0.165039 0.020833 0.023438
0 0.480035 0.243652 0.296875 0.041992
0 0.604167 0.505859 0.170139 0.017578
0 0.281250 0.722656 0.024306 0.025391
0 0.289062 0.922363 0.449653 0.030273
0 0.111979 0.946289 0.092014 0.027344
0 0.330729 0.946289 0.185764 0.025391
0 0.196181 0.946289 0.096727 0.032862
