0 0.307292 0.184570 0.182292 0.039062
0 0.580729 0.133789 0.304688 0.025391
0 0.584635 0.162109 0.276042 0.023438
0 0.586589 0.189941 0.238281 0.024414
0 0.383464 0.285645 0.337240 0.024414
0 0.353516 0.528320 0.285156 0.029297
0 0.723307 0.537109 0.097656 0.023438
0 0.690104 0.290039 0.138021 0.019531
0 0.683594 0.314453 0.179688 0.023438
0 0.490885 0.364258 0.085938 0.025391
0 0.716146 0.362305 0.088542 0.025391
0 0.695312 0.388672 0.046875 0.023438
0 0.299479 0.410156 0.182292 0.023438
0 0.727865 0.414062 0.091146 0.023438
0 0.298177 0.458984 0.179688 0.023438
0 0.502604 0.460938 0.088542 0.023438
0 0.726562 0.462891 0.088542 0.023438
0 0.226562 0.483398 0.033854 0.019531
0 0.720052 0.488281 0.101562 0.023438
0 0.707031 0.560547 0.101562 0.023438
0 0.725260 0.585938 0.091146 0.023438
0 0.290365 0.630859 0.169271 0.027344
0 0.726562 0.635742 0.088542 0.025391
0 0.486979 0.656250 0.348958 0.027344
0 0.226562 0.755859 0.046875 0.023438
0 0.256510 0.830078 0.111979 0.023438
0 0.539062 0.833984 0.437500 0.027344
0 0.293620 0.360352 0.068494 0.032862
0 0.639974 0.389648 0.050258 0.027043
