0 0.515625 0.145508 0.203125 0.017578
0 0.513021 0.169922 0.252604 0.017578
0 0.654948 0.924316 0.231771 0.020508
0 0.293620 0.664062 0.128906 0.019531
0 0.723958 0.667480 0.085938 0.016602
0 0.515625 0.225586 0.276042 0.029297
0 0.298177 0.250000 0.041667 0.017578
0 0.415365 0.250977 0.031250 0.019531
0 0.473958 0.252930 0.044271 0.015625
0 0.578125 0.275391 0.049479 0.017578
0 0.582031 0.297852 0.072917 0.019531
0 0.716146 0.300781 0.070312 0.017578
0 0.588542 0.348633 0.054688 0.015625
0 0.717448 0.350586 0.067708 0.019531
0 0.447917 0.372070 0.380208 0.029297
0 0.587240 0.397461 0.057292 0.019531
0 0.716146 0.399414 0.070312 0.019531
0 0.580729 0.449219 0.070312 0.017578
0 0.426432 0.474121 0.355469 0.030273
0 0.580729 0.500977 0.070312 0.019531
0 0.717448 0.502930 0.072917 0.019531
0 0.432943 0.526367 0.373698 0.029297
0 0.585938 0.553711 0.059896 0.019531
0 0.726562 0.554688 0.059896 0.017578
0 0.727865 0.608398 0.057292 0.019531
0 0.307292 0.637695 0.033854 0.019531
0 0.402344 0.641602 0.031250 0.015625
0 0.317057 0.663086 0.061198 0.025391
0 0.312500 0.686523 0.171875 0.025391
0 0.508464 0.690918 0.058594 0.024414
0 0.276042 0.733398 0.085938 0.019531
0 0.322917 0.761719 0.187500 0.027344
0 0.287760 0.790039 0.127604 0.025391
0 0.731771 0.824219 0.078125 0.023438
0 0.307292 0.851562 0.182292 0.027344
0 0.738281 0.878906 0.096354 0.027344
0 0.500000 0.955078 0.161458 0.023438
0 0.344401 0.251465 0.063567 0.026043
0 0.261719 0.636719 0.069912 0.030859
0 0.259766 0.661621 0.071272 0.031862
