0 0.697266 0.574707 0.087240 0.022461
0 0.200521 0.583496 0.153646 0.028320
0 0.618490 0.678711 0.252604 0.031250
0 0.441406 0.158203 0.304688 0.056641
0 0.443359 0.124023 0.240885 0.052734
0 0.139323 0.161133 0.054688 0.025391
0 0.561198 0.170898 0.059896 0.025391
0 0.317708 0.230469 0.080729 0.037109
0 0.522135 0.245117 0.171875 0.039062
0 0.324219 0.265625 0.039062 0.023438
0 0.395833 0.269531 0.057292 0.023438
0 0.506510 0.276367 0.101562 0.029297
0 0.235026 0.290039 0.212240 0.039062
0 0.466146 0.302734 0.135417 0.027344
0 0.611979 0.306641 0.036458 0.023438
0 0.524740 0.332031 0.085938 0.023438
0 0.375000 0.360352 0.481771 0.039062
0 0.527344 0.392578 0.085938 0.023438
0 0.389974 0.421875 0.514323 0.037109
0 0.535156 0.453125 0.070312 0.023438
0 0.345052 0.483398 0.424479 0.025391
0 0.381510 0.512695 0.052083 0.019531
0 0.529948 0.513672 0.085938 0.023438
0 0.218750 0.555664 0.046875 0.025391
0 0.695312 0.574219 0.088542 0.023438
0 0.194661 0.585938 0.149740 0.031250
0 0.458333 0.609375 0.057292 0.023438
0 0.690104 0.604492 0.104167 0.025391
0 0.691406 0.636719 0.101562 0.023438
0 0.067708 0.715820 0.072917 0.064453
0 0.454427 0.716797 0.174479 0.031250
0 0.433594 0.745117 0.437500 0.042969
0 0.399089 0.120605 0.165343 0.049665
0 0.521484 0.134766 0.094909 0.034856
0 0.397786 0.237793 0.089174 0.041692
0 0.169922 0.255371 0.063366 0.031862
0 0.234375 0.260742 0.083115 0.036843
0 0.367839 0.298340 0.068594 0.031862
0 0.561849 0.305664 0.068545 0.030859
0 0.159505 0.556641 0.081630 0.034856
