0 0.425424 0.175391 0.281356 0.008594
0 0.360169 0.267188 0.150847 0.009375
0 0.633898 0.262891 0.094915 0.010156
0 0.659322 0.351562 0.074576 0.010937
0 0.664407 0.393750 0.077966 0.010937
0 0.315254 0.473438 0.077966 0.010937
0 0.379661 0.472656 0.037288 0.009375
0 0.679661 0.468750 0.081356 0.010937
0 0.686441 0.503125 0.081356 0.010937
0 0.332203 0.509375 0.111864 0.010937
0 0.293220 0.570312 0.040678 0.010937
0 0.315254 0.582812 0.084746 0.010937
0 0.354237 0.611719 0.057627 0.020313
0 0.701695 0.609375 0.094915 0.021875
0 0.694915 0.624219 0.084746 0.012500
0 0.706780 0.636719 0.088136 0.012500
0 0.706780 0.656250 0.098305 0.021875
0 0.311864 0.691406 0.077966 0.012500
0 0.316949 0.705469 0.088136 0.012500
0 0.338983 0.719531 0.044068 0.012500
0 0.294068 0.937109 0.455932 0.025781
0 0.247458 0.956250 0.359322 0.021875
0 0.385593 0.718359 0.050323 0.016834
