0 0.487305 0.130403 0.333984 0.023443
0 0.491699 0.161172 0.688477 0.029304
0 0.729492 0.321245 0.238281 0.030037
0 0.224609 0.836264 0.259766 0.041758
0 0.805176 0.845788 0.155273 0.034432
0 0.392578 0.197802 0.156250 0.023443
0 0.572754 0.196337 0.176758 0.027839
0 0.149414 0.415385 0.046875 0.026374
0 0.131836 0.499634 0.019531 0.021978
0 0.798828 0.497436 0.128906 0.036630
0 0.172852 0.544322 0.125000 0.032234
0 0.124023 0.588278 0.019531 0.023443
0 0.805664 0.589744 0.128906 0.036630
0 0.199219 0.635897 0.183594 0.035165
0 0.119141 0.680586 0.023438 0.024908
0 0.458008 0.684249 0.103516 0.035165
0 0.246094 0.730403 0.292969 0.036630
0 0.122070 0.776557 0.050781 0.030769
0 0.457031 0.781685 0.105469 0.036630
0 0.177246 0.834432 0.178711 0.045421
0 0.804688 0.846154 0.156250 0.039560
0 0.496582 0.415751 0.056612 0.034081
0 0.282715 0.547619 0.106125 0.043075
0 0.449707 0.734066 0.129538 0.049680
0 0.309570 0.836996 0.104902 0.048942
