0 0.438151 0.254883 0.201823 0.019531
0 0.573568 0.896484 0.204427 0.027344
0 0.434245 0.281738 0.246094 0.020508
0 0.637370 0.673828 0.076823 0.017578
0 0.234375 0.672852 0.088542 0.021484
0 0.038411 0.203125 0.076823 0.083984
0 0.436198 0.254883 0.203125 0.019531
0 0.204427 0.305664 0.036458 0.015625
0 0.438802 0.343750 0.268229 0.031250
0 0.342448 0.371094 0.031250 0.017578
0 0.398438 0.371094 0.044271 0.017578
0 0.490885 0.372070 0.078125 0.019531
0 0.386719 0.394531 0.377604 0.023438
0 0.503906 0.416992 0.067708 0.019531
0 0.632812 0.415039 0.070312 0.019531
0 0.397135 0.442383 0.398438 0.025391
0 0.385417 0.465820 0.039062 0.015625
0 0.503906 0.465820 0.067708 0.019531
0 0.635417 0.463867 0.070312 0.019531
0 0.065104 0.494141 0.130208 0.101562
0 0.423828 0.491699 0.454427 0.024414
0 0.511719 0.514648 0.057292 0.019531
0 0.239583 0.538086 0.085938 0.019531
0 0.385417 0.538086 0.039062 0.015625
0 0.511719 0.538086 0.057292 0.019531
0 0.635417 0.538086 0.070312 0.019531
0 0.423177 0.563477 0.450521 0.025391
0 0.385417 0.587891 0.039062 0.013672
0 0.511719 0.587891 0.059896 0.023438
0 0.636719 0.588867 0.067708 0.019531
0 0.234375 0.621094 0.088542 0.023438
0 0.346354 0.622070 0.028646 0.015625
0 0.243490 0.642578 0.106771 0.023438
0 0.263021 0.695312 0.156250 0.023438
0 0.444010 0.696289 0.046875 0.019531
0 0.636719 0.697266 0.085938 0.023438
0 0.233073 0.737305 0.078125 0.019531
0 0.363932 0.734375 0.152344 0.025391
0 0.281250 0.761230 0.177083 0.024414
0 0.247396 0.788086 0.111979 0.019531
0 0.649740 0.813477 0.057292 0.019531
0 0.270833 0.838867 0.161458 0.025391
0 0.304688 0.859375 0.229167 0.027344
0 0.643229 0.862305 0.070312 0.019531
