0 0.513672 0.267578 0.290365 0.046875
0 0.504557 0.307129 0.373698 0.049805
0 0.816406 0.665039 0.106771 0.031250
0 0.195964 0.668457 0.144531 0.036133
0 0.711589 0.792969 0.316406 0.039062
0 0.510417 0.269531 0.296875 0.046875
0 0.415365 0.305664 0.177083 0.035156
0 0.621745 0.313477 0.128906 0.029297
0 0.156901 0.323730 0.063802 0.030273
0 0.511719 0.394531 0.398438 0.050781
0 0.190755 0.425293 0.069010 0.032227
0 0.369792 0.433594 0.046875 0.027344
0 0.451823 0.434570 0.065104 0.025391
0 0.750000 0.437500 0.156250 0.027344
0 0.170573 0.497070 0.059896 0.029297
0 0.307292 0.501953 0.052083 0.031250
0 0.617188 0.505859 0.083333 0.027344
0 0.204427 0.534180 0.132812 0.029297
0 0.615885 0.538574 0.085938 0.030273
0 0.804688 0.539062 0.104167 0.027344
0 0.195312 0.583496 0.143229 0.040039
0 0.369792 0.587891 0.041667 0.023438
0 0.208984 0.617676 0.175781 0.041992
0 0.194661 0.668945 0.154948 0.041016
0 0.240885 0.702148 0.244792 0.035156
0 0.516927 0.702148 0.070312 0.029297
0 0.820312 0.746094 0.104167 0.031250
0 0.438802 0.838867 0.059896 0.029297
0 0.587240 0.834961 0.065104 0.029297
0 0.488281 0.872070 0.536458 0.039062
0 0.531901 0.311523 0.060474 0.030859
0 0.266276 0.431152 0.097429 0.041789
0 0.241536 0.499512 0.092134 0.039814
0 0.789062 0.666504 0.061868 0.033860
0 0.510417 0.836914 0.098408 0.045446
