0 0.450521 0.270020 0.283854 0.036133
0 0.449870 0.306152 0.339844 0.028320
0 0.647135 0.808105 0.307292 0.032227
0 0.147135 0.717773 0.158854 0.033203
0 0.746094 0.716797 0.114583 0.029297
0 0.168620 0.053711 0.305990 0.107422
0 0.451172 0.269043 0.279948 0.030273
0 0.119792 0.331055 0.059896 0.025391
0 0.454427 0.387695 0.380208 0.039062
0 0.313802 0.422852 0.044271 0.025391
0 0.395833 0.423828 0.062500 0.023438
0 0.502604 0.424805 0.062500 0.025391
0 0.429036 0.457031 0.652344 0.031250
0 0.548177 0.489258 0.096354 0.025391
0 0.735677 0.490234 0.096354 0.027344
0 0.371094 0.528320 0.552083 0.035156
0 0.740885 0.561523 0.101562 0.029297
0 0.407552 0.599609 0.638021 0.031250
0 0.364583 0.632812 0.062500 0.023438
0 0.747396 0.635742 0.104167 0.029297
0 0.171875 0.683594 0.052083 0.027344
0 0.186849 0.719238 0.089844 0.038086
0 0.746094 0.715820 0.117188 0.029297
0 0.182292 0.751953 0.234375 0.031250
0 0.455729 0.756836 0.072917 0.029297
0 0.450521 0.809570 0.710938 0.039062
0 0.451823 0.853516 0.218750 0.037109
0 0.266927 0.883789 0.210938 0.029297
0 0.557943 0.426270 0.057719 0.034417
0 0.108724 0.717285 0.094407 0.043675
0 0.402995 0.884277 0.071086 0.035850
