0 0.562500 0.306452 0.500000 0.048387
0 0.745605 0.342375 0.114258 0.026393
0 0.774414 0.366202 0.064453 0.025660
0 0.410156 0.671188 0.154297 0.027126
0 0.755859 0.659091 0.101562 0.026393
0 0.548828 0.334311 0.035156 0.017595
0 0.394531 0.362537 0.140625 0.022727
0 0.775391 0.363636 0.054688 0.020528
0 0.366211 0.424487 0.033203 0.019062
0 0.447266 0.421554 0.031250 0.019062
0 0.560547 0.416422 0.082031 0.020528
0 0.361328 0.445015 0.066406 0.019062
0 0.567871 0.435850 0.073242 0.022727
0 0.699219 0.429619 0.076172 0.023460
0 0.466797 0.494135 0.058594 0.017595
0 0.378906 0.619501 0.089844 0.019062
0 0.766602 0.886730 0.130859 0.027126
0 0.435547 0.901760 0.167969 0.020528
0 0.572266 0.914223 0.125000 0.021994
0 0.636230 0.278226 0.090147 0.032682
0 0.408691 0.496701 0.058914 0.021791
0 0.398926 0.761730 0.045355 0.023167
