0 0.399414 0.568359 0.033203 0.240885
0 0.432617 0.567708 0.025391 0.291667
0 0.829590 0.412760 0.036133 0.247396
0 0.828125 0.385417 0.023438 0.171875
0 0.614258 0.516927 0.019531 0.031250
0 0.885742 0.518229 0.019531 0.028646
0 0.402344 0.608073 0.023438 0.143229
0 0.786133 0.561198 0.019531 0.052083
0 0.824219 0.639974 0.027344 0.220052
0 0.530273 0.674479 0.019531 0.033854
0 0.882812 0.671875 0.017578 0.033854
0 0.531738 0.772786 0.026367 0.115885
0 0.879395 0.731120 0.026367 0.095052
