0 0.460069 0.127441 0.631944 0.034180
0 0.369792 0.163574 0.715278 0.034180
0 0.311632 0.270508 0.605903 0.029297
0 0.177083 0.455078 0.354167 0.039062
0 0.788194 0.458008 0.229167 0.029297
0 0.161458 0.241211 0.309028 0.029297
0 0.500000 0.239258 0.326389 0.029297
0 0.489583 0.272461 0.222222 0.029297
0 0.041667 0.309570 0.076389 0.025391
0 0.387153 0.309570 0.059028 0.025391
0 0.501736 0.307617 0.072917 0.025391
0 0.633681 0.307617 0.055556 0.019531
0 0.125000 0.347656 0.250000 0.031250
0 0.866319 0.420898 0.065972 0.029297
0 0.403646 0.502930 0.623264 0.042969
0 0.289062 0.922363 0.449653 0.030273
0 0.110243 0.945801 0.095486 0.028320
0 0.330729 0.946289 0.185764 0.025391
0 0.125868 0.310059 0.112526 0.035850
0 0.131076 0.382812 0.118968 0.040698
0 0.196181 0.946289 0.096727 0.032862
