0 0.458333 0.298828 0.527778 0.025391
0 0.389757 0.331055 0.644097 0.027344
0 0.333333 0.416992 0.524306 0.027344
0 0.222222 0.661133 0.336806 0.027344
0 0.760417 0.661133 0.184028 0.023438
0 0.210069 0.393555 0.267361 0.025391
0 0.494792 0.419922 0.184028 0.023438
0 0.411458 0.450195 0.048611 0.019531
0 0.505208 0.449219 0.065972 0.023438
0 0.607639 0.448242 0.076389 0.025391
0 0.529514 0.482422 0.121528 0.023438
0 0.767361 0.481445 0.138889 0.025391
0 0.531250 0.509766 0.118056 0.023438
0 0.531250 0.539062 0.118056 0.023438
0 0.531250 0.568359 0.118056 0.023438
0 0.230903 0.630859 0.343750 0.027344
0 0.809028 0.629883 0.055556 0.025391
0 0.290799 0.922363 0.453125 0.030273
0 0.112847 0.947266 0.086806 0.023438
0 0.330729 0.946289 0.185764 0.025391
0 0.183160 0.452148 0.098481 0.032862
0 0.196181 0.946289 0.096727 0.032862
