0 0.348090 0.193848 0.196181 0.030273
0 0.598958 0.161133 0.277778 0.017578
0 0.605903 0.181152 0.222222 0.018555
0 0.611979 0.201172 0.230903 0.015625
0 0.425347 0.270020 0.336806 0.022461
0 0.412326 0.434570 0.286458 0.017578
0 0.781250 0.431152 0.090278 0.016602
0 0.355903 0.362305 0.180556 0.015625
0 0.555556 0.361328 0.086806 0.017578
0 0.774306 0.359375 0.086806 0.017578
0 0.354167 0.379883 0.177083 0.019531
0 0.565972 0.379883 0.225694 0.019531
0 0.359375 0.399414 0.180556 0.015625
0 0.559028 0.398438 0.086806 0.017578
0 0.777778 0.394531 0.086806 0.017578
0 0.782986 0.430664 0.083333 0.015625
0 0.368056 0.471680 0.201389 0.025391
0 0.345486 0.491211 0.118056 0.019531
0 0.361111 0.510742 0.170139 0.019531
0 0.559028 0.525391 0.347222 0.027344
0 0.826389 0.595703 0.045139 0.013672
0 0.312500 0.608398 0.045139 0.015625
0 0.347222 0.665039 0.114583 0.019531
0 0.599826 0.658203 0.383681 0.029297
0 0.290799 0.922363 0.453125 0.030273
0 0.111111 0.947266 0.090278 0.023438
0 0.330729 0.945312 0.185764 0.027344
0 0.196181 0.946289 0.096727 0.032862
