0 0.442871 0.272694 0.522461 0.032943
0 0.469727 0.208272 0.183594 0.046120
0 0.451172 0.243777 0.404297 0.039531
0 0.321289 0.414348 0.291016 0.030747
0 0.249023 0.668741 0.144531 0.030015
0 0.628906 0.669107 0.089844 0.032211
0 0.466309 0.212299 0.188477 0.057101
0 0.450195 0.250366 0.400391 0.038067
0 0.243164 0.269400 0.117188 0.027818
0 0.675781 0.279649 0.046875 0.023426
0 0.223145 0.292460 0.081055 0.031479
0 0.220703 0.365300 0.076172 0.029283
0 0.524902 0.395681 0.084961 0.027086
0 0.673828 0.397511 0.072266 0.026354
0 0.219727 0.414348 0.074219 0.027818
0 0.212891 0.437775 0.058594 0.023426
0 0.288086 0.439239 0.015625 0.019034
0 0.406250 0.521962 0.193359 0.043924
0 0.256836 0.575403 0.156250 0.027818
0 0.625977 0.578331 0.083984 0.023426
0 0.337891 0.623719 0.326172 0.027818
0 0.625000 0.625915 0.087891 0.026354
0 0.695312 0.625915 0.013672 0.017570
0 0.292969 0.672035 0.046875 0.023426
0 0.626953 0.673499 0.087891 0.027818
0 0.371094 0.747438 0.099609 0.026354
0 0.666992 0.748170 0.083984 0.023426
0 0.180664 0.773060 0.015625 0.019034
0 0.256836 0.773792 0.035156 0.026354
0 0.375977 0.773792 0.089844 0.026354
0 0.528809 0.773060 0.077148 0.029283
0 0.665039 0.772694 0.089844 0.030015
0 0.434570 0.823939 0.476562 0.030015
0 0.435059 0.848829 0.422852 0.030015
0 0.440430 0.897511 0.195312 0.027818
0 0.442383 0.941435 0.378906 0.030747
