0 0.311198 0.206543 0.166667 0.030273
0 0.567708 0.161621 0.247396 0.022461
0 0.569010 0.187500 0.169271 0.021484
0 0.569010 0.214355 0.247396 0.022461
0 0.382812 0.301270 0.315104 0.026367
0 0.354818 0.505371 0.266927 0.028320
0 0.702474 0.512207 0.087240 0.024414
0 0.381510 0.301758 0.315104 0.029297
0 0.667969 0.306641 0.130208 0.019531
0 0.662760 0.330078 0.169271 0.023438
0 0.244792 0.369141 0.046875 0.023438
0 0.483073 0.375000 0.080729 0.023438
0 0.692708 0.375000 0.083333 0.023438
0 0.305990 0.416016 0.169271 0.023438
0 0.494792 0.418945 0.080729 0.019531
0 0.242188 0.435547 0.046875 0.023438
0 0.683594 0.444336 0.041667 0.019531
0 0.302734 0.460449 0.170573 0.026367
0 0.493490 0.463867 0.078125 0.019531
0 0.309896 0.504883 0.182292 0.025391
0 0.701823 0.512695 0.083333 0.019531
0 0.701823 0.559570 0.083333 0.019531
0 0.701823 0.606445 0.083333 0.019531
0 0.644531 0.725586 0.200521 0.029297
0 0.446615 0.791992 0.257812 0.029297
0 0.300130 0.369141 0.065955 0.030859
0 0.297526 0.437500 0.065955 0.030859
