0 0.386285 0.694824 0.182292 0.016602
0 0.683160 0.694824 0.109375 0.016602
0 0.359375 0.259766 0.069444 0.013672
0 0.406250 0.373047 0.038194 0.013672
0 0.375000 0.414062 0.038194 0.013672
0 0.333333 0.560547 0.052083 0.013672
0 0.413194 0.562500 0.059028 0.013672
0 0.687500 0.564453 0.079861 0.013672
0 0.559028 0.578125 0.065972 0.013672
0 0.289062 0.922363 0.449653 0.030273
0 0.110243 0.946289 0.095486 0.027344
0 0.330729 0.945312 0.185764 0.027344
0 0.456597 0.675781 0.058870 0.017281
0 0.196181 0.946289 0.096727 0.032862
