0 0.382812 0.324707 0.250000 0.040039
0 0.380208 0.355957 0.312500 0.043945
0 0.584635 0.799316 0.270833 0.040039
0 0.673177 0.716797 0.093750 0.031250
0 0.138021 0.738770 0.109375 0.028320
0 0.335286 0.327148 0.154948 0.031250
0 0.407552 0.354492 0.255208 0.035156
0 0.255208 0.364258 0.054688 0.019531
0 0.390625 0.429688 0.343750 0.050781
0 0.337891 0.463867 0.061198 0.027344
0 0.457031 0.457031 0.101562 0.027344
0 0.597005 0.448730 0.139323 0.030273
0 0.156250 0.474609 0.119792 0.023438
0 0.266927 0.467773 0.036458 0.019531
0 0.305990 0.495605 0.328125 0.040039
0 0.483724 0.514160 0.076823 0.028320
0 0.321615 0.522461 0.052083 0.019531
0 0.429688 0.551758 0.294271 0.039062
0 0.184245 0.562988 0.204427 0.036133
0 0.490234 0.577637 0.079427 0.030273
0 0.160156 0.594727 0.153646 0.029297
0 0.135417 0.625977 0.104167 0.025391
0 0.231771 0.620117 0.033854 0.019531
0 0.322917 0.616211 0.054688 0.019531
0 0.272135 0.665039 0.036458 0.019531
0 0.675781 0.716797 0.096354 0.031250
0 0.678385 0.750000 0.096354 0.027344
0 0.417969 0.760742 0.065104 0.025391
0 0.414062 0.839844 0.187500 0.031250
0 0.399740 0.866211 0.458333 0.039062
0 0.458984 0.319336 0.094385 0.029662
0 0.119141 0.504395 0.065339 0.027359
