0 0.473090 0.293945 0.414931 0.023438
0 0.416667 0.318359 0.493056 0.025391
0 0.384549 0.387695 0.407986 0.021484
0 0.289062 0.509766 0.255208 0.021484
0 0.707465 0.508301 0.147569 0.024414
0 0.236111 0.318359 0.125000 0.023438
0 0.303819 0.344727 0.260417 0.029297
0 0.282986 0.367188 0.211806 0.023438
0 0.533854 0.368164 0.168403 0.025391
0 0.503472 0.389648 0.142361 0.019531
0 0.236111 0.414062 0.125000 0.023438
0 0.232639 0.462402 0.152778 0.026367
0 0.703125 0.458984 0.135417 0.023438
0 0.751736 0.483398 0.041667 0.019531
0 0.289062 0.922363 0.449653 0.030273
0 0.110243 0.945801 0.095486 0.028320
0 0.330729 0.945312 0.185764 0.027344
0 0.429688 0.370605 0.060296 0.019968
0 0.196181 0.946289 0.096727 0.032862
