0 0.481250 0.241406 0.495833 0.035937
0 0.420833 0.267969 0.600000 0.043750
0 0.378472 0.353906 0.504167 0.039062
0 0.264583 0.586328 0.315278 0.030469
0 0.784028 0.577344 0.165278 0.025000
0 0.523611 0.324219 0.258333 0.023438
0 0.388889 0.352344 0.050000 0.020313
0 0.576389 0.349219 0.069444 0.023438
0 0.441667 0.378906 0.044444 0.020313
0 0.556944 0.407813 0.113889 0.021875
0 0.250694 0.496484 0.298611 0.033594
0 0.562500 0.492188 0.113889 0.025000
0 0.193056 0.525000 0.188889 0.031250
0 0.261111 0.587500 0.319444 0.029687
0 0.467361 0.619531 0.518056 0.042188
0 0.292361 0.923828 0.451389 0.032031
0 0.113194 0.947656 0.095833 0.029687
0 0.327778 0.946484 0.183333 0.025781
0 0.236806 0.358984 0.072281 0.023505
