0 0.380859 0.155678 0.210938 0.018315
0 0.412598 0.186813 0.293945 0.039560
0 0.498535 0.327473 0.286133 0.024908
0 0.422852 0.616484 0.406250 0.030037
0 0.279297 0.177289 0.025391 0.013187
0 0.332520 0.176557 0.067383 0.014652
0 0.408691 0.175092 0.067383 0.014652
0 0.308594 0.186813 0.025391 0.014652
0 0.385742 0.186813 0.046875 0.014652
0 0.482422 0.185348 0.111328 0.014652
0 0.292969 0.199267 0.039062 0.017582
0 0.354492 0.199267 0.072266 0.017582
0 0.472656 0.197070 0.154297 0.014652
0 0.281250 0.213187 0.128906 0.019048
0 0.418945 0.210989 0.095703 0.017582
0 0.548828 0.209524 0.136719 0.017582
0 0.326172 0.227106 0.039062 0.017582
0 0.371094 0.227106 0.039062 0.017582
0 0.464844 0.224908 0.113281 0.019048
0 0.304688 0.261538 0.085938 0.021978
0 0.365234 0.284982 0.082031 0.019048
0 0.524414 0.282784 0.064453 0.017582
0 0.414062 0.304396 0.435547 0.028571
0 0.226562 0.333333 0.050781 0.019048
0 0.283203 0.331868 0.031250 0.021978
0 0.228516 0.349451 0.050781 0.019048
0 0.329102 0.347985 0.138672 0.019048
0 0.312500 0.398535 0.027344 0.017582
0 0.439453 0.396337 0.089844 0.021978
0 0.253906 0.416117 0.039062 0.017582
0 0.425781 0.428571 0.097656 0.019048
0 0.507812 0.427106 0.054688 0.019048
0 0.395996 0.492674 0.348633 0.024176
0 0.557617 0.505495 0.029297 0.017582
0 0.245117 0.542125 0.033203 0.017582
0 0.264648 0.574359 0.037109 0.017582
0 0.531250 0.569231 0.097656 0.019048
0 0.342773 0.620513 0.257812 0.026374
0 0.573242 0.612454 0.099609 0.020513
0 0.583008 0.627839 0.025391 0.019048
0 0.261719 0.679853 0.089844 0.020513
0 0.568359 0.690110 0.109375 0.020513
0 0.265625 0.704762 0.101562 0.020513
0 0.341797 0.701099 0.035156 0.019048
0 0.576172 0.712821 0.089844 0.021978
0 0.251953 0.764835 0.027344 0.017582
0 0.570312 0.756777 0.042969 0.019048
0 0.311523 0.776190 0.144531 0.028571
0 0.550781 0.774359 0.035156 0.019048
0 0.310547 0.811722 0.138672 0.027839
0 0.409180 0.838828 0.109375 0.026374
0 0.446289 0.852747 0.117188 0.027839
0 0.491211 0.895238 0.048828 0.023443
0 0.415527 0.752015 0.108243 0.025517
0 0.429199 0.767033 0.068535 0.023868
0 0.494629 0.830403 0.060346 0.024930
0 0.620605 0.881319 0.058897 0.028159
0 0.545898 0.889744 0.062555 0.032221
0 0.379883 0.908791 0.159331 0.040828
