0 0.490278 0.232422 0.572222 0.021094
0 0.495139 0.257031 0.093056 0.018750
0 0.490972 0.279297 0.593056 0.021094
0 0.492361 0.301953 0.223611 0.016406
0 0.310417 0.596484 0.276389 0.024219
0 0.738194 0.593750 0.154167 0.020313
0 0.725000 0.234375 0.083333 0.025000
0 0.577778 0.343750 0.172222 0.021875
0 0.201389 0.443750 0.069444 0.018750
0 0.223611 0.468750 0.105556 0.014063
0 0.316667 0.504687 0.111111 0.018750
0 0.450000 0.507031 0.030556 0.012500
0 0.641667 0.514844 0.041667 0.015625
0 0.352778 0.598437 0.183333 0.018750
0 0.765278 0.623437 0.097222 0.018750
0 0.261111 0.657031 0.177778 0.020313
0 0.794444 0.654687 0.038889 0.018750
0 0.494444 0.707422 0.261111 0.022656
0 0.292361 0.923828 0.451389 0.032031
0 0.113889 0.947656 0.088889 0.023438
0 0.327778 0.946484 0.183333 0.025781
0 0.213194 0.598828 0.098370 0.030267
0 0.197917 0.946875 0.097990 0.032559
