0 0.470703 0.124817 0.207031 0.047584
0 0.456543 0.168375 0.436523 0.023426
0 0.448730 0.196193 0.561523 0.026354
0 0.327637 0.355417 0.313477 0.028551
0 0.249512 0.629575 0.163086 0.027818
0 0.470215 0.128843 0.206055 0.061493
0 0.484375 0.197291 0.322266 0.032943
0 0.701172 0.194729 0.052734 0.027818
0 0.213867 0.222548 0.093750 0.027818
0 0.208008 0.300146 0.082031 0.030747
0 0.408203 0.301611 0.275391 0.027818
0 0.316406 0.327965 0.296875 0.035139
0 0.542969 0.328697 0.091797 0.026354
0 0.704102 0.326501 0.078125 0.027818
0 0.209473 0.354685 0.081055 0.031479
0 0.375000 0.355051 0.208984 0.029283
0 0.204102 0.379941 0.066406 0.026354
0 0.284180 0.379941 0.019531 0.020498
0 0.458984 0.467789 0.126953 0.049780
0 0.256836 0.527818 0.171875 0.029283
0 0.657715 0.524158 0.092773 0.029283
0 0.261719 0.580527 0.181641 0.029283
0 0.443359 0.579063 0.162109 0.029283
0 0.658203 0.576135 0.091797 0.029283
0 0.734375 0.574671 0.013672 0.017570
0 0.211914 0.634700 0.082031 0.029283
0 0.301758 0.633236 0.050781 0.026354
0 0.205078 0.662518 0.072266 0.029283
0 0.387695 0.713763 0.109375 0.029283
0 0.708496 0.707174 0.092773 0.029283
0 0.181641 0.745974 0.013672 0.020498
0 0.265625 0.744510 0.037109 0.026354
0 0.561035 0.737189 0.086914 0.035139
0 0.458984 0.795754 0.525391 0.046852
0 0.631348 0.818082 0.124023 0.031479
0 0.470703 0.878477 0.214844 0.035139
0 0.474121 0.930820 0.424805 0.038799
