0 0.315972 0.192383 0.184028 0.025391
0 0.601562 0.149414 0.265625 0.017578
0 0.602431 0.169922 0.274306 0.017578
0 0.602431 0.191406 0.232639 0.019531
0 0.401042 0.269043 0.357639 0.018555
0 0.375868 0.477051 0.300347 0.018555
0 0.771701 0.474609 0.105903 0.019531
0 0.317708 0.193359 0.194444 0.037109
0 0.274306 0.345703 0.107639 0.017578
0 0.461806 0.344727 0.114583 0.015625
0 0.317708 0.364258 0.187500 0.019531
0 0.539931 0.362305 0.076389 0.015625
0 0.317708 0.403320 0.187500 0.015625
0 0.532986 0.400391 0.090278 0.017578
0 0.770833 0.397461 0.086806 0.019531
0 0.246528 0.420898 0.052083 0.019531
0 0.315972 0.440430 0.190972 0.019531
0 0.539931 0.438477 0.076389 0.019531
0 0.770833 0.436523 0.093750 0.019531
0 0.770833 0.475586 0.093750 0.019531
0 0.774306 0.514648 0.093750 0.019531
0 0.774306 0.534180 0.093750 0.019531
0 0.276042 0.557617 0.083333 0.019531
0 0.784722 0.554688 0.079861 0.017578
0 0.387153 0.595703 0.107639 0.023438
0 0.345486 0.634766 0.253472 0.023438
0 0.710069 0.633789 0.236111 0.015625
0 0.704861 0.672852 0.253472 0.019531
0 0.741319 0.818359 0.166667 0.017578
0 0.289062 0.922363 0.449653 0.030273
0 0.111979 0.946289 0.092014 0.027344
0 0.328993 0.946289 0.182292 0.025391
