0 0.664062 0.425781 0.027344 0.065104
0 0.626953 0.201823 0.017578 0.041667
0 0.416016 0.227865 0.013672 0.083333
0 0.631836 0.292969 0.015625 0.041667
0 0.687500 0.282552 0.027344 0.044271
0 0.610352 0.358073 0.019531 0.041667
0 0.689453 0.397135 0.023438 0.054688
0 0.151367 0.437500 0.015625 0.065104
0 0.502441 0.451172 0.020508 0.121094
0 0.109375 0.498698 0.013672 0.031250
0 0.642578 0.649740 0.017578 0.046875
0 0.529297 0.417318 0.022209 0.079315
0 0.638184 0.601562 0.025613 0.054482
