0 0.451172 0.362305 0.222656 0.023438
0 0.447917 0.390625 0.270833 0.021484
0 0.606771 0.824707 0.252604 0.018555
0 0.207031 0.752441 0.119792 0.024414
0 0.694661 0.755371 0.087240 0.022461
0 0.451823 0.361328 0.226562 0.023438
0 0.454427 0.457031 0.304688 0.031250
0 0.262370 0.485352 0.069010 0.025391
0 0.341146 0.485352 0.033854 0.019531
0 0.404948 0.484375 0.052083 0.017578
0 0.510417 0.485352 0.093750 0.025391
0 0.194010 0.536133 0.041667 0.019531
0 0.533854 0.535156 0.067708 0.023438
0 0.217448 0.562500 0.096354 0.023438
0 0.305990 0.563477 0.031250 0.015625
0 0.533854 0.562500 0.067708 0.023438
0 0.182292 0.621094 0.046875 0.023438
0 0.282552 0.621094 0.039062 0.023438
0 0.537760 0.619141 0.065104 0.023438
0 0.205729 0.648438 0.098958 0.023438
0 0.380208 0.648438 0.049479 0.017578
0 0.535156 0.648438 0.070312 0.023438
0 0.686198 0.649414 0.085938 0.025391
0 0.229167 0.689453 0.041667 0.023438
0 0.330729 0.690430 0.033854 0.019531
0 0.234375 0.780273 0.182292 0.025391
0 0.458333 0.784180 0.054688 0.019531
0 0.696615 0.785156 0.085938 0.023438
0 0.450521 0.852051 0.166667 0.024414
0 0.208984 0.483887 0.053004 0.026043
0 0.244141 0.537598 0.066128 0.028041
0 0.238932 0.716797 0.068594 0.030859
