0 0.569336 0.113470 0.134766 0.021962
0 0.572266 0.132870 0.236328 0.027086
0 0.571289 0.228770 0.251953 0.021230
0 0.620117 0.374817 0.261719 0.027818
0 0.545410 0.608346 0.389648 0.030747
0 0.626953 0.153001 0.136719 0.019034
0 0.452148 0.171303 0.060547 0.020498
0 0.585938 0.172401 0.164062 0.021230
0 0.738281 0.174231 0.021484 0.013177
0 0.477539 0.189605 0.193359 0.019034
0 0.659180 0.191069 0.162109 0.019034
0 0.385742 0.206442 0.025391 0.017570
0 0.464844 0.209370 0.125000 0.020498
0 0.610352 0.209370 0.072266 0.017570
0 0.495117 0.245974 0.154297 0.020498
0 0.572266 0.265739 0.273438 0.023426
0 0.464844 0.281845 0.078125 0.019034
0 0.472656 0.318448 0.097656 0.019034
0 0.574219 0.319912 0.078125 0.019034
0 0.665039 0.321376 0.076172 0.019034
0 0.434570 0.371889 0.025391 0.017570
0 0.699219 0.375549 0.082031 0.019034
0 0.438477 0.389458 0.146484 0.020498
0 0.456055 0.461201 0.052734 0.017570
0 0.504883 0.461933 0.023438 0.014641
0 0.452148 0.515373 0.052734 0.017570
0 0.658203 0.538799 0.027344 0.020498
0 0.690430 0.612006 0.091797 0.020498
0 0.425293 0.625549 0.045898 0.019766
0 0.462891 0.627379 0.021484 0.011713
0 0.435547 0.661420 0.167969 0.021230
0 0.694336 0.705710 0.080078 0.020498
0 0.403320 0.756223 0.072266 0.019034
0 0.587402 0.799414 0.084961 0.020498
0 0.373535 0.853953 0.047852 0.021230
0 0.707031 0.921669 0.054688 0.019034
0 0.528809 0.151903 0.053532 0.021020
0 0.395508 0.169473 0.050456 0.023885
0 0.695801 0.173865 0.057367 0.023885
0 0.550293 0.210469 0.049427 0.023885
0 0.599121 0.248170 0.057367 0.026129
0 0.659180 0.340776 0.056411 0.023885
0 0.394043 0.372621 0.053572 0.021767
0 0.539551 0.392020 0.057396 0.023885
0 0.594238 0.393485 0.057396 0.023885
0 0.621582 0.538433 0.051445 0.023885
0 0.379883 0.605783 0.050493 0.023885
0 0.556641 0.628111 0.058406 0.024634
0 0.548340 0.664348 0.053532 0.021020
0 0.515137 0.798316 0.061279 0.025382
0 0.425781 0.856881 0.062263 0.025382
0 0.541504 0.858346 0.041457 0.022380
0 0.399902 0.875915 0.053387 0.025382
