0 0.498698 0.102539 0.283854 0.025391
0 0.495443 0.134766 0.347656 0.025391
0 0.207682 0.866211 0.149740 0.033203
0 0.699219 0.975098 0.296875 0.026367
0 0.811198 0.864746 0.117188 0.024414
0 0.498698 0.104492 0.273438 0.025391
0 0.173177 0.163086 0.052083 0.019531
0 0.501953 0.214355 0.381510 0.043945
0 0.239583 0.250977 0.135417 0.029297
0 0.364583 0.249023 0.041667 0.025391
0 0.444010 0.250000 0.065104 0.023438
0 0.575521 0.253906 0.114583 0.031250
0 0.480469 0.282715 0.638021 0.032227
0 0.421875 0.313477 0.054688 0.019531
0 0.595052 0.317383 0.091146 0.025391
0 0.774740 0.317383 0.091146 0.025391
0 0.596354 0.382812 0.093750 0.027344
0 0.782552 0.377930 0.096354 0.025391
0 0.606771 0.448242 0.083333 0.025391
0 0.791667 0.445312 0.098958 0.027344
0 0.398438 0.487305 0.494792 0.029297
0 0.477865 0.556152 0.674479 0.032227
0 0.225260 0.593750 0.179688 0.031250
0 0.617188 0.591797 0.088542 0.027344
0 0.804688 0.627930 0.104167 0.029297
0 0.226562 0.708008 0.190104 0.035156
0 0.619792 0.705078 0.088542 0.027344
0 0.195312 0.745117 0.125000 0.029297
0 0.809896 0.741211 0.104167 0.029297
0 0.229167 0.791992 0.052083 0.025391
0 0.359375 0.796875 0.041667 0.023438
0 0.205078 0.824219 0.162760 0.039062
0 0.808594 0.822266 0.122396 0.027344
0 0.239583 0.869141 0.062500 0.027344
0 0.514323 0.903320 0.070312 0.025391
0 0.804688 0.900391 0.114583 0.027344
0 0.236979 0.934570 0.229167 0.029297
0 0.632161 0.136719 0.071429 0.027043
0 0.166667 0.792480 0.093184 0.041692
