0 0.472656 0.181641 0.281250 0.023438
0 0.470052 0.213867 0.356771 0.029297
0 0.158854 0.623047 0.177083 0.037109
0 0.805339 0.618164 0.134115 0.031250
0 0.140625 0.241211 0.054688 0.019531
0 0.480469 0.287109 0.395833 0.037109
0 0.161458 0.321289 0.054688 0.019531
0 0.231120 0.322754 0.082031 0.030273
0 0.334635 0.320312 0.044271 0.023438
0 0.417969 0.320312 0.065104 0.023438
0 0.555990 0.321289 0.117188 0.025391
0 0.722656 0.314453 0.158854 0.027344
0 0.195312 0.377930 0.177083 0.029297
0 0.591146 0.377930 0.083333 0.025391
0 0.165365 0.411133 0.127604 0.025391
0 0.393229 0.410156 0.062500 0.023438
0 0.589844 0.412109 0.085938 0.027344
0 0.782552 0.410156 0.106771 0.027344
0 0.403646 0.452148 0.617188 0.035156
0 0.390625 0.485352 0.059896 0.019531
0 0.576823 0.486328 0.122396 0.027344
0 0.146484 0.537598 0.147135 0.041992
0 0.190104 0.623047 0.067708 0.031250
0 0.802083 0.619141 0.130208 0.031250
0 0.489583 0.661133 0.078125 0.029297
0 0.178385 0.706055 0.260417 0.035156
0 0.817708 0.702148 0.114583 0.029297
0 0.140625 0.770508 0.125000 0.029297
0 0.358073 0.769531 0.247396 0.031250
0 0.195964 0.812500 0.238281 0.037109
0 0.203125 0.893555 0.252604 0.039062
0 0.839844 0.894531 0.096354 0.027344
0 0.205078 0.934082 0.253906 0.038086
0 0.230469 0.966309 0.296875 0.040039
0 0.832031 0.964844 0.091146 0.023438
0 0.113281 0.623535 0.098364 0.043675
0 0.413411 0.971191 0.073773 0.031862
