0 0.448568 0.139648 0.279948 0.027344
0 0.444010 0.164062 0.361979 0.033203
0 0.656901 0.927734 0.311198 0.033203
0 0.151693 0.807129 0.186198 0.028320
0 0.763021 0.797363 0.122396 0.028320
0 0.537760 0.141602 0.098958 0.019531
0 0.451823 0.236328 0.395833 0.041016
0 0.172526 0.270508 0.141927 0.031250
0 0.303385 0.269531 0.044271 0.023438
0 0.390625 0.269531 0.067708 0.023438
0 0.527344 0.273438 0.117188 0.027344
0 0.364583 0.334961 0.059896 0.019531
0 0.550781 0.337891 0.101562 0.027344
0 0.364583 0.407227 0.059896 0.019531
0 0.553385 0.408203 0.101562 0.027344
0 0.751302 0.408203 0.101562 0.027344
0 0.309896 0.451172 0.463542 0.031250
0 0.364583 0.482422 0.062500 0.023438
0 0.375000 0.526367 0.601562 0.035156
0 0.361979 0.560547 0.062500 0.023438
0 0.329427 0.605469 0.520833 0.037109
0 0.569010 0.641602 0.091146 0.029297
0 0.765625 0.641602 0.111979 0.035156
0 0.423828 0.686035 0.717448 0.038086
0 0.559896 0.722656 0.109375 0.031250
0 0.180990 0.839844 0.236979 0.031250
0 0.462240 0.840820 0.075521 0.029297
0 0.759115 0.835938 0.122396 0.027344
0 0.766927 0.875977 0.106771 0.029297
0 0.459635 0.970703 0.218750 0.037109
0 0.585286 0.170410 0.071535 0.022011
