0 0.430339 0.083984 0.209635 0.021484
0 0.426432 0.107422 0.269531 0.023438
0 0.604167 0.918457 0.223958 0.022461
0 0.222656 0.679688 0.114583 0.023438
0 0.674479 0.671387 0.088542 0.020508
0 0.429036 0.083984 0.214844 0.025391
0 0.233073 0.194336 0.104167 0.019531
0 0.326823 0.191406 0.031250 0.017578
0 0.389323 0.189453 0.046875 0.017578
0 0.490885 0.188477 0.083333 0.019531
0 0.386068 0.215820 0.428385 0.035156
0 0.239583 0.243164 0.130208 0.025391
0 0.515625 0.236328 0.062500 0.023438
0 0.514323 0.261719 0.065104 0.023438
0 0.643229 0.257812 0.088542 0.023438
0 0.519531 0.316406 0.059896 0.023438
0 0.380208 0.344727 0.044271 0.015625
0 0.653646 0.337891 0.078125 0.023438
0 0.522135 0.393555 0.062500 0.019531
0 0.221354 0.420898 0.091146 0.019531
0 0.531250 0.416992 0.044271 0.019531
0 0.658854 0.415039 0.075521 0.019531
0 0.335938 0.448242 0.333333 0.025391
0 0.236979 0.473633 0.140625 0.025391
0 0.527344 0.469727 0.062500 0.019531
0 0.214844 0.499023 0.098958 0.019531
0 0.526042 0.495117 0.059896 0.019531
0 0.664062 0.493164 0.075521 0.019531
0 0.425781 0.526367 0.523438 0.029297
0 0.234375 0.554688 0.145833 0.027344
0 0.531250 0.550781 0.067708 0.023438
0 0.023438 0.566406 0.031250 0.042969
0 0.212240 0.583008 0.098958 0.019531
0 0.532552 0.578125 0.065104 0.023438
0 0.673177 0.575195 0.078125 0.019531
0 0.208333 0.619141 0.104167 0.027344
0 0.339844 0.621094 0.031250 0.017578
0 0.032552 0.630859 0.026042 0.041016
0 0.219401 0.644531 0.126302 0.027344
0 0.674479 0.669922 0.093750 0.023438
0 0.251302 0.703125 0.174479 0.023438
0 0.457031 0.702148 0.052083 0.019531
0 0.220052 0.748047 0.091146 0.023438
0 0.367839 0.744141 0.170573 0.027344
0 0.052083 0.759766 0.031250 0.042969
0 0.286458 0.773438 0.218750 0.027344
0 0.239583 0.801758 0.122396 0.019531
0 0.707031 0.795898 0.031250 0.019531
0 0.305990 0.883789 0.252604 0.029297
0 0.076823 0.897461 0.026042 0.027344
