0 0.430990 0.064941 0.289062 0.024414
0 0.635417 0.985352 0.322917 0.029297
0 0.108724 0.896484 0.183594 0.027344
0 0.746745 0.894531 0.131510 0.029297
0 0.430990 0.064453 0.283854 0.023438
0 0.092448 0.120117 0.046875 0.015625
0 0.432292 0.165039 0.398438 0.035156
0 0.149089 0.198242 0.141927 0.031250
0 0.282552 0.199219 0.044271 0.023438
0 0.367188 0.197266 0.067708 0.023438
0 0.507812 0.198242 0.119792 0.025391
0 0.675781 0.196289 0.158854 0.025391
0 0.342448 0.256836 0.062500 0.019531
0 0.529948 0.258789 0.106771 0.025391
0 0.729167 0.256836 0.104167 0.025391
0 0.298828 0.291016 0.506510 0.031250
0 0.643229 0.291992 0.161458 0.025391
0 0.338542 0.321289 0.059896 0.019531
0 0.532552 0.324219 0.106771 0.027344
0 0.739583 0.326172 0.104167 0.027344
0 0.381510 0.363770 0.697917 0.036133
0 0.535156 0.400391 0.111979 0.027344
0 0.333333 0.476562 0.067708 0.023438
0 0.536458 0.479492 0.109375 0.029297
0 0.316406 0.523438 0.604167 0.037109
0 0.537760 0.561523 0.111979 0.029297
0 0.751302 0.562500 0.111979 0.031250
0 0.401042 0.608398 0.778646 0.035156
0 0.329427 0.643555 0.065104 0.025391
0 0.528646 0.645508 0.132812 0.035156
0 0.744792 0.644531 0.130208 0.031250
0 0.328125 0.728516 0.067708 0.023438
0 0.536458 0.731445 0.117188 0.035156
0 0.751302 0.728516 0.119792 0.037109
0 0.380208 0.775391 0.726562 0.037109
0 0.753906 0.810547 0.111979 0.031250
0 0.123698 0.863281 0.054688 0.027344
0 0.265625 0.867188 0.046875 0.023438
0 0.100260 0.896484 0.179688 0.042969
0 0.432292 0.938477 0.078125 0.029297
0 0.055990 0.861816 0.098495 0.045654
