0 0.567057 0.317871 0.324219 0.028320
0 0.569661 0.340820 0.246094 0.025391
0 0.705729 0.803711 0.190104 0.017578
0 0.468750 0.705078 0.213542 0.019531
0 0.750000 0.694824 0.075521 0.026367
0 0.565104 0.320312 0.322917 0.031250
0 0.523438 0.344727 0.075521 0.015625
0 0.671875 0.338867 0.028646 0.015625
0 0.394531 0.367188 0.036458 0.013672
0 0.470703 0.364746 0.115885 0.024414
0 0.567708 0.409180 0.229167 0.029297
0 0.567708 0.436523 0.138021 0.019531
0 0.535156 0.457031 0.036458 0.013672
0 0.611979 0.455078 0.065104 0.017578
0 0.433594 0.478516 0.125000 0.017578
0 0.627604 0.512695 0.059896 0.015625
0 0.739583 0.509766 0.059896 0.017578
0 0.430990 0.537598 0.119792 0.020508
0 0.481771 0.556641 0.223958 0.023438
0 0.630208 0.573242 0.059896 0.015625
0 0.436849 0.597656 0.136719 0.023438
0 0.636719 0.635742 0.057292 0.015625
0 0.635417 0.657227 0.059896 0.015625
0 0.751302 0.655273 0.062500 0.015625
0 0.757812 0.699219 0.059896 0.017578
0 0.759115 0.727539 0.062500 0.019531
0 0.434896 0.757812 0.135417 0.023438
0 0.589844 0.756836 0.041667 0.015625
0 0.756510 0.752930 0.072917 0.019531
0 0.760417 0.777344 0.070312 0.017578
0 0.588542 0.833984 0.161458 0.023438
0 0.588542 0.857422 0.236979 0.017578
