0 0.261719 0.236328 0.179688 0.037109
0 0.541016 0.177246 0.266927 0.022461
0 0.543620 0.206543 0.264323 0.024414
0 0.542318 0.237305 0.222656 0.025391
0 0.337240 0.336426 0.341146 0.026367
0 0.309245 0.508789 0.292969 0.031250
0 0.692057 0.514160 0.095052 0.026367
0 0.294271 0.335938 0.265625 0.027344
0 0.652344 0.338867 0.148438 0.025391
0 0.186198 0.359375 0.049479 0.023438
0 0.647135 0.364258 0.184896 0.025391
0 0.450521 0.415039 0.088542 0.025391
0 0.555990 0.415039 0.031250 0.019531
0 0.679688 0.414062 0.093750 0.027344
0 0.253906 0.460938 0.184896 0.023438
0 0.463542 0.463867 0.085938 0.019531
0 0.691406 0.464844 0.091146 0.023438
0 0.691406 0.566406 0.091146 0.023438
0 0.697917 0.617188 0.078125 0.023438
0 0.640625 0.821289 0.161458 0.025391
