0 0.484375 0.239746 0.236979 0.024414
0 0.483073 0.268555 0.299479 0.025391
0 0.692708 0.819824 0.291667 0.032227
0 0.240234 0.478516 0.147135 0.025391
0 0.746094 0.480469 0.101562 0.019531
0 0.485677 0.240234 0.242188 0.023438
0 0.196615 0.283203 0.046875 0.017578
0 0.490885 0.333008 0.338542 0.035156
0 0.219401 0.357910 0.058594 0.026367
0 0.368490 0.363281 0.039062 0.023438
0 0.440104 0.364258 0.054688 0.019531
0 0.555990 0.365234 0.101562 0.023438
0 0.569010 0.417969 0.101562 0.023438
0 0.734375 0.416016 0.104167 0.023438
0 0.256510 0.451172 0.049479 0.023438
0 0.267578 0.479492 0.076823 0.031250
0 0.500000 0.509766 0.062500 0.023438
0 0.248698 0.541016 0.216146 0.027344
0 0.752604 0.541992 0.104167 0.025391
0 0.212240 0.588867 0.111979 0.025391
0 0.393229 0.587891 0.203125 0.025391
0 0.273438 0.622070 0.242188 0.039062
0 0.225260 0.658203 0.158854 0.027344
0 0.253906 0.695312 0.223958 0.037109
0 0.790365 0.691406 0.080729 0.027344
0 0.255208 0.734375 0.226562 0.037109
0 0.303385 0.768555 0.333333 0.042969
0 0.794271 0.763672 0.098958 0.027344
0 0.507161 0.862793 0.214844 0.038086
0 0.281901 0.362305 0.079218 0.034856
0 0.200521 0.449707 0.080392 0.033860
0 0.197917 0.476074 0.080315 0.035850
