0 0.495117 0.377745 0.369141 0.027818
0 0.421387 0.403367 0.520508 0.038067
0 0.402344 0.513909 0.271484 0.029283
0 0.202637 0.627379 0.157227 0.026354
0 0.585938 0.633968 0.167969 0.026354
0 0.413574 0.331991 0.336914 0.053441
0 0.344238 0.376281 0.055664 0.023426
0 0.557129 0.381772 0.235352 0.028551
0 0.418945 0.405564 0.517578 0.035139
0 0.402344 0.441435 0.261719 0.039531
0 0.399902 0.486457 0.442383 0.035871
0 0.587891 0.583455 0.160156 0.021962
0 0.585938 0.636896 0.167969 0.023426
0 0.411133 0.659590 0.029297 0.019034
0 0.628906 0.664714 0.085938 0.023426
0 0.161133 0.683748 0.101562 0.027818
0 0.585938 0.691801 0.173828 0.026354
0 0.295410 0.720717 0.137695 0.027086
0 0.095703 0.758419 0.039062 0.023426
0 0.608398 0.805271 0.056641 0.023426
0 0.293457 0.825403 0.233398 0.040264
0 0.536621 0.829429 0.135742 0.029283
0 0.278320 0.868228 0.371094 0.045388
0 0.407715 0.380307 0.082803 0.032740
0 0.160645 0.630673 0.078874 0.035704
0 0.212402 0.659590 0.057205 0.031597
0 0.394531 0.722182 0.075436 0.037127
0 0.140625 0.761347 0.066110 0.036444
0 0.177734 0.796120 0.073807 0.035704
0 0.469238 0.804173 0.072885 0.032740
0 0.530762 0.805271 0.068899 0.034964
0 0.583496 0.864568 0.106033 0.033034
