0 0.513021 0.289551 0.177083 0.018555
0 0.514323 0.312988 0.218750 0.020508
0 0.647786 0.916992 0.183594 0.027344
0 0.353516 0.708496 0.089844 0.020508
0 0.701823 0.701660 0.070312 0.016602
0 0.515625 0.291992 0.169271 0.015625
0 0.317708 0.332031 0.033854 0.013672
0 0.516927 0.364258 0.231771 0.025391
0 0.337240 0.387695 0.036458 0.015625
0 0.484375 0.388672 0.039062 0.013672
0 0.563802 0.388672 0.067708 0.017578
0 0.472656 0.426758 0.036458 0.011719
0 0.576823 0.424805 0.057292 0.015625
0 0.688802 0.422852 0.057292 0.015625
0 0.583333 0.465820 0.049479 0.015625
0 0.583333 0.485352 0.049479 0.015625
0 0.692708 0.483398 0.059896 0.015625
0 0.360677 0.528320 0.098958 0.015625
0 0.585938 0.525391 0.049479 0.013672
0 0.585938 0.545898 0.049479 0.015625
0 0.697917 0.543945 0.059896 0.015625
0 0.697917 0.585938 0.059896 0.017578
0 0.588542 0.629883 0.049479 0.015625
0 0.704427 0.631836 0.052083 0.015625
0 0.703125 0.676758 0.059896 0.015625
0 0.703125 0.704102 0.059896 0.015625
0 0.529948 0.724609 0.041667 0.013672
0 0.703125 0.748047 0.059896 0.017578
0 0.464193 0.781738 0.134115 0.026367
0 0.718750 0.843750 0.039062 0.017578
0 0.707031 0.888672 0.062500 0.017578
0 0.378255 0.388672 0.053205 0.020993
