0 0.461914 0.105783 0.462891 0.082723
0 0.487305 0.192167 0.779297 0.034407
0 0.492676 0.224378 0.708008 0.025622
0 0.492188 0.249634 0.728516 0.027818
0 0.239258 0.389092 0.267578 0.025622
0 0.590820 0.382870 0.193359 0.024890
0 0.222168 0.617496 0.198242 0.025622
0 0.835449 0.608346 0.098633 0.023426
0 0.209961 0.195461 0.218750 0.029283
0 0.529297 0.196193 0.376953 0.030747
0 0.355469 0.223280 0.431641 0.032211
0 0.645508 0.223280 0.128906 0.032211
0 0.751953 0.225476 0.035156 0.020498
0 0.809570 0.224012 0.078125 0.030747
0 0.561523 0.273792 0.289062 0.030747
0 0.239746 0.390922 0.274414 0.039531
0 0.251953 0.411420 0.283203 0.027818
0 0.254883 0.531479 0.140625 0.027818
0 0.375000 0.553807 0.513672 0.032943
0 0.254883 0.581259 0.140625 0.027818
0 0.477539 0.579063 0.089844 0.029283
0 0.842773 0.573206 0.089844 0.029283
0 0.222656 0.617130 0.205078 0.029283
0 0.835938 0.609078 0.107422 0.027818
0 0.875977 0.632504 0.019531 0.019034
0 0.267090 0.644949 0.293945 0.035139
0 0.296387 0.669107 0.346680 0.030747
0 0.201660 0.692533 0.159180 0.030747
0 0.836914 0.681552 0.109375 0.029283
0 0.875000 0.707174 0.031250 0.020498
0 0.209961 0.718887 0.171875 0.027818
0 0.832031 0.732796 0.126953 0.029283
0 0.362305 0.776720 0.482422 0.039531
0 0.175781 0.807467 0.103516 0.026354
0 0.180664 0.832357 0.109375 0.026354
0 0.297363 0.856881 0.350586 0.040264
0 0.689453 0.849927 0.345703 0.032211
0 0.237305 0.916545 0.121094 0.027818
0 0.522461 0.939971 0.214844 0.030747
0 0.437988 0.471816 0.068785 0.032740
0 0.330078 0.916911 0.079371 0.038609
