0 0.453646 0.191406 0.353125 0.026562
0 0.458333 0.225781 0.718750 0.040625
0 0.716146 0.387891 0.238542 0.028906
0 0.216667 0.742188 0.270833 0.040625
0 0.820833 0.725000 0.125000 0.032813
0 0.459375 0.258984 0.362500 0.033594
0 0.764583 0.478125 0.175000 0.037500
0 0.111458 0.497656 0.050000 0.028125
0 0.244271 0.538281 0.321875 0.042188
0 0.098958 0.589844 0.020833 0.025000
0 0.416667 0.581250 0.029167 0.028125
0 0.098958 0.684375 0.020833 0.023438
0 0.453646 0.676562 0.113542 0.043750
0 0.814583 0.667188 0.133333 0.040625
0 0.820312 0.725781 0.136458 0.042188
0 0.483333 0.491016 0.057262 0.034614
0 0.460417 0.578516 0.086627 0.039256
0 0.306250 0.741016 0.105705 0.047510
0 0.391146 0.828125 0.073295 0.039149
