0 0.254340 0.192871 0.241319 0.034180
0 0.609375 0.143555 0.371528 0.021484
0 0.602431 0.167480 0.298611 0.018555
0 0.605035 0.191406 0.307292 0.021484
0 0.350694 0.286133 0.444444 0.021484
0 0.322917 0.450195 0.378472 0.023438
0 0.816840 0.447266 0.112847 0.019531
0 0.256944 0.193359 0.239583 0.041016
0 0.753472 0.283691 0.187500 0.026367
0 0.206597 0.310547 0.149306 0.023438
0 0.209201 0.357422 0.154514 0.027344
0 0.500000 0.358398 0.111111 0.025391
0 0.637153 0.357422 0.041667 0.017578
0 0.197917 0.381836 0.131944 0.025391
0 0.250000 0.404297 0.236111 0.023438
0 0.814236 0.449219 0.114583 0.023438
0 0.815972 0.498047 0.118056 0.023438
0 0.225694 0.523438 0.152778 0.027344
0 0.243056 0.547852 0.222222 0.025391
0 0.496528 0.644531 0.486111 0.027344
0 0.194444 0.748047 0.138889 0.023438
0 0.468750 0.746094 0.368056 0.023438
0 0.765625 0.745117 0.204861 0.025391
0 0.289062 0.922363 0.449653 0.030273
0 0.110243 0.946289 0.095486 0.027344
0 0.330729 0.946289 0.185764 0.025391
0 0.848090 0.670410 0.073701 0.029854
0 0.196181 0.946289 0.096727 0.032862
