0 0.492188 0.194336 0.208333 0.031250
0 0.491536 0.223145 0.256510 0.026367
0 0.628255 0.853516 0.220052 0.023438
0 0.285156 0.608398 0.109375 0.021484
0 0.697266 0.613770 0.082031 0.016602
0 0.490234 0.193359 0.207031 0.027344
0 0.317057 0.314453 0.097656 0.023438
0 0.401042 0.313477 0.028646 0.015625
0 0.455729 0.310547 0.044271 0.017578
0 0.660156 0.307617 0.109375 0.019531
0 0.311198 0.400391 0.122396 0.023438
0 0.570312 0.405273 0.054688 0.015625
0 0.291667 0.420898 0.085938 0.019531
0 0.566406 0.426758 0.057292 0.019531
0 0.692708 0.426758 0.070312 0.019531
0 0.559896 0.475586 0.070312 0.019531
0 0.692708 0.476562 0.070312 0.017578
0 0.437500 0.524414 0.039062 0.015625
0 0.695312 0.526367 0.070312 0.019531
0 0.395833 0.558594 0.028646 0.013672
0 0.315104 0.578125 0.057292 0.023438
0 0.277344 0.608398 0.101562 0.025391
0 0.307292 0.630859 0.161458 0.023438
0 0.494792 0.635742 0.049479 0.019531
0 0.302083 0.702148 0.145833 0.025391
0 0.285156 0.728516 0.122396 0.023438
0 0.726562 0.732422 0.028646 0.017578
0 0.710938 0.758789 0.059896 0.019531
0 0.486979 0.886719 0.156250 0.027344
0 0.259766 0.576172 0.063535 0.029037
