0 0.445312 0.304199 0.226562 0.034180
0 0.447266 0.333008 0.287760 0.039062
0 0.632161 0.665039 0.243490 0.035156
0 0.709635 0.589844 0.083333 0.019531
0 0.236979 0.614746 0.119792 0.026367
0 0.444010 0.304688 0.234375 0.037109
0 0.183594 0.373047 0.041667 0.017578
0 0.457682 0.400391 0.316406 0.050781
0 0.684896 0.414062 0.052083 0.023438
0 0.408854 0.432617 0.049479 0.019531
0 0.515625 0.426758 0.093750 0.025391
0 0.622396 0.419922 0.078125 0.023438
0 0.345052 0.436523 0.036458 0.019531
0 0.648438 0.445312 0.098958 0.027344
0 0.339193 0.463379 0.321615 0.041992
0 0.690104 0.467773 0.083333 0.025391
0 0.535156 0.477539 0.080729 0.025391
0 0.627604 0.501953 0.187500 0.031250
0 0.697917 0.526367 0.083333 0.025391
0 0.397135 0.541992 0.046875 0.019531
0 0.265625 0.638672 0.177083 0.031250
0 0.483073 0.630859 0.059896 0.023438
0 0.247396 0.683594 0.083333 0.027344
0 0.479167 0.702148 0.166667 0.029297
0 0.466146 0.725586 0.408854 0.042969
0 0.547526 0.450684 0.110232 0.030385
0 0.396484 0.486328 0.051681 0.019449
