0 0.700000 0.450000 0.094915 0.018750
0 0.294915 0.459375 0.318644 0.018750
0 0.214407 0.243750 0.205085 0.028125
0 0.497458 0.201953 0.289831 0.024219
0 0.502542 0.217969 0.208475 0.018750
0 0.502542 0.234766 0.283051 0.022656
0 0.302542 0.301172 0.364407 0.022656
0 0.211864 0.242969 0.193220 0.023438
0 0.213559 0.349219 0.071186 0.015625
0 0.467797 0.376563 0.050847 0.014063
0 0.705085 0.371094 0.050847 0.015625
0 0.224576 0.380859 0.201695 0.022656
0 0.155932 0.399219 0.050847 0.015625
0 0.227966 0.412891 0.201695 0.022656
0 0.449153 0.408594 0.094915 0.015625
0 0.711864 0.417969 0.050847 0.015625
0 0.150847 0.431250 0.040678 0.014063
0 0.706780 0.464844 0.054237 0.015625
0 0.568644 0.532813 0.154237 0.021875
0 0.644915 0.565234 0.235593 0.022656
0 0.216949 0.594531 0.142373 0.020313
0 0.364407 0.589063 0.118644 0.021875
0 0.663559 0.596875 0.218644 0.025000
0 0.542373 0.600781 0.050847 0.015625
0 0.594915 0.669141 0.379661 0.028906
0 0.625424 0.719922 0.308475 0.025781
0 0.290678 0.937109 0.449153 0.025781
0 0.244068 0.956250 0.352542 0.021875
0 0.324576 0.490234 0.056303 0.019995
