0 0.677246 0.273077 0.217773 0.023077
0 0.220703 0.704396 0.183594 0.024176
0 0.742188 0.719231 0.097656 0.015385
0 0.593750 0.156593 0.046875 0.016484
0 0.319336 0.334066 0.083984 0.017582
0 0.158203 0.413187 0.035156 0.013187
0 0.419922 0.413736 0.054688 0.014286
0 0.709961 0.412637 0.134766 0.014286
0 0.256348 0.555495 0.276367 0.020879
0 0.547852 0.555769 0.191406 0.022527
0 0.439453 0.641209 0.089844 0.014286
0 0.467773 0.414835 0.045940 0.018594
0 0.257812 0.614286 0.105398 0.022957
0 0.145020 0.748077 0.045355 0.017927
