0 0.346354 0.186523 0.153646 0.031250
0 0.580729 0.137695 0.166667 0.021484
0 0.582682 0.160645 0.214844 0.020508
0 0.582682 0.185059 0.186198 0.022461
0 0.411458 0.270508 0.286458 0.019531
0 0.391927 0.500977 0.247396 0.021484
0 0.714193 0.502441 0.074219 0.016602
0 0.678385 0.268555 0.125000 0.019531
0 0.507812 0.333984 0.078125 0.023438
0 0.345052 0.376953 0.153646 0.023438
0 0.345052 0.418945 0.151042 0.019531
0 0.519531 0.418945 0.072917 0.019531
0 0.345052 0.459961 0.151042 0.019531
0 0.518229 0.459961 0.075521 0.019531
0 0.476562 0.500977 0.070312 0.019531
0 0.716146 0.544922 0.075521 0.017578
0 0.368490 0.648438 0.195312 0.023438
0 0.658203 0.652832 0.191406 0.020508
0 0.650391 0.695312 0.209635 0.027344
0 0.413411 0.542480 0.043254 0.024994
