0 0.229167 0.271973 0.180556 0.034180
0 0.478299 0.229492 0.265625 0.027344
0 0.481771 0.248047 0.217014 0.023438
0 0.486111 0.265137 0.222222 0.026367
0 0.308160 0.334961 0.324653 0.019531
0 0.301215 0.456055 0.282986 0.023438
0 0.662326 0.445312 0.088542 0.021484
0 0.543403 0.247070 0.090278 0.015625
0 0.225694 0.269531 0.173611 0.031250
0 0.439236 0.385742 0.048611 0.019531
0 0.263889 0.409180 0.211806 0.019531
0 0.654514 0.412109 0.083333 0.017578
0 0.246528 0.426758 0.170139 0.015625
0 0.659722 0.446289 0.086806 0.019531
0 0.409722 0.456055 0.059028 0.019531
0 0.664931 0.480469 0.083333 0.017578
0 0.668403 0.498047 0.083333 0.017578
0 0.548611 0.537109 0.131944 0.023438
0 0.326389 0.546875 0.097222 0.023438
0 0.428819 0.542969 0.097222 0.017578
0 0.708333 0.602539 0.045139 0.015625
0 0.260417 0.622559 0.152778 0.024414
0 0.325521 0.673828 0.276042 0.031250
0 0.290799 0.922363 0.453125 0.030273
0 0.110243 0.946289 0.095486 0.027344
0 0.328993 0.946289 0.182292 0.025391
0 0.196181 0.946289 0.096727 0.032862
