0 0.496822 0.171387 0.591102 0.024414
0 0.353814 0.271973 0.576271 0.024414
0 0.413136 0.195801 0.690678 0.024414
0 0.203390 0.579102 0.406780 0.019531
0 0.884534 0.575684 0.184322 0.024414
0 0.216102 0.249023 0.305085 0.031250
0 0.542373 0.250488 0.313559 0.026367
0 0.544492 0.274414 0.190678 0.023438
0 0.095339 0.295898 0.076271 0.019531
0 0.203390 0.352539 0.355932 0.029297
0 0.576271 0.355469 0.135593 0.023438
0 0.156780 0.405273 0.271186 0.025391
0 0.180085 0.433594 0.326271 0.027344
0 0.595339 0.460938 0.114407 0.023438
0 0.139831 0.489258 0.262712 0.025391
0 0.584746 0.487305 0.144068 0.025391
0 0.219280 0.547852 0.430085 0.031250
0 0.463983 0.620117 0.669492 0.037109
0 0.274364 0.936035 0.451271 0.026367
0 0.228814 0.957031 0.355932 0.023438
0 0.195975 0.193848 0.098607 0.029854
