0 0.444010 0.255371 0.440104 0.041992
0 0.445312 0.283203 0.075521 0.023438
0 0.442708 0.307617 0.455729 0.031250
0 0.443359 0.328125 0.173177 0.019531
0 0.352214 0.482422 0.295573 0.023438
0 0.315104 0.689453 0.210938 0.029297
0 0.647786 0.679199 0.115885 0.024414
0 0.621094 0.253906 0.065104 0.027344
0 0.436849 0.283691 0.061198 0.026367
0 0.550781 0.307617 0.062500 0.019531
0 0.468750 0.332031 0.111979 0.017578
0 0.442708 0.350586 0.184896 0.019531
0 0.442708 0.375000 0.270833 0.031250
0 0.444661 0.406250 0.105469 0.023438
0 0.458984 0.433105 0.110677 0.020508
0 0.299479 0.460938 0.059896 0.013672
0 0.319010 0.547852 0.078125 0.015625
0 0.490885 0.543945 0.031250 0.015625
0 0.565104 0.551758 0.033854 0.015625
0 0.268229 0.624023 0.039062 0.015625
0 0.313802 0.691406 0.210938 0.027344
0 0.690104 0.745117 0.028646 0.015625
0 0.457031 0.793945 0.205729 0.025391
0 0.587240 0.836914 0.088542 0.019531
0 0.414714 0.261230 0.051066 0.024695
