0 0.519531 0.341309 0.234375 0.020508
0 0.522786 0.358887 0.485677 0.032227
0 0.689453 0.478027 0.162760 0.022461
0 0.353516 0.776855 0.173177 0.034180
0 0.744141 0.775391 0.084635 0.023438
0 0.343750 0.358398 0.039062 0.019531
0 0.577474 0.388184 0.126302 0.028320
0 0.285156 0.543945 0.031250 0.019531
0 0.505208 0.546875 0.083333 0.023438
0 0.463542 0.576172 0.395833 0.027344
0 0.506510 0.605469 0.070312 0.023438
0 0.742188 0.604492 0.072917 0.025391
0 0.434896 0.640625 0.338542 0.031250
0 0.507812 0.666992 0.067708 0.025391
0 0.747396 0.667969 0.072917 0.023438
0 0.507812 0.732422 0.067708 0.023438
0 0.743490 0.735352 0.085938 0.025391
0 0.320312 0.776367 0.122396 0.035156
0 0.744792 0.774414 0.088542 0.025391
0 0.409505 0.773438 0.071183 0.030859
