0 0.505556 0.206250 0.422222 0.028125
0 0.511111 0.228516 0.322222 0.017969
0 0.666667 0.564844 0.233333 0.020313
0 0.369444 0.498437 0.263889 0.015625
0 0.738194 0.492969 0.079167 0.014063
0 0.302778 0.341797 0.102778 0.014844
0 0.400000 0.339844 0.030556 0.012500
0 0.688889 0.335156 0.119444 0.015625
0 0.584722 0.394531 0.072222 0.015625
0 0.731944 0.450781 0.077778 0.015625
0 0.412500 0.480469 0.033333 0.012500
0 0.736806 0.492969 0.081944 0.020313
0 0.743056 0.538281 0.077778 0.015625
0 0.516667 0.591016 0.294444 0.024219
0 0.292361 0.923828 0.451389 0.032031
0 0.113194 0.947656 0.095833 0.029687
0 0.327778 0.947266 0.186111 0.028906
0 0.197917 0.946875 0.097990 0.032559
