0 0.469618 0.117676 0.123264 0.020508
0 0.518229 0.145508 0.217014 0.037109
0 0.532986 0.176270 0.173611 0.032227
0 0.515625 0.230469 0.576389 0.041016
0 0.281250 0.407227 0.197917 0.023438
0 0.570312 0.406738 0.255208 0.022461
0 0.393229 0.700195 0.383681 0.035156
0 0.861979 0.706543 0.164931 0.024414
0 0.533854 0.177246 0.192708 0.038086
0 0.385417 0.224121 0.319444 0.032227
0 0.521701 0.258789 0.314236 0.029297
0 0.519965 0.287109 0.310764 0.035156
0 0.516493 0.321777 0.484375 0.041992
0 0.272569 0.352539 0.190972 0.025391
0 0.604167 0.353516 0.111111 0.023438
0 0.437500 0.375977 0.201389 0.029297
0 0.600694 0.378906 0.083333 0.025391
0 0.282986 0.408203 0.211806 0.027344
0 0.569444 0.406250 0.263889 0.023438
0 0.270833 0.435547 0.187500 0.027344
0 0.569444 0.433594 0.263889 0.023438
0 0.361111 0.462891 0.368056 0.027344
0 0.342014 0.489258 0.131944 0.019531
0 0.578125 0.489258 0.041667 0.019531
0 0.713542 0.490234 0.086806 0.023438
0 0.229167 0.525391 0.145833 0.023438
0 0.875000 0.556641 0.111111 0.023438
0 0.894097 0.625977 0.076389 0.019531
0 0.368056 0.654297 0.180556 0.027344
0 0.875000 0.659180 0.125000 0.025391
0 0.380208 0.699219 0.368056 0.041016
0 0.864583 0.707031 0.173611 0.031250
0 0.883681 0.766602 0.135417 0.029297
0 0.677083 0.855469 0.145833 0.023438
0 0.589410 0.231934 0.095204 0.028041
0 0.243924 0.589844 0.105386 0.034856
0 0.236979 0.650391 0.101933 0.038824
0 0.716146 0.835938 0.063938 0.023025
