0 0.253472 0.153809 0.177083 0.026367
0 0.517361 0.119141 0.215278 0.015625
0 0.516493 0.135742 0.272569 0.015625
0 0.519965 0.155762 0.213542 0.014648
0 0.328125 0.223145 0.329861 0.018555
0 0.306424 0.344238 0.286458 0.018555
0 0.670139 0.344238 0.090278 0.014648
0 0.248264 0.308594 0.177083 0.015625
0 0.453125 0.311523 0.083333 0.015625
0 0.671875 0.309570 0.083333 0.015625
0 0.675347 0.379883 0.083333 0.015625
0 0.677083 0.416992 0.086806 0.015625
0 0.184028 0.508789 0.045139 0.015625
0 0.289062 0.922363 0.449653 0.030273
0 0.110243 0.946289 0.095486 0.027344
0 0.330729 0.946289 0.185764 0.025391
0 0.196181 0.946289 0.096727 0.032862
