0 0.248535 0.459635 0.018555 0.158854
0 0.270020 0.458333 0.024414 0.223958
0 0.538574 0.645833 0.028320 0.252604
0 0.537109 0.319010 0.023438 0.072917
0 0.497070 0.345052 0.019531 0.031250
0 0.539062 0.342448 0.017578 0.031250
0 0.583008 0.341146 0.019531 0.033854
0 0.783203 0.361979 0.023438 0.046875
0 0.292969 0.410156 0.017578 0.046875
0 0.333008 0.562500 0.019531 0.028646
0 0.354492 0.631510 0.019531 0.166667
0 0.810547 0.599609 0.025391 0.144531
0 0.788086 0.656250 0.019531 0.033854
0 0.436523 0.526693 0.025563 0.058445
