0 0.440755 0.304199 0.154948 0.018555
0 0.440104 0.324219 0.190104 0.019531
0 0.564453 0.892090 0.165365 0.016602
0 0.296224 0.819336 0.089844 0.015625
0 0.619792 0.817383 0.062500 0.013672
0 0.440755 0.305176 0.157552 0.018555
0 0.441406 0.370117 0.216146 0.025391
0 0.410156 0.390625 0.036458 0.013672
0 0.483073 0.389648 0.062500 0.015625
0 0.572917 0.385742 0.085938 0.015625
0 0.396484 0.409668 0.287760 0.020508
0 0.507812 0.423828 0.033854 0.013672
0 0.398438 0.444336 0.033854 0.011719
0 0.501302 0.441406 0.046875 0.013672
0 0.283854 0.447266 0.065104 0.013672
0 0.421875 0.464844 0.343750 0.023438
0 0.398438 0.482422 0.033854 0.013672
0 0.501302 0.481445 0.046875 0.015625
0 0.373047 0.505859 0.248698 0.023438
0 0.401042 0.522461 0.033854 0.011719
0 0.503906 0.520508 0.046875 0.015625
0 0.610677 0.518555 0.046875 0.015625
0 0.386068 0.546387 0.266927 0.020508
0 0.401042 0.563477 0.033854 0.011719
0 0.506510 0.561523 0.046875 0.015625
0 0.611979 0.559570 0.049479 0.015625
0 0.432943 0.585938 0.363281 0.023438
0 0.403646 0.604492 0.033854 0.011719
0 0.502604 0.602539 0.054688 0.015625
0 0.509115 0.644531 0.046875 0.017578
0 0.611979 0.642578 0.059896 0.017578
0 0.404948 0.687500 0.036458 0.013672
0 0.506510 0.686523 0.057292 0.015625
0 0.614583 0.686523 0.059896 0.015625
0 0.406250 0.730469 0.033854 0.013672
0 0.511719 0.730469 0.046875 0.017578
0 0.406250 0.772461 0.033854 0.011719
0 0.513021 0.774414 0.049479 0.015625
0 0.623698 0.772461 0.052083 0.019531
0 0.618490 0.817383 0.067708 0.015625
0 0.621094 0.842773 0.067708 0.015625
0 0.459635 0.865234 0.041667 0.013672
0 0.459635 0.914062 0.114583 0.017578
