0 0.329861 0.203613 0.173611 0.032227
0 0.565104 0.162109 0.220486 0.023438
0 0.568576 0.180664 0.227431 0.021484
0 0.573785 0.198730 0.189236 0.022461
0 0.403646 0.267578 0.307292 0.017578
0 0.397569 0.413086 0.263889 0.023438
0 0.734375 0.404785 0.086806 0.016602
0 0.326389 0.204102 0.166667 0.029297
0 0.276042 0.319336 0.041667 0.015625
0 0.725694 0.374023 0.079861 0.015625
0 0.341146 0.384766 0.161458 0.019531
0 0.732639 0.406250 0.079861 0.017578
0 0.494792 0.413086 0.055556 0.015625
0 0.439236 0.430664 0.055556 0.015625
0 0.736111 0.438477 0.079861 0.015625
0 0.395833 0.497070 0.052083 0.015625
0 0.557292 0.492676 0.256944 0.020508
0 0.654514 0.557617 0.270833 0.019531
0 0.347222 0.565918 0.142361 0.018555
0 0.592882 0.609863 0.286458 0.026367
0 0.763889 0.605469 0.045139 0.013672
0 0.289062 0.922363 0.449653 0.030273
0 0.110243 0.945801 0.095486 0.028320
0 0.330729 0.945312 0.185764 0.027344
0 0.196181 0.946289 0.096727 0.032862
