0 0.285590 0.201172 0.178819 0.025391
0 0.569444 0.157715 0.312500 0.020508
0 0.569444 0.177246 0.284722 0.014648
0 0.568576 0.196289 0.258681 0.017578
0 0.369792 0.273926 0.357639 0.024414
0 0.340278 0.402832 0.302083 0.018555
0 0.736111 0.397949 0.100694 0.016602
0 0.284722 0.201172 0.187500 0.031250
0 0.437500 0.347656 0.128472 0.017578
0 0.284722 0.369141 0.184028 0.017578
0 0.500000 0.366211 0.086806 0.015625
0 0.736111 0.399414 0.093750 0.019531
0 0.263889 0.442383 0.149306 0.019531
0 0.371528 0.442383 0.045139 0.015625
0 0.739583 0.457031 0.093750 0.017578
0 0.748264 0.475586 0.076389 0.019531
0 0.352431 0.498047 0.107639 0.023438
0 0.672743 0.534668 0.234375 0.018555
0 0.666667 0.573242 0.253472 0.019531
0 0.322917 0.657227 0.281250 0.019531
0 0.776042 0.655273 0.048611 0.015625
0 0.392361 0.716309 0.437500 0.024414
0 0.675347 0.716797 0.111111 0.017578
0 0.289062 0.922363 0.449653 0.030273
0 0.110243 0.946289 0.095486 0.027344
0 0.330729 0.946289 0.185764 0.025391
