0 0.466146 0.288086 0.407986 0.019531
0 0.412326 0.312012 0.473958 0.026367
0 0.378472 0.381348 0.395833 0.024414
0 0.305556 0.597656 0.267361 0.017578
0 0.730903 0.585449 0.125000 0.018555
0 0.465278 0.287109 0.402778 0.027344
0 0.407986 0.311523 0.475694 0.029297
0 0.506944 0.357910 0.215278 0.026367
0 0.502604 0.379883 0.144097 0.019531
0 0.439236 0.404297 0.041667 0.017578
0 0.515625 0.403320 0.048611 0.015625
0 0.531250 0.426758 0.093750 0.019531
0 0.260417 0.455078 0.201389 0.027344
0 0.248264 0.478516 0.170139 0.023438
0 0.545139 0.471680 0.072917 0.019531
0 0.744792 0.510742 0.069444 0.019531
0 0.296875 0.599609 0.267361 0.027344
0 0.501736 0.620605 0.354167 0.038086
0 0.289062 0.922363 0.449653 0.030273
0 0.246528 0.946289 0.354167 0.025391
0 0.290799 0.629395 0.072990 0.027820
