0 0.473090 0.285156 0.161458 0.029297
0 0.457465 0.337402 0.498264 0.038086
0 0.255208 0.492188 0.173611 0.021484
0 0.495660 0.496094 0.206597 0.017578
0 0.330729 0.723633 0.331597 0.027344
0 0.736111 0.729004 0.149306 0.022461
0 0.345486 0.332520 0.277778 0.036133
0 0.461806 0.363770 0.270833 0.028320
0 0.459201 0.392090 0.262153 0.032227
0 0.454861 0.423828 0.399306 0.037109
0 0.526042 0.452148 0.090278 0.019531
0 0.201389 0.465820 0.072917 0.019531
0 0.513889 0.473633 0.045139 0.015625
0 0.456597 0.495117 0.138889 0.019531
0 0.571181 0.498047 0.069444 0.017578
0 0.244792 0.514648 0.170139 0.025391
0 0.494792 0.518555 0.215278 0.019531
0 0.317708 0.540039 0.315972 0.025391
0 0.305556 0.561523 0.114583 0.019531
0 0.612847 0.565430 0.069444 0.015625
0 0.177083 0.615234 0.097222 0.023438
0 0.751736 0.617188 0.097222 0.017578
0 0.281250 0.683594 0.236111 0.027344
0 0.322917 0.723633 0.322917 0.035156
0 0.588542 0.778320 0.187500 0.031250
0 0.567708 0.845703 0.135417 0.023438
0 0.569444 0.868164 0.138889 0.025391
0 0.774306 0.874023 0.093750 0.019531
0 0.521701 0.339355 0.088253 0.028041
0 0.213542 0.645508 0.100234 0.034856
