0 0.354818 0.198730 0.222656 0.045898
0 0.354818 0.227051 0.277344 0.045898
0 0.150391 0.556152 0.123698 0.030273
0 0.610677 0.519043 0.098958 0.040039
0 0.581380 0.836914 0.261719 0.039062
0 0.422526 0.197266 0.084635 0.027344
0 0.316406 0.294922 0.208333 0.041016
0 0.582031 0.296875 0.049479 0.023438
0 0.404948 0.317383 0.046875 0.015625
0 0.446615 0.313477 0.039062 0.025391
0 0.154948 0.330078 0.111979 0.023438
0 0.255208 0.326172 0.033854 0.017578
0 0.458333 0.335938 0.109375 0.027344
0 0.225260 0.352539 0.270833 0.035156
0 0.436198 0.363281 0.091146 0.027344
0 0.306641 0.373047 0.048177 0.019531
0 0.348958 0.398438 0.177083 0.031250
0 0.176432 0.407715 0.173177 0.030273
0 0.162760 0.432617 0.143229 0.025391
0 0.580729 0.429688 0.041667 0.023438
0 0.313802 0.452148 0.046875 0.015625
0 0.139323 0.460938 0.106771 0.025391
0 0.136719 0.497070 0.106771 0.025391
0 0.390625 0.568359 0.057292 0.023438
0 0.155599 0.582031 0.139323 0.031250
0 0.145833 0.662109 0.098958 0.027344
0 0.216146 0.690430 0.242188 0.042969
0 0.667969 0.686523 0.039062 0.025391
0 0.164062 0.723633 0.143229 0.029297
0 0.654948 0.721680 0.075521 0.025391
0 0.227865 0.750977 0.122396 0.029297
0 0.197266 0.785156 0.199219 0.041016
0 0.656901 0.788574 0.092448 0.030273
0 0.280599 0.812500 0.207031 0.037109
0 0.140625 0.822266 0.088542 0.029297
0 0.165365 0.867188 0.091146 0.031250
0 0.417969 0.884766 0.182292 0.037109
0 0.473307 0.908691 0.308594 0.043945
0 0.252604 0.924805 0.140625 0.025391
0 0.311198 0.206543 0.137079 0.031463
0 0.466797 0.282227 0.096409 0.035919
0 0.521484 0.303711 0.077246 0.027111
0 0.379557 0.342773 0.053670 0.023563
0 0.457682 0.440918 0.070547 0.029286
0 0.245443 0.576660 0.052138 0.027952
