0 0.328613 0.296852 0.149414 0.032943
0 0.551758 0.262079 0.162109 0.024890
0 0.547363 0.284407 0.225586 0.021230
0 0.547363 0.307101 0.131836 0.019766
0 0.385254 0.376281 0.276367 0.027818
0 0.363770 0.504758 0.243164 0.032943
0 0.658203 0.513543 0.085938 0.021230
0 0.627930 0.401171 0.142578 0.017570
0 0.296387 0.431186 0.092773 0.021962
0 0.457031 0.432650 0.039062 0.019034
0 0.566406 0.435578 0.021484 0.014641
0 0.446289 0.453148 0.099609 0.019034
0 0.625977 0.455344 0.037109 0.017570
0 0.317383 0.469253 0.146484 0.023426
0 0.658203 0.475842 0.082031 0.017570
0 0.658203 0.555637 0.082031 0.019034
0 0.354492 0.590044 0.037109 0.017570
0 0.656250 0.595168 0.082031 0.019034
0 0.328613 0.650073 0.190430 0.026354
0 0.599121 0.654100 0.172852 0.022694
0 0.255859 0.669839 0.050781 0.021962
0 0.490234 0.672767 0.039062 0.021962
0 0.597656 0.696559 0.195312 0.022694
0 0.454102 0.759151 0.308594 0.029283
0 0.240234 0.778917 0.039062 0.017570
0 0.497559 0.434846 0.040815 0.021653
