0 0.320312 0.201172 0.166667 0.037109
0 0.582031 0.152832 0.304688 0.022461
0 0.582682 0.180176 0.233073 0.024414
0 0.580729 0.208496 0.208333 0.022461
0 0.392578 0.298340 0.311198 0.022461
0 0.370443 0.460938 0.256510 0.021484
0 0.721354 0.464355 0.065104 0.014648
0 0.322266 0.202637 0.175781 0.041992
0 0.393229 0.299805 0.317708 0.025391
0 0.677083 0.326172 0.171875 0.023438
0 0.289062 0.368164 0.109375 0.025391
0 0.497396 0.372070 0.083333 0.025391
0 0.593750 0.372070 0.028646 0.019531
0 0.320312 0.416016 0.171875 0.023438
0 0.463542 0.462891 0.078125 0.023438
0 0.723958 0.464844 0.065104 0.017578
0 0.283203 0.529297 0.074219 0.025391
0 0.315104 0.550781 0.156250 0.023438
0 0.381510 0.572266 0.091146 0.023438
0 0.343750 0.619141 0.213542 0.023438
0 0.650391 0.621094 0.204427 0.027344
0 0.643880 0.666016 0.217448 0.029297
0 0.486979 0.730469 0.333333 0.027344
0 0.714844 0.825195 0.041667 0.015625
0 0.712240 0.153809 0.056746 0.031862
0 0.676432 0.181152 0.058073 0.031862
0 0.725911 0.759277 0.050360 0.026043
