0 0.264648 0.509766 0.025391 0.063802
0 0.294922 0.504557 0.037109 0.514323
0 0.317871 0.501953 0.022461 0.194010
0 0.687988 0.651042 0.043945 0.236979
0 0.681152 0.291016 0.032227 0.149740
0 0.752930 0.223958 0.019531 0.033854
0 0.291016 0.378906 0.017578 0.067708
0 0.566406 0.364583 0.017578 0.039062
0 0.432617 0.485677 0.019531 0.130208
0 0.488281 0.486979 0.013672 0.080729
0 0.563477 0.626302 0.015625 0.046875
0 0.627930 0.636068 0.019531 0.074219
0 0.691406 0.645833 0.023438 0.088542
0 0.762695 0.740885 0.019531 0.046875
