0 0.298729 0.353516 0.093220 0.011719
0 0.317797 0.370605 0.144068 0.018555
0 0.548729 0.373535 0.194915 0.012695
0 0.566737 0.389648 0.158898 0.011719
0 0.259534 0.485352 0.061441 0.017578
0 0.472458 0.488770 0.059322 0.016602
0 0.603814 0.491211 0.084746 0.017578
0 0.319915 0.528809 0.190678 0.022461
0 0.551907 0.531250 0.188559 0.021484
0 0.441737 0.314941 0.311441 0.040039
0 0.272246 0.937012 0.455508 0.028320
0 0.096398 0.956543 0.082627 0.018555
0 0.305085 0.958008 0.165254 0.019531
