0 0.434932 0.249306 0.653425 0.073611
0 0.437671 0.306944 0.708219 0.062500
0 0.462329 0.494792 0.686301 0.034028
0 0.505479 0.253125 0.495890 0.072917
0 0.556164 0.343750 0.046575 0.013889
0 0.486301 0.520833 0.101370 0.019444
0 0.502740 0.546528 0.046575 0.018056
0 0.487671 0.761111 0.104110 0.019444
0 0.136986 0.771528 0.054795 0.018056
0 0.136986 0.290278 0.111750 0.028982
0 0.654795 0.307292 0.117611 0.036673
0 0.747945 0.310417 0.103705 0.033167
0 0.460274 0.339583 0.079300 0.020648
0 0.156849 0.468056 0.094237 0.027608
0 0.157534 0.492361 0.090100 0.027608
0 0.452740 0.545486 0.063622 0.022657
