0 0.471398 0.236328 0.637712 0.025391
0 0.484110 0.257324 0.506356 0.022461
0 0.481992 0.354004 0.298729 0.014648
0 0.508475 0.601562 0.165254 0.021484
0 0.763771 0.603027 0.103814 0.016602
0 0.334746 0.236328 0.381356 0.027344
0 0.619703 0.257812 0.243644 0.027344
0 0.519068 0.281250 0.266949 0.023438
0 0.536017 0.335938 0.059322 0.013672
0 0.480932 0.354492 0.076271 0.015625
0 0.221398 0.380371 0.167373 0.018555
0 0.186441 0.420898 0.105932 0.015625
0 0.207627 0.487305 0.156780 0.015625
0 0.764831 0.555664 0.101695 0.015625
0 0.510593 0.575195 0.177966 0.019531
0 0.508475 0.599609 0.186441 0.027344
0 0.519068 0.652344 0.144068 0.017578
0 0.469280 0.744629 0.362288 0.020508
0 0.274364 0.936035 0.451271 0.026367
