0 0.523438 0.216850 0.335938 0.042491
0 0.518066 0.247985 0.686523 0.049084
0 0.760742 0.414286 0.228516 0.025641
0 0.245605 0.737363 0.268555 0.044689
0 0.829590 0.746154 0.124023 0.031502
0 0.520508 0.216484 0.343750 0.040293
0 0.237305 0.239927 0.125000 0.028571
0 0.518555 0.283150 0.349609 0.038828
0 0.758789 0.415385 0.234375 0.029304
0 0.162109 0.487912 0.048828 0.027839
0 0.795898 0.504762 0.167969 0.032234
0 0.217773 0.534066 0.177734 0.036630
0 0.456055 0.542857 0.089844 0.032234
0 0.487305 0.587546 0.123047 0.035165
0 0.825195 0.594872 0.126953 0.035165
0 0.828613 0.687546 0.127930 0.038828
0 0.831055 0.746520 0.130859 0.036630
0 0.338379 0.245788 0.086708 0.034249
0 0.357910 0.540293 0.115924 0.047501
0 0.157715 0.735165 0.121600 0.053364
0 0.332520 0.738095 0.107926 0.050417
0 0.409668 0.827839 0.072451 0.035663
