0 0.450195 0.033242 0.236328 0.029121
0 0.449219 0.053297 0.337891 0.041758
0 0.666504 0.138736 0.225586 0.036813
0 0.175781 0.697253 0.201172 0.019780
0 0.738770 0.704670 0.092773 0.022527
0 0.394531 0.039560 0.125000 0.017582
0 0.891602 0.102747 0.025391 0.014286
0 0.467773 0.127473 0.062500 0.020879
0 0.250977 0.242857 0.283203 0.017582
0 0.123047 0.301648 0.039062 0.016484
0 0.221191 0.336813 0.243164 0.021978
0 0.745117 0.347802 0.074219 0.019780
0 0.425781 0.361538 0.066406 0.015385
0 0.424805 0.422527 0.068359 0.016484
0 0.745117 0.413462 0.078125 0.022527
0 0.423828 0.484615 0.070312 0.017582
0 0.747559 0.479396 0.075195 0.021429
0 0.421875 0.547253 0.070312 0.017582
0 0.750977 0.547253 0.072266 0.017582
0 0.206055 0.584066 0.261719 0.024176
0 0.750977 0.615385 0.072266 0.017582
0 0.739258 0.651648 0.097656 0.020879
0 0.171387 0.697527 0.206055 0.021429
0 0.738281 0.706044 0.103516 0.027473
0 0.739258 0.732418 0.097656 0.021978
0 0.111328 0.747802 0.083984 0.019780
0 0.739258 0.759890 0.097656 0.021978
0 0.509766 0.031593 0.117158 0.027182
0 0.484863 0.053846 0.056961 0.018205
0 0.446777 0.077473 0.151608 0.032422
0 0.984375 0.081044 0.032377 0.034446
0 0.912109 0.084615 0.059290 0.039508
0 0.705566 0.133791 0.152716 0.027180
0 0.406250 0.133242 0.067947 0.022694
0 0.677246 0.287637 0.090553 0.023298
