0 0.489583 0.013672 0.294271 0.021484
0 0.484375 0.038574 0.372396 0.020508
0 0.184245 0.687988 0.183594 0.032227
0 0.808594 0.689941 0.135417 0.028320
0 0.490885 0.107422 0.416667 0.037109
0 0.199219 0.142090 0.143229 0.028320
0 0.334635 0.140625 0.044271 0.023438
0 0.425781 0.140625 0.070312 0.023438
0 0.747396 0.141602 0.166667 0.025391
0 0.803385 0.206055 0.106771 0.025391
0 0.398438 0.283203 0.062500 0.023438
0 0.596354 0.286133 0.109375 0.029297
0 0.804688 0.286133 0.109375 0.029297
0 0.373698 0.328125 0.539062 0.031250
0 0.604167 0.365234 0.088542 0.027344
0 0.816406 0.364258 0.091146 0.029297
0 0.596354 0.443359 0.109375 0.027344
0 0.811198 0.442383 0.111979 0.029297
0 0.397135 0.599609 0.065104 0.023438
0 0.604167 0.601562 0.093750 0.027344
0 0.807292 0.602539 0.109375 0.029297
0 0.157552 0.651367 0.140625 0.041016
0 0.334635 0.655273 0.044271 0.025391
0 0.214193 0.689453 0.092448 0.039062
0 0.494792 0.729492 0.078125 0.029297
0 0.162760 0.784180 0.117188 0.029297
0 0.369792 0.788086 0.234375 0.029297
0 0.257812 0.822754 0.304688 0.038086
0 0.188802 0.855957 0.169271 0.030273
0 0.835938 0.853516 0.041667 0.023438
0 0.227865 0.888672 0.231771 0.031250
0 0.813802 0.891602 0.085938 0.029297
0 0.229818 0.927246 0.235677 0.036133
0 0.286458 0.964355 0.343750 0.047852
0 0.805990 0.967773 0.106771 0.029297
0 0.781250 0.523438 0.059001 0.032862
0 0.132161 0.686035 0.094407 0.043675
