0 0.506944 0.405078 0.447222 0.038281
0 0.441667 0.434375 0.516667 0.042188
0 0.324306 0.653906 0.279167 0.029687
0 0.795139 0.632031 0.131944 0.028125
0 0.595833 0.428125 0.222222 0.037500
0 0.325000 0.467187 0.280556 0.029687
0 0.303472 0.493359 0.237500 0.033594
0 0.461111 0.487500 0.061111 0.018750
0 0.578472 0.482422 0.187500 0.032031
0 0.545139 0.505859 0.165278 0.028906
0 0.475000 0.535937 0.038889 0.018750
0 0.557639 0.531641 0.059722 0.021094
0 0.654167 0.528906 0.044444 0.015625
0 0.254861 0.544531 0.137500 0.023438
0 0.390278 0.567187 0.086111 0.021875
0 0.581944 0.559375 0.102778 0.021875
0 0.259722 0.574609 0.177778 0.028906
0 0.252778 0.600781 0.163889 0.028125
0 0.366667 0.623047 0.225000 0.028906
0 0.751389 0.634375 0.047222 0.021875
0 0.425000 0.649219 0.077778 0.020313
0 0.318056 0.689844 0.075000 0.023438
0 0.429861 0.682422 0.165278 0.035156
0 0.292361 0.923828 0.451389 0.032031
0 0.113194 0.947656 0.095833 0.029687
0 0.327778 0.946484 0.183333 0.025781
0 0.342361 0.652344 0.083392 0.024065
