0 0.334635 0.223145 0.078125 0.018555
0 0.589193 0.221680 0.050781 0.017578
0 0.323568 0.243652 0.058594 0.016602
0 0.529297 0.242676 0.170573 0.018555
0 0.336589 0.382324 0.071615 0.016602
0 0.556641 0.377441 0.131510 0.018555
0 0.375000 0.818359 0.125000 0.017578
0 0.621745 0.811035 0.037760 0.020508
0 0.560547 0.833984 0.149740 0.017578
0 0.585938 0.530273 0.054688 0.019531
0 0.417969 0.553711 0.046875 0.019531
0 0.621094 0.812500 0.033854 0.023438
0 0.549479 0.833984 0.125000 0.023438
0 0.246094 0.928711 0.354167 0.041016
