0 0.416667 0.189941 0.250000 0.014648
0 0.329861 0.436523 0.079861 0.011719
0 0.601562 0.434570 0.088542 0.011719
0 0.607639 0.328125 0.065972 0.013672
0 0.611111 0.387695 0.065972 0.011719
0 0.612847 0.423828 0.062500 0.013672
0 0.309028 0.438477 0.038194 0.011719
0 0.319444 0.506836 0.065972 0.011719
0 0.614583 0.503906 0.065972 0.013672
0 0.319444 0.517578 0.065972 0.013672
0 0.319444 0.529297 0.065972 0.013672
0 0.625000 0.563477 0.059028 0.011719
0 0.375000 0.769531 0.190972 0.013672
0 0.290799 0.922363 0.453125 0.030273
0 0.111979 0.946289 0.092014 0.027344
0 0.330729 0.945312 0.185764 0.027344
0 0.196181 0.946289 0.096727 0.032862
