0 0.423611 0.204102 0.493056 0.027344
0 0.353299 0.237305 0.578125 0.035156
0 0.302083 0.325684 0.475694 0.024414
0 0.195312 0.476074 0.300347 0.026367
0 0.710069 0.475098 0.135417 0.022461
0 0.189236 0.298828 0.253472 0.023438
0 0.461806 0.296875 0.263889 0.029297
0 0.454861 0.323242 0.180556 0.025391
0 0.132812 0.355469 0.147569 0.027344
0 0.166667 0.415039 0.083333 0.025391
0 0.156250 0.441406 0.236111 0.023438
0 0.755208 0.441406 0.052083 0.023438
0 0.289062 0.922363 0.449653 0.030273
0 0.110243 0.945801 0.095486 0.028320
0 0.330729 0.945312 0.185764 0.027344
0 0.313368 0.442871 0.098535 0.031862
0 0.196181 0.946289 0.096727 0.032862
