0 0.430339 0.266602 0.285156 0.033203
0 0.425781 0.306641 0.361979 0.039062
0 0.621745 0.741211 0.303385 0.029297
0 0.121745 0.651367 0.160156 0.029297
0 0.722656 0.650391 0.119792 0.029297
0 0.428385 0.268066 0.291667 0.040039
0 0.365885 0.303711 0.111979 0.029297
0 0.078125 0.322266 0.057292 0.023438
0 0.428385 0.389648 0.398438 0.048828
0 0.104167 0.419922 0.062500 0.027344
0 0.285156 0.426758 0.044271 0.025391
0 0.372396 0.429688 0.067708 0.027344
0 0.669271 0.428711 0.156250 0.025391
0 0.346354 0.494141 0.062500 0.023438
0 0.527344 0.499023 0.101562 0.029297
0 0.332031 0.535645 0.557292 0.036133
0 0.343750 0.569336 0.059896 0.019531
0 0.518229 0.570312 0.119792 0.031250
0 0.156250 0.685547 0.239583 0.031250
0 0.433594 0.689453 0.070312 0.027344
0 0.427083 0.786133 0.216146 0.039062
0 0.402344 0.817383 0.536458 0.035156
0 0.132161 0.905273 0.264323 0.136719
0 0.277344 0.300781 0.075215 0.036843
0 0.180990 0.425293 0.098574 0.043675
