0 0.314236 0.205566 0.173611 0.024414
0 0.579861 0.160156 0.190972 0.017578
0 0.581597 0.180176 0.246528 0.018555
0 0.582465 0.198242 0.210069 0.019531
0 0.392361 0.272949 0.329861 0.020508
0 0.371528 0.431641 0.284722 0.017578
0 0.733507 0.426270 0.105903 0.014648
0 0.314236 0.206055 0.177083 0.029297
0 0.505208 0.325195 0.083333 0.015625
0 0.320312 0.363770 0.175347 0.020508
0 0.519097 0.360352 0.083333 0.015625
0 0.737847 0.356445 0.083333 0.015625
0 0.390625 0.380859 0.055556 0.013672
0 0.506944 0.377930 0.135417 0.015625
0 0.320312 0.398438 0.175347 0.019531
0 0.520833 0.395508 0.086806 0.015625
0 0.741319 0.390625 0.083333 0.017578
0 0.736111 0.426758 0.100694 0.015625
0 0.303819 0.487305 0.111111 0.015625
0 0.739583 0.481445 0.100694 0.015625
0 0.284722 0.504883 0.072917 0.015625
0 0.387153 0.539062 0.100694 0.023438
0 0.732639 0.571289 0.121528 0.015625
0 0.679688 0.608887 0.234375 0.020508
0 0.260417 0.745117 0.045139 0.015625
0 0.321181 0.745117 0.055556 0.015625
0 0.494792 0.743164 0.270833 0.019531
0 0.290799 0.922363 0.453125 0.030273
0 0.110243 0.945801 0.095486 0.028320
0 0.330729 0.945312 0.185764 0.027344
0 0.377604 0.612793 0.075852 0.020266
0 0.421007 0.723633 0.055019 0.019861
0 0.196181 0.946289 0.096727 0.032862
