0 0.496745 0.284180 0.253906 0.021484
0 0.492839 0.312500 0.316406 0.023438
0 0.663411 0.858887 0.287760 0.020508
0 0.177734 0.752930 0.154948 0.027344
0 0.784505 0.759766 0.100260 0.021484
0 0.445312 0.282227 0.153646 0.023438
0 0.576823 0.283203 0.091146 0.023438
0 0.496094 0.382324 0.354167 0.036133
0 0.363281 0.410156 0.039062 0.023438
0 0.438802 0.412109 0.059896 0.023438
0 0.561198 0.414062 0.106771 0.023438
0 0.710938 0.412109 0.145833 0.023438
0 0.464844 0.437500 0.596354 0.031250
0 0.415365 0.465820 0.036458 0.015625
0 0.578125 0.466797 0.098958 0.027344
0 0.483073 0.498047 0.658854 0.031250
0 0.229167 0.524414 0.171875 0.031250
0 0.592448 0.529297 0.080729 0.023438
0 0.194010 0.552734 0.122396 0.027344
0 0.591146 0.559570 0.083333 0.025391
0 0.295573 0.592773 0.330729 0.029297
0 0.399740 0.625977 0.057292 0.019531
0 0.592448 0.630859 0.085938 0.027344
0 0.208333 0.673828 0.052083 0.027344
0 0.181641 0.708008 0.167969 0.041016
0 0.210938 0.754883 0.062500 0.029297
0 0.218750 0.783203 0.223958 0.027344
0 0.485677 0.790039 0.070312 0.025391
0 0.451823 0.882324 0.130208 0.020508
0 0.251302 0.894531 0.041667 0.013672
0 0.305990 0.894531 0.057292 0.013672
0 0.394531 0.895508 0.031250 0.011719
0 0.272786 0.408691 0.081836 0.035850
0 0.501953 0.595703 0.084259 0.034856
0 0.143229 0.753418 0.095948 0.043675
