0 0.333984 0.337891 0.162760 0.029297
0 0.561198 0.288086 0.242188 0.019531
0 0.557943 0.312500 0.199219 0.019531
0 0.559896 0.334961 0.197917 0.021484
0 0.396484 0.422363 0.282552 0.018555
0 0.379557 0.561523 0.235677 0.019531
0 0.692708 0.561523 0.072917 0.017578
0 0.613932 0.312988 0.087240 0.026367
0 0.654948 0.416992 0.119792 0.019531
0 0.300781 0.442383 0.093750 0.019531
0 0.649740 0.437012 0.153646 0.024414
0 0.678385 0.478516 0.075521 0.023438
0 0.292969 0.502930 0.072917 0.019531
0 0.330078 0.522949 0.152344 0.026367
0 0.503906 0.521484 0.067708 0.017578
0 0.690104 0.520508 0.075521 0.019531
0 0.317708 0.625000 0.098958 0.023438
0 0.695312 0.624023 0.075521 0.019531
0 0.324219 0.752930 0.125000 0.019531
0 0.304688 0.816406 0.098958 0.023438
0 0.473958 0.813477 0.226562 0.019531
0 0.661458 0.815430 0.132812 0.019531
