0 0.470052 0.158691 0.276042 0.022461
0 0.464193 0.192383 0.347656 0.023438
0 0.672526 0.946289 0.298177 0.029297
0 0.198568 0.627441 0.152344 0.028320
0 0.743490 0.619141 0.122396 0.029297
0 0.466146 0.160156 0.270833 0.023438
0 0.147135 0.226562 0.054688 0.023438
0 0.212891 0.313477 0.134115 0.031250
0 0.333333 0.310547 0.041667 0.023438
0 0.411458 0.310547 0.062500 0.023438
0 0.540365 0.313477 0.106771 0.029297
0 0.692708 0.311523 0.145833 0.025391
0 0.569010 0.375977 0.075521 0.025391
0 0.188802 0.406250 0.117188 0.023438
0 0.295573 0.406250 0.039062 0.023438
0 0.566406 0.409180 0.075521 0.025391
0 0.736979 0.407227 0.093750 0.025391
0 0.369792 0.445312 0.479167 0.027344
0 0.213542 0.476562 0.166667 0.031250
0 0.570312 0.475586 0.078125 0.025391
0 0.188802 0.509766 0.117188 0.027344
0 0.295573 0.507812 0.039062 0.023438
0 0.393229 0.507812 0.054688 0.017578
0 0.569010 0.508789 0.075521 0.025391
0 0.739583 0.506836 0.093750 0.025391
0 0.180990 0.553711 0.125000 0.035156
0 0.339844 0.555664 0.036458 0.019531
0 0.193359 0.584961 0.154948 0.035156
0 0.740885 0.579102 0.111979 0.025391
0 0.746094 0.621094 0.111979 0.027344
0 0.227214 0.657227 0.217448 0.035156
0 0.476562 0.657227 0.062500 0.025391
0 0.746094 0.656250 0.111979 0.027344
0 0.367188 0.712402 0.208333 0.028320
0 0.263021 0.750488 0.273438 0.043945
0 0.200521 0.788086 0.156250 0.029297
0 0.789062 0.780273 0.036458 0.025391
0 0.769531 0.817383 0.080729 0.025391
0 0.326823 0.894531 0.234375 0.041016
0 0.768229 0.892578 0.098958 0.027344
