0 0.256944 0.242676 0.177083 0.024414
0 0.512153 0.195312 0.270833 0.021484
0 0.513889 0.214844 0.225694 0.021484
0 0.513021 0.234375 0.220486 0.023438
0 0.342014 0.304688 0.322917 0.023438
0 0.335069 0.426270 0.281250 0.026367
0 0.690972 0.415527 0.090278 0.016602
0 0.454861 0.254883 0.038194 0.015625
0 0.253472 0.377930 0.059028 0.019531
0 0.473958 0.389648 0.083333 0.015625
0 0.275174 0.396484 0.178819 0.025391
0 0.696181 0.451172 0.083333 0.017578
0 0.699653 0.467773 0.083333 0.015625
0 0.737847 0.572266 0.041667 0.013672
0 0.288194 0.589844 0.152778 0.023438
0 0.290799 0.922363 0.453125 0.030273
0 0.111979 0.946289 0.092014 0.027344
0 0.330729 0.945312 0.185764 0.027344
0 0.610243 0.506348 0.072154 0.020418
0 0.196181 0.946289 0.096668 0.032862
