0 0.457639 0.356641 0.415278 0.021094
0 0.395833 0.381250 0.491667 0.021875
0 0.354861 0.454688 0.409722 0.020313
0 0.263889 0.583984 0.266667 0.021094
0 0.709722 0.578125 0.122222 0.017188
0 0.281944 0.409375 0.263889 0.021875
0 0.259028 0.432422 0.218056 0.022656
0 0.491667 0.430469 0.222222 0.020313
0 0.487500 0.452344 0.152778 0.020313
0 0.420833 0.478125 0.041667 0.018750
0 0.588889 0.476562 0.036111 0.014063
0 0.184722 0.505469 0.113889 0.020313
0 0.712500 0.500781 0.113889 0.020313
0 0.199306 0.530469 0.156944 0.028125
0 0.437500 0.529687 0.016667 0.017188
0 0.706944 0.525781 0.119444 0.020313
0 0.269444 0.554688 0.283333 0.021875
0 0.747222 0.550781 0.044444 0.020313
0 0.436111 0.614062 0.441667 0.032813
0 0.292361 0.923047 0.451389 0.030469
0 0.113889 0.947656 0.088889 0.023438
0 0.329167 0.946484 0.186111 0.025781
0 0.281944 0.357812 0.073491 0.024312
0 0.164583 0.584375 0.087072 0.027884
