0 0.430176 0.180220 0.184570 0.014652
0 0.374023 0.203663 0.085938 0.020513
0 0.501953 0.205861 0.156250 0.014652
0 0.488281 0.319414 0.158203 0.023443
0 0.360840 0.804396 0.258789 0.020513
0 0.388672 0.226740 0.093750 0.021245
0 0.489258 0.233333 0.093750 0.012454
0 0.556641 0.230403 0.031250 0.015385
0 0.623047 0.327473 0.078125 0.014652
0 0.604492 0.802930 0.111328 0.020513
0 0.554688 0.205861 0.052734 0.014652
0 0.369141 0.215385 0.021484 0.013187
0 0.515625 0.219048 0.097656 0.019048
0 0.300781 0.226374 0.025391 0.014652
0 0.499023 0.232967 0.115234 0.017582
0 0.347656 0.265201 0.046875 0.017582
0 0.388672 0.268132 0.021484 0.013187
0 0.465820 0.273993 0.023438 0.010256
0 0.624023 0.267399 0.023438 0.011722
0 0.275391 0.288645 0.025391 0.013187
0 0.414551 0.284982 0.071289 0.014652
0 0.596680 0.282051 0.023438 0.011722
0 0.331543 0.291575 0.077148 0.017582
0 0.416992 0.296703 0.082031 0.014652
0 0.482422 0.301099 0.033203 0.011722
0 0.560547 0.299634 0.041016 0.011722
0 0.335938 0.309890 0.025391 0.014652
0 0.427734 0.315018 0.046875 0.017582
0 0.627930 0.311355 0.042969 0.014652
0 0.344727 0.323077 0.042969 0.014652
0 0.469727 0.330403 0.023438 0.011722
0 0.598633 0.328205 0.031250 0.013187
0 0.332520 0.343223 0.159180 0.030037
0 0.557617 0.335531 0.023438 0.013187
0 0.590820 0.337729 0.031250 0.011722
0 0.341797 0.406593 0.046875 0.019048
0 0.625977 0.403663 0.095703 0.021978
0 0.343750 0.421245 0.193359 0.032234
0 0.499023 0.430037 0.111328 0.021978
0 0.311523 0.453846 0.087891 0.024176
0 0.471680 0.444689 0.099609 0.021978
0 0.328613 0.471062 0.163086 0.029304
0 0.475586 0.476923 0.048828 0.019048
0 0.585938 0.480586 0.046875 0.017582
0 0.641602 0.482784 0.052734 0.019048
0 0.468750 0.492308 0.097656 0.020513
0 0.309570 0.504762 0.083984 0.021978
0 0.324219 0.520147 0.160156 0.023443
0 0.652344 0.545055 0.027344 0.017582
0 0.616211 0.576557 0.095703 0.019048
0 0.595703 0.623443 0.140625 0.021978
0 0.459961 0.671062 0.099609 0.020513
0 0.615234 0.672527 0.097656 0.020513
0 0.458008 0.704029 0.099609 0.021978
0 0.353516 0.722344 0.242188 0.023443
0 0.441406 0.736996 0.070312 0.020513
0 0.612305 0.737729 0.099609 0.019048
0 0.357422 0.753846 0.253906 0.021978
0 0.530273 0.753114 0.080078 0.020513
0 0.360352 0.804762 0.263672 0.022711
0 0.606445 0.803663 0.111328 0.019048
0 0.616211 0.819780 0.025391 0.019048
0 0.354492 0.850549 0.257812 0.026374
0 0.082031 0.869963 0.164062 0.085714
0 0.453125 0.884249 0.037109 0.014652
0 0.281250 0.907692 0.074219 0.021978
0 0.400391 0.903297 0.042969 0.021978
0 0.448242 0.901099 0.029297 0.020513
0 0.570801 0.242125 0.122519 0.026901
0 0.511230 0.280220 0.061503 0.019537
0 0.284668 0.308791 0.049702 0.019537
0 0.576660 0.310623 0.055609 0.017273
0 0.282715 0.316484 0.051694 0.021783
0 0.545410 0.322711 0.049663 0.021036
0 0.402832 0.325275 0.059442 0.021783
0 0.550293 0.356044 0.049642 0.020287
0 0.292480 0.402564 0.045542 0.023902
0 0.428223 0.473993 0.041345 0.023150
0 0.530762 0.479487 0.063248 0.025401
0 0.349121 0.905128 0.054277 0.025131
