0 0.335286 0.168457 0.178385 0.036133
0 0.608724 0.122559 0.246094 0.032227
0 0.610026 0.148926 0.253906 0.032227
0 0.606771 0.178223 0.210938 0.030273
0 0.409505 0.270020 0.334635 0.032227
0 0.373698 0.459473 0.289062 0.036133
0 0.733724 0.472656 0.108073 0.023438
0 0.537760 0.148438 0.117188 0.027344
0 0.691406 0.153320 0.080729 0.025391
0 0.335286 0.168457 0.180990 0.043945
0 0.687500 0.179688 0.046875 0.023438
0 0.404948 0.270508 0.333333 0.035156
0 0.699870 0.303711 0.178385 0.027344
0 0.260417 0.338867 0.046875 0.025391
0 0.611979 0.352539 0.028646 0.019531
0 0.625000 0.375977 0.135417 0.025391
0 0.292969 0.388672 0.111979 0.023438
0 0.320964 0.413086 0.175781 0.031250
0 0.513021 0.420898 0.091146 0.019531
0 0.730469 0.426758 0.096354 0.025391
0 0.723958 0.521484 0.098958 0.023438
0 0.298177 0.531250 0.111979 0.027344
0 0.277344 0.554688 0.075521 0.023438
0 0.246094 0.672852 0.049479 0.025391
0 0.591146 0.705078 0.109375 0.023438
0 0.698568 0.708496 0.123698 0.028320
0 0.730469 0.803711 0.041667 0.019531
0 0.455729 0.862305 0.260417 0.025391
0 0.318359 0.341309 0.065955 0.029854
0 0.417318 0.652344 0.065955 0.030859
