0 0.710449 0.065520 0.522461 0.103221
0 0.714355 0.112372 0.342773 0.046120
0 0.711914 0.132138 0.408203 0.057833
0 0.770020 0.307101 0.331055 0.047584
0 0.563477 0.566252 0.320312 0.041728
0 0.851074 0.577233 0.133789 0.041728
0 0.811035 0.043924 0.073242 0.026354
0 0.645020 0.059663 0.155273 0.030015
0 0.470703 0.072474 0.031250 0.021962
0 0.506836 0.077599 0.029297 0.017570
0 0.846191 0.069912 0.190430 0.030015
0 0.769531 0.091508 0.095703 0.026354
0 0.896973 0.097365 0.108398 0.026354
0 0.663086 0.109078 0.226562 0.032211
0 0.522461 0.123719 0.019531 0.017570
0 0.569824 0.127013 0.051758 0.027086
0 0.574707 0.151537 0.084961 0.027818
0 0.850586 0.144217 0.117188 0.026354
0 0.877930 0.170571 0.027344 0.014641
0 0.716309 0.231698 0.106445 0.031479
0 0.836426 0.239019 0.104492 0.031479
0 0.988281 0.232064 0.021484 0.014641
0 0.524414 0.295022 0.033203 0.021962
0 0.583984 0.322474 0.310547 0.041728
0 0.982422 0.350659 0.027344 0.019034
0 0.637695 0.448023 0.041016 0.023426
0 0.533691 0.514275 0.073242 0.027086
0 0.600586 0.517570 0.033203 0.021962
0 0.639160 0.568448 0.143555 0.030015
0 0.849609 0.580893 0.119141 0.027086
0 0.554199 0.637994 0.133789 0.030015
0 0.965820 0.666911 0.033203 0.021962
0 0.416992 0.705710 0.041016 0.020498
0 0.803711 0.724744 0.025391 0.023426
0 0.436523 0.829429 0.056641 0.021962
0 0.693848 0.838946 0.102539 0.023426
0 0.417969 0.901903 0.054688 0.020498
0 0.589844 0.908492 0.029297 0.014641
0 0.486328 0.027452 0.064320 0.031327
0 0.651855 0.034773 0.049343 0.026874
0 0.743652 0.042094 0.067180 0.031327
0 0.884277 0.048316 0.078898 0.033482
0 0.541016 0.054539 0.054341 0.029846
0 0.549316 0.077965 0.051408 0.025382
0 0.689941 0.088946 0.065190 0.031327
0 0.615723 0.131406 0.051514 0.028362
0 0.750488 0.140190 0.073141 0.031327
0 0.467773 0.292826 0.077916 0.033482
0 0.437988 0.561127 0.067029 0.034224
0 0.535645 0.564056 0.063248 0.028362
0 0.496582 0.588214 0.067029 0.032740
0 0.599121 0.592606 0.075069 0.029846
0 0.672363 0.596999 0.073108 0.029846
0 0.442871 0.634700 0.092611 0.034964
0 0.657715 0.644583 0.073141 0.028362
0 0.521973 0.710835 0.063166 0.027619
0 0.534668 0.834553 0.063272 0.029104
0 0.450195 0.928258 0.064255 0.029104
