0 0.506356 0.139648 0.186441 0.021484
0 0.498941 0.165039 0.680085 0.025391
0 0.508475 0.186035 0.533898 0.022461
0 0.515890 0.287109 0.319915 0.015625
0 0.556144 0.598633 0.184322 0.021484
0 0.832627 0.597656 0.114407 0.015625
0 0.548729 0.210938 0.283898 0.023438
0 0.512712 0.288086 0.080508 0.015625
0 0.593220 0.288086 0.046610 0.015625
0 0.239407 0.317383 0.177966 0.019531
0 0.173729 0.359375 0.055085 0.017578
0 0.211864 0.405273 0.122881 0.019531
0 0.786017 0.402344 0.169492 0.017578
0 0.817797 0.452148 0.105932 0.019531
0 0.230932 0.479492 0.177966 0.019531
0 0.826271 0.544922 0.105932 0.017578
0 0.604873 0.600098 0.103814 0.024414
0 0.828390 0.596680 0.110169 0.019531
0 0.523305 0.742188 0.385593 0.023438
0 0.274364 0.936035 0.451271 0.026367
