0 0.513184 0.375915 0.243164 0.024158
0 0.514160 0.404832 0.190430 0.013177
0 0.536133 0.476208 0.041016 0.010981
0 0.646484 0.475842 0.070312 0.011713
0 0.380371 0.493411 0.055664 0.011713
0 0.437500 0.493045 0.033203 0.012445
0 0.539551 0.491581 0.043945 0.013909
0 0.662598 0.491947 0.032227 0.010249
0 0.417480 0.575037 0.124023 0.015373
0 0.648438 0.575037 0.050781 0.013909
0 0.513672 0.377013 0.251953 0.032211
0 0.514648 0.418009 0.125000 0.014641
0 0.513672 0.438507 0.171875 0.021962
0 0.361328 0.463397 0.021484 0.011713
0 0.458984 0.463397 0.021484 0.011713
0 0.549805 0.460469 0.074219 0.014641
0 0.375000 0.478038 0.048828 0.011713
0 0.535156 0.476574 0.044922 0.014641
0 0.380859 0.494143 0.056641 0.011713
0 0.438477 0.492679 0.035156 0.011713
0 0.539062 0.492679 0.048828 0.011713
0 0.663086 0.491215 0.035156 0.011713
0 0.386719 0.510249 0.068359 0.011713
0 0.438477 0.527818 0.054688 0.011713
0 0.414062 0.544656 0.080078 0.010249
0 0.524414 0.544656 0.027344 0.010249
0 0.581055 0.544656 0.042969 0.010249
0 0.660156 0.543924 0.044922 0.011713
0 0.382812 0.616398 0.048828 0.010249
0 0.422852 0.648243 0.082031 0.015373
0 0.425781 0.692533 0.064453 0.010249
0 0.501953 0.691801 0.068359 0.011713
