0 0.485169 0.160156 0.177966 0.021484
0 0.476695 0.183594 0.656780 0.025391
0 0.489407 0.205566 0.516949 0.022461
0 0.492585 0.301758 0.307203 0.013672
0 0.540254 0.552734 0.169492 0.015625
0 0.804025 0.550293 0.095339 0.012695
0 0.511653 0.576660 0.230932 0.016602
0 0.559322 0.602539 0.144068 0.017578
0 0.808263 0.575195 0.095339 0.013672
0 0.848517 0.600586 0.019068 0.011719
0 0.836864 0.524902 0.021186 0.012695
0 0.797669 0.501465 0.095339 0.014648
0 0.539195 0.525879 0.171610 0.014648
0 0.502119 0.503418 0.237288 0.016602
0 0.331568 0.628906 0.396186 0.021484
0 0.508475 0.675293 0.343220 0.016602
0 0.510593 0.699219 0.368644 0.019531
0 0.192797 0.462891 0.093220 0.013672
0 0.282839 0.439941 0.281780 0.016602
0 0.200212 0.416992 0.125000 0.017578
0 0.566737 0.415039 0.040254 0.013672
0 0.755297 0.414062 0.158898 0.015625
0 0.792373 0.459473 0.105932 0.016602
0 0.194915 0.372070 0.105932 0.017578
0 0.180085 0.350586 0.072034 0.015625
0 0.227754 0.330078 0.171610 0.017578
0 0.491525 0.281738 0.567797 0.018555
0 0.489407 0.261230 0.343220 0.016602
0 0.488347 0.229004 0.349576 0.020508
0 0.626059 0.205078 0.247881 0.027344
0 0.546610 0.283203 0.063559 0.013672
0 0.493644 0.302734 0.076271 0.013672
0 0.197034 0.372070 0.110169 0.015625
0 0.794492 0.500977 0.110169 0.019531
0 0.540254 0.527344 0.177966 0.017578
0 0.492585 0.551758 0.095339 0.025391
0 0.807203 0.575195 0.101695 0.019531
0 0.274364 0.936035 0.451271 0.026367
0 0.272246 0.330566 0.086571 0.022011
