0 0.487793 0.571376 0.573242 0.422401
0 0.566406 0.479502 0.066406 0.021962
0 0.723145 0.485725 0.116211 0.024158
0 0.294434 0.762811 0.163086 0.036603
0 0.728516 0.768302 0.134766 0.031479
0 0.405762 0.371523 0.176758 0.031479
0 0.539062 0.378477 0.062500 0.021962
0 0.653320 0.379941 0.044922 0.019034
0 0.699219 0.382870 0.052734 0.026354
0 0.754883 0.383602 0.033203 0.017570
0 0.529297 0.404832 0.158203 0.026354
0 0.508789 0.430454 0.298828 0.035139
0 0.554688 0.456076 0.042969 0.019034
0 0.727539 0.463397 0.115234 0.021962
0 0.253906 0.475110 0.058594 0.019034
0 0.569336 0.482430 0.074219 0.026354
0 0.724609 0.485359 0.117188 0.021962
0 0.480469 0.501464 0.062500 0.021962
0 0.571289 0.503660 0.080078 0.020498
0 0.752930 0.510249 0.060547 0.019034
0 0.543945 0.533675 0.029297 0.019034
0 0.618164 0.537701 0.089844 0.027086
0 0.731445 0.540264 0.115234 0.023426
0 0.237305 0.589312 0.015625 0.017570
0 0.543945 0.592972 0.011719 0.016105
0 0.238281 0.616398 0.013672 0.016105
0 0.542969 0.620791 0.013672 0.019034
0 0.235352 0.671303 0.015625 0.017570
0 0.292969 0.672767 0.074219 0.021962
0 0.542969 0.676428 0.013672 0.016105
0 0.282715 0.703514 0.141602 0.026354
0 0.592285 0.378843 0.047626 0.021020
0 0.431641 0.401171 0.048392 0.024634
0 0.248047 0.760615 0.093171 0.042306
