0 0.461589 0.170410 0.220052 0.022461
0 0.460286 0.199219 0.272135 0.027344
0 0.627604 0.898926 0.242188 0.022461
0 0.246094 0.629883 0.125000 0.021484
0 0.699870 0.627441 0.089844 0.018555
0 0.462891 0.169922 0.225260 0.027344
0 0.468750 0.263184 0.304688 0.041992
0 0.227865 0.293945 0.046875 0.019531
0 0.356771 0.295898 0.033854 0.019531
0 0.419271 0.293945 0.049479 0.019531
0 0.522135 0.290039 0.091146 0.025391
0 0.651042 0.283203 0.125000 0.027344
0 0.438802 0.315430 0.484375 0.035156
0 0.404948 0.344727 0.041667 0.015625
0 0.539062 0.339844 0.078125 0.023438
0 0.688802 0.334961 0.080729 0.025391
0 0.342448 0.375000 0.294271 0.023438
0 0.533854 0.371094 0.067708 0.023438
0 0.404948 0.399414 0.041667 0.015625
0 0.546875 0.396484 0.067708 0.023438
0 0.373698 0.428711 0.361979 0.025391
0 0.541667 0.451172 0.078125 0.023438
0 0.691406 0.447266 0.085938 0.023438
0 0.375000 0.483398 0.364583 0.025391
0 0.404948 0.508789 0.046875 0.015625
0 0.544271 0.507812 0.078125 0.023438
0 0.444010 0.539062 0.507812 0.027344
0 0.406250 0.566406 0.044271 0.017578
0 0.542969 0.564453 0.080729 0.023438
0 0.260417 0.603516 0.041667 0.023438
0 0.270833 0.630859 0.062500 0.023438
0 0.472656 0.657227 0.052083 0.019531
0 0.700521 0.657227 0.098958 0.025391
0 0.230469 0.703125 0.091146 0.023438
0 0.381510 0.701172 0.174479 0.023438
0 0.246094 0.761719 0.127604 0.023438
0 0.736979 0.765625 0.036458 0.023438
0 0.727865 0.797852 0.046875 0.019531
0 0.218750 0.851562 0.078125 0.023438
0 0.712891 0.858398 0.084635 0.027344
0 0.470052 0.929688 0.169271 0.027344
0 0.281901 0.296875 0.071229 0.030859
0 0.210286 0.629395 0.068494 0.031862
