0 0.576823 0.140625 0.242188 0.025391
0 0.574870 0.164551 0.173177 0.020508
0 0.576823 0.189941 0.247396 0.022461
0 0.395833 0.274414 0.302083 0.029297
0 0.373698 0.427734 0.255208 0.029297
0 0.703776 0.432129 0.087240 0.020508
0 0.571615 0.214844 0.153646 0.023438
0 0.664062 0.301758 0.158854 0.019531
0 0.294271 0.338867 0.104167 0.025391
0 0.694010 0.343750 0.080729 0.023438
0 0.264323 0.360352 0.041667 0.019531
0 0.321615 0.384277 0.164062 0.026367
0 0.502604 0.387695 0.075521 0.019531
0 0.704427 0.389648 0.078125 0.019531
0 0.459635 0.430664 0.072917 0.019531
0 0.701823 0.434570 0.078125 0.019531
0 0.701823 0.477539 0.078125 0.019531
0 0.704427 0.500000 0.070312 0.023438
0 0.285156 0.514648 0.067708 0.019531
0 0.251302 0.601562 0.031250 0.017578
0 0.380208 0.602539 0.125000 0.025391
0 0.637370 0.607422 0.199219 0.027344
0 0.313802 0.645508 0.161458 0.019531
0 0.630859 0.651367 0.212240 0.029297
0 0.709635 0.745117 0.041667 0.019531
0 0.509766 0.344238 0.049534 0.028092
0 0.320964 0.360840 0.076528 0.031862
0 0.292318 0.601074 0.045858 0.024888
