0 0.467882 0.233887 0.449653 0.032227
0 0.396701 0.259277 0.512153 0.028320
0 0.349826 0.332031 0.425347 0.023438
0 0.250000 0.460449 0.281250 0.026367
0 0.700521 0.468262 0.137153 0.018555
0 0.508681 0.259766 0.281250 0.027344
0 0.250000 0.308594 0.222222 0.027344
0 0.491319 0.312988 0.232639 0.026367
0 0.482639 0.335938 0.159722 0.023438
0 0.161458 0.355469 0.055556 0.017578
0 0.215278 0.382812 0.201389 0.023438
0 0.228299 0.408203 0.088542 0.027344
0 0.257812 0.436035 0.293403 0.028320
0 0.739583 0.442383 0.045139 0.019531
0 0.289062 0.922363 0.449653 0.030273
0 0.111979 0.946289 0.092014 0.027344
0 0.328993 0.946289 0.182292 0.025391
0 0.226562 0.359863 0.077845 0.024035
0 0.149306 0.406250 0.089700 0.030859
0 0.197049 0.946289 0.098481 0.032862
