0 0.316840 0.429688 0.175347 0.021484
0 0.690972 0.426758 0.079861 0.013672
0 0.687500 0.445312 0.086806 0.013672
0 0.694444 0.461914 0.079861 0.015625
0 0.368056 0.479492 0.086806 0.019531
0 0.251736 0.546875 0.041667 0.013672
0 0.322917 0.546875 0.086806 0.013672
0 0.527778 0.545898 0.197917 0.015625
0 0.659722 0.544922 0.052083 0.013672
0 0.713542 0.544922 0.041667 0.013672
0 0.290799 0.922363 0.453125 0.030273
0 0.110243 0.946289 0.095486 0.027344
0 0.330729 0.946289 0.185764 0.025391
0 0.196181 0.946289 0.096727 0.032862
