0 0.483724 0.231445 0.222656 0.021484
0 0.482422 0.256836 0.266927 0.025391
0 0.639974 0.883789 0.246094 0.023438
0 0.243490 0.616211 0.140625 0.025391
0 0.727214 0.619629 0.087240 0.022461
0 0.485026 0.231934 0.217448 0.028320
0 0.485677 0.320312 0.294271 0.031250
0 0.377604 0.348633 0.033854 0.019531
0 0.440104 0.347656 0.049479 0.017578
0 0.544271 0.349609 0.088542 0.023438
0 0.665365 0.345703 0.122396 0.023438
0 0.463542 0.371094 0.494792 0.027344
0 0.424479 0.396484 0.044271 0.013672
0 0.565104 0.395508 0.059896 0.019531
0 0.704427 0.395508 0.078125 0.019531
0 0.395833 0.423828 0.369792 0.027344
0 0.421875 0.448242 0.044271 0.015625
0 0.400391 0.475586 0.391927 0.025391
0 0.419271 0.500977 0.044271 0.015625
0 0.565104 0.500977 0.065104 0.019531
0 0.461589 0.529785 0.535156 0.030273
0 0.417969 0.555664 0.046875 0.015625
0 0.559896 0.556641 0.083333 0.023438
0 0.716797 0.555176 0.087240 0.028320
0 0.261719 0.590820 0.041667 0.019531
0 0.236979 0.616211 0.130208 0.029297
0 0.726562 0.619141 0.088542 0.023438
0 0.492188 0.648438 0.057292 0.023438
0 0.729167 0.650391 0.088542 0.023438
0 0.222656 0.694336 0.096354 0.025391
0 0.268229 0.729492 0.192708 0.029297
0 0.235677 0.759766 0.138021 0.027344
0 0.261719 0.791992 0.195312 0.029297
0 0.205729 0.856445 0.083333 0.025391
0 0.346354 0.854492 0.210938 0.035156
0 0.248047 0.341309 0.053004 0.026043
0 0.301432 0.345215 0.068594 0.029854
0 0.209635 0.590332 0.072501 0.033860
