0 0.295139 0.219238 0.197917 0.028320
0 0.596354 0.170410 0.279514 0.016602
0 0.594618 0.190918 0.289931 0.016602
0 0.593750 0.213379 0.250000 0.020508
0 0.386285 0.298340 0.373264 0.020508
0 0.371528 0.438965 0.333333 0.020508
0 0.769965 0.431641 0.105903 0.015625
0 0.296875 0.217773 0.201389 0.035156
0 0.731771 0.291016 0.126736 0.025391
0 0.302951 0.398438 0.199653 0.025391
0 0.765625 0.391602 0.097222 0.019531
0 0.484375 0.434570 0.069444 0.019531
0 0.244792 0.518555 0.069444 0.019531
0 0.368056 0.518555 0.052083 0.015625
0 0.340278 0.578125 0.256944 0.023438
0 0.628472 0.574219 0.079861 0.013672
0 0.765625 0.572266 0.118056 0.017578
0 0.701389 0.613281 0.256944 0.023438
0 0.289062 0.922363 0.449653 0.030273
0 0.110243 0.946289 0.095486 0.027344
0 0.328993 0.945312 0.182292 0.027344
0 0.308160 0.517090 0.057672 0.024994
0 0.196181 0.946289 0.096727 0.032862
