0 0.518229 0.232910 0.276042 0.047852
0 0.514323 0.270996 0.338542 0.041992
0 0.705078 0.728516 0.269531 0.025391
0 0.259115 0.654785 0.174479 0.024414
0 0.793620 0.645508 0.105469 0.029297
0 0.511719 0.238770 0.260417 0.040039
0 0.518229 0.350586 0.351562 0.042969
0 0.231771 0.379883 0.057292 0.025391
0 0.391927 0.384766 0.044271 0.023438
0 0.466146 0.385742 0.057292 0.025391
0 0.729167 0.387695 0.135417 0.025391
0 0.074219 0.402344 0.148438 0.121094
0 0.488932 0.414551 0.597656 0.036133
0 0.447917 0.443359 0.054688 0.017578
0 0.606771 0.446289 0.088542 0.025391
0 0.772135 0.448242 0.085938 0.025391
0 0.451823 0.479492 0.523438 0.029297
0 0.449219 0.508789 0.052083 0.019531
0 0.611979 0.510742 0.088542 0.025391
0 0.781250 0.509766 0.088542 0.023438
0 0.390625 0.546875 0.406250 0.027344
0 0.450521 0.575195 0.054688 0.019531
0 0.623698 0.575684 0.078125 0.030273
0 0.235677 0.625000 0.130208 0.037109
0 0.796875 0.646484 0.088542 0.027344
0 0.290365 0.658203 0.080729 0.031250
0 0.281250 0.688477 0.226562 0.035156
0 0.544271 0.684570 0.062500 0.025391
0 0.532552 0.771484 0.197917 0.037109
0 0.506510 0.799805 0.479167 0.042969
0 0.378255 0.268555 0.068641 0.032862
0 0.430339 0.269531 0.055276 0.028846
0 0.297526 0.382812 0.084395 0.036843
0 0.212240 0.656738 0.090390 0.043675
