0 0.384549 0.272461 0.164931 0.023438
0 0.629340 0.231445 0.237847 0.015625
0 0.634549 0.249512 0.237847 0.016602
0 0.629340 0.267578 0.199653 0.015625
0 0.453125 0.337402 0.312500 0.014648
0 0.430556 0.465332 0.260417 0.014648
0 0.774306 0.463867 0.079861 0.013672
0 0.381944 0.273438 0.166667 0.027344
0 0.572917 0.335938 0.065972 0.013672
0 0.440972 0.402344 0.086806 0.013672
0 0.381944 0.436523 0.163194 0.015625
0 0.772569 0.432617 0.076389 0.015625
0 0.774306 0.465820 0.079861 0.015625
0 0.777778 0.498047 0.079861 0.013672
0 0.342014 0.518555 0.055556 0.015625
0 0.777778 0.514648 0.079861 0.015625
0 0.446181 0.549805 0.090278 0.019531
0 0.720486 0.583008 0.201389 0.015625
0 0.718750 0.618164 0.218750 0.015625
0 0.289062 0.922363 0.449653 0.030273
0 0.110243 0.946289 0.095486 0.027344
0 0.330729 0.945312 0.185764 0.027344
0 0.474826 0.724121 0.051546 0.018923
0 0.196181 0.946289 0.096727 0.032862
