0 0.420410 0.262088 0.223633 0.030769
0 0.414551 0.289560 0.319336 0.034066
0 0.629883 0.410714 0.210938 0.022527
0 0.174805 0.737912 0.212891 0.035165
0 0.677734 0.748352 0.087891 0.026374
0 0.419434 0.317033 0.139648 0.026374
0 0.324219 0.374176 0.064453 0.021978
0 0.628906 0.409890 0.218750 0.026374
0 0.225586 0.509341 0.296875 0.021978
0 0.132324 0.536813 0.110352 0.024176
0 0.404297 0.571429 0.091797 0.020879
0 0.098633 0.585165 0.046875 0.019780
0 0.178711 0.621429 0.212891 0.029670
0 0.386719 0.637363 0.031250 0.017582
0 0.686035 0.656593 0.084961 0.024176
0 0.143555 0.715110 0.156250 0.030220
0 0.100586 0.768132 0.066406 0.020879
0 0.650391 0.771429 0.041016 0.020879
0 0.652344 0.796703 0.041016 0.020879
0 0.282227 0.812363 0.105469 0.023626
0 0.342773 0.260989 0.081774 0.028462
0 0.402344 0.267033 0.059824 0.025130
0 0.203125 0.737363 0.076406 0.027949
0 0.117676 0.742857 0.104225 0.023654
0 0.675781 0.748077 0.103448 0.033440
0 0.176270 0.764560 0.088600 0.023335
0 0.414551 0.795330 0.077203 0.024873
0 0.359863 0.804121 0.059158 0.025561
