0 0.796875 0.691895 0.106771 0.028320
0 0.128255 0.695801 0.160156 0.032227
0 0.685547 0.788574 0.324219 0.034180
0 0.472656 0.270996 0.307292 0.051758
0 0.472656 0.310547 0.388021 0.060547
0 0.572917 0.281250 0.114583 0.035156
0 0.407552 0.307617 0.125000 0.035156
0 0.591146 0.318848 0.135417 0.026367
0 0.475260 0.401367 0.427083 0.058594
0 0.322917 0.439453 0.046875 0.027344
0 0.415365 0.444336 0.070312 0.029297
0 0.557292 0.449219 0.127604 0.037109
0 0.729167 0.449219 0.166667 0.027344
0 0.378906 0.475098 0.606771 0.051758
0 0.104167 0.503906 0.067708 0.031250
0 0.255208 0.513672 0.057292 0.031250
0 0.591146 0.520508 0.088542 0.029297
0 0.140625 0.544922 0.153646 0.037109
0 0.386719 0.551270 0.070312 0.026367
0 0.587240 0.556641 0.085938 0.027344
0 0.175781 0.603516 0.059896 0.031250
0 0.798177 0.642578 0.111979 0.031250
0 0.799479 0.692383 0.109375 0.029297
0 0.177083 0.732422 0.273438 0.037109
0 0.490885 0.732422 0.075521 0.031250
0 0.800781 0.732422 0.111979 0.031250
0 0.475911 0.836426 0.230469 0.043945
0 0.444010 0.873047 0.580729 0.050781
0 0.418620 0.268555 0.199183 0.052556
0 0.128255 0.427246 0.078999 0.035850
