0 0.504883 0.169231 0.357422 0.030769
0 0.514160 0.204762 0.729492 0.035897
0 0.762695 0.375092 0.248047 0.027839
0 0.252441 0.813919 0.258789 0.039560
0 0.838867 0.817949 0.140625 0.028571
0 0.407227 0.243223 0.166016 0.023443
0 0.596680 0.241026 0.183594 0.026374
0 0.159180 0.476923 0.046875 0.026374
0 0.484863 0.564469 0.106445 0.038828
0 0.847168 0.563736 0.112305 0.041758
0 0.280273 0.712088 0.310547 0.039560
0 0.485352 0.758242 0.126953 0.036630
0 0.845703 0.759707 0.132812 0.036630
0 0.204102 0.813187 0.179688 0.046886
0 0.839844 0.819048 0.152344 0.038095
0 0.471680 0.711355 0.089098 0.049680
0 0.339355 0.814652 0.107956 0.051154
