0 0.313151 0.203613 0.165365 0.041992
0 0.569010 0.186035 0.244792 0.022461
0 0.570964 0.211426 0.251302 0.024414
0 0.382812 0.300781 0.315104 0.027344
0 0.355469 0.529297 0.263021 0.021484
0 0.705078 0.534180 0.076823 0.017578
0 0.313151 0.203613 0.178385 0.043945
0 0.381510 0.299805 0.320312 0.029297
0 0.665365 0.328125 0.169271 0.023438
0 0.486979 0.373047 0.083333 0.023438
0 0.583333 0.374023 0.028646 0.019531
0 0.306641 0.414551 0.173177 0.028320
0 0.707031 0.419922 0.085938 0.023438
0 0.305990 0.460938 0.174479 0.023438
0 0.238281 0.483398 0.031250 0.019531
0 0.704427 0.534180 0.083333 0.019531
0 0.694010 0.557617 0.078125 0.019531
0 0.704427 0.581055 0.083333 0.019531
0 0.703125 0.603516 0.083333 0.023438
