0 0.234375 0.183594 0.204861 0.029297
0 0.536458 0.142090 0.239583 0.018555
0 0.542535 0.162109 0.314236 0.021484
0 0.539931 0.186035 0.239583 0.020508
0 0.317708 0.267090 0.378472 0.016602
0 0.289062 0.408203 0.328125 0.023438
0 0.710938 0.407227 0.112847 0.019531
0 0.236111 0.185547 0.211806 0.037109
0 0.453125 0.328125 0.114583 0.023438
0 0.230903 0.370117 0.201389 0.019531
0 0.460069 0.369141 0.097222 0.017578
0 0.713542 0.365234 0.100694 0.023438
0 0.406250 0.409180 0.093750 0.019531
0 0.715278 0.406250 0.104167 0.023438
0 0.161458 0.491211 0.069444 0.019531
0 0.289931 0.493164 0.055556 0.019531
0 0.668403 0.660156 0.173611 0.017578
0 0.289062 0.922363 0.449653 0.030273
0 0.111979 0.946289 0.092014 0.027344
0 0.330729 0.946289 0.185764 0.025391
0 0.196181 0.946289 0.096727 0.032862
