0 0.426758 0.308274 0.279297 0.014184
0 0.625977 0.342080 0.109375 0.029787
0 0.435059 0.630969 0.463867 0.016548
0 0.444824 0.290071 0.250977 0.019385
0 0.623047 0.337116 0.101562 0.012293
0 0.653320 0.350827 0.052734 0.011348
0 0.443359 0.364539 0.195312 0.014184
0 0.331055 0.376359 0.029297 0.011348
0 0.443359 0.376832 0.076172 0.009456
0 0.250000 0.389598 0.078125 0.011348
0 0.341797 0.390544 0.025391 0.008511
0 0.577148 0.388652 0.068359 0.011348
0 0.312988 0.398345 0.067383 0.014657
0 0.249023 0.438771 0.076172 0.011348
0 0.580078 0.437352 0.064453 0.009456
0 0.250000 0.459102 0.066406 0.012293
0 0.250000 0.498345 0.078125 0.011348
0 0.322266 0.506856 0.210938 0.013239
0 0.341797 0.522931 0.031250 0.011348
0 0.256348 0.552246 0.092773 0.013239
0 0.266602 0.612766 0.123047 0.013239
0 0.616211 0.629787 0.091797 0.013239
0 0.614258 0.668085 0.095703 0.014184
0 0.629883 0.698345 0.130859 0.014184
0 0.355957 0.758156 0.301758 0.017494
0 0.539062 0.769267 0.250000 0.014184
0 0.440918 0.309220 0.052910 0.013666
0 0.234375 0.733097 0.061113 0.017062
