0 0.502604 0.117676 0.179688 0.018555
0 0.500651 0.142578 0.222656 0.019531
0 0.631510 0.886230 0.197917 0.020508
0 0.325521 0.667480 0.104167 0.018555
0 0.686198 0.666504 0.075521 0.016602
0 0.500651 0.116699 0.186198 0.024414
0 0.503906 0.197266 0.242188 0.027344
0 0.468750 0.222656 0.039062 0.013672
0 0.671875 0.263672 0.070312 0.017578
0 0.401693 0.287598 0.225260 0.020508
0 0.569010 0.289062 0.078125 0.017578
0 0.562500 0.309570 0.059896 0.015625
0 0.677083 0.307617 0.059896 0.015625
0 0.474609 0.330078 0.373698 0.023438
0 0.454427 0.351562 0.036458 0.013672
0 0.563802 0.352539 0.057292 0.015625
0 0.479818 0.373535 0.381510 0.020508
0 0.557292 0.392578 0.070312 0.017578
0 0.673177 0.394531 0.072917 0.017578
0 0.454427 0.437500 0.036458 0.013672
0 0.570312 0.437500 0.049479 0.017578
0 0.682292 0.438477 0.059896 0.015625
0 0.479167 0.459961 0.382812 0.019531
0 0.454427 0.480469 0.036458 0.013672
0 0.563802 0.481445 0.062500 0.015625
0 0.680990 0.480469 0.062500 0.017578
0 0.423177 0.504883 0.281250 0.019531
0 0.610677 0.506836 0.062500 0.015625
0 0.559896 0.525391 0.070312 0.017578
0 0.678385 0.526367 0.072917 0.015625
0 0.463542 0.549805 0.356771 0.019531
0 0.454427 0.570312 0.036458 0.013672
0 0.570312 0.570312 0.054688 0.017578
0 0.444010 0.595703 0.330729 0.023438
0 0.454427 0.616211 0.036458 0.015625
0 0.565104 0.616211 0.065104 0.019531
0 0.684896 0.617188 0.065104 0.017578
0 0.416667 0.648438 0.028646 0.013672
0 0.317708 0.666016 0.104167 0.027344
0 0.686198 0.666992 0.078125 0.019531
0 0.506510 0.689453 0.046875 0.017578
0 0.309896 0.726562 0.078125 0.023438
0 0.713542 0.775391 0.028646 0.017578
0 0.341146 0.826172 0.151042 0.023438
0 0.298177 0.849609 0.065104 0.023438
0 0.441406 0.851562 0.085938 0.023438
0 0.503906 0.915039 0.143229 0.025391
0 0.488281 0.935547 0.346354 0.027344
0 0.357422 0.223633 0.053205 0.020993
