0 0.488281 0.250916 0.345703 0.024176
0 0.492188 0.287179 0.705078 0.033700
0 0.230957 0.794505 0.264648 0.044689
0 0.820801 0.793407 0.127930 0.030769
0 0.738281 0.452381 0.238281 0.030037
0 0.488281 0.251282 0.349609 0.032234
0 0.201172 0.290842 0.121094 0.021978
0 0.138672 0.548718 0.048828 0.026374
0 0.778320 0.546520 0.173828 0.035165
0 0.378906 0.594505 0.552734 0.044689
0 0.469238 0.638462 0.120117 0.037363
0 0.811523 0.639560 0.123047 0.036630
0 0.430664 0.736264 0.054688 0.032234
0 0.817383 0.734799 0.126953 0.036630
0 0.821289 0.793407 0.126953 0.036630
0 0.317383 0.797070 0.105093 0.045289
