0 0.514974 0.457031 0.352865 0.027344
0 0.460938 0.484375 0.414062 0.029297
0 0.425130 0.565430 0.345052 0.023438
0 0.337891 0.711426 0.220052 0.024414
0 0.720703 0.715820 0.097656 0.019531
0 0.459635 0.482422 0.419271 0.031250
0 0.343750 0.537598 0.187500 0.024414
0 0.541667 0.541992 0.187500 0.027344
0 0.535156 0.566406 0.127604 0.023438
0 0.298828 0.593750 0.108073 0.027344
0 0.257812 0.622070 0.054688 0.019531
0 0.557292 0.625000 0.083333 0.023438
0 0.289062 0.650391 0.130208 0.027344
0 0.751302 0.686523 0.036458 0.019531
0 0.369792 0.711914 0.166667 0.025391
0 0.484375 0.750000 0.372396 0.037109
