0 0.254557 0.237793 0.157552 0.038086
0 0.501953 0.179199 0.225260 0.032227
0 0.501953 0.205566 0.233073 0.034180
0 0.503255 0.229004 0.199219 0.034180
0 0.324219 0.323730 0.296875 0.022461
0 0.304036 0.523926 0.256510 0.024414
0 0.646484 0.521973 0.082031 0.018555
0 0.324219 0.324219 0.304688 0.027344
0 0.554688 0.318359 0.028646 0.017578
0 0.222656 0.347656 0.101562 0.023438
0 0.598307 0.338379 0.167969 0.028320
0 0.223958 0.392578 0.104167 0.023438
0 0.402344 0.389648 0.031250 0.019531
0 0.191406 0.412109 0.039062 0.023438
0 0.253906 0.435547 0.164062 0.023438
0 0.437500 0.434570 0.075521 0.019531
0 0.641927 0.427734 0.080729 0.023438
0 0.253906 0.480469 0.164062 0.023438
0 0.643229 0.520508 0.080729 0.019531
0 0.259115 0.568359 0.179688 0.027344
0 0.645833 0.567383 0.080729 0.019531
0 0.645833 0.590820 0.080729 0.019531
0 0.248698 0.614258 0.153646 0.025391
0 0.653646 0.808594 0.054688 0.017578
0 0.442057 0.389160 0.049534 0.028092
