0 0.466146 0.461914 0.255208 0.021484
0 0.464844 0.496582 0.320312 0.020508
0 0.646484 0.860840 0.266927 0.024414
0 0.204427 0.756348 0.148438 0.024414
0 0.747396 0.752441 0.096354 0.024414
0 0.466146 0.462891 0.260417 0.027344
0 0.153646 0.529297 0.052083 0.023438
0 0.470052 0.576172 0.364583 0.041016
0 0.216797 0.617676 0.131510 0.032227
0 0.335938 0.614258 0.041667 0.025391
0 0.411458 0.612305 0.062500 0.025391
0 0.539062 0.615234 0.109375 0.031250
0 0.691406 0.609375 0.148438 0.027344
0 0.391927 0.678711 0.057292 0.019531
0 0.559245 0.676758 0.097656 0.029297
0 0.220052 0.725586 0.049479 0.025391
0 0.475260 0.787109 0.065104 0.023438
0 0.739583 0.819336 0.109375 0.025391
