0 0.292535 0.198730 0.164931 0.024414
0 0.539062 0.171387 0.248264 0.036133
0 0.539931 0.199219 0.250000 0.015625
0 0.362847 0.265625 0.319444 0.017578
0 0.340278 0.380371 0.260417 0.016602
0 0.680556 0.381348 0.093750 0.012695
0 0.293403 0.198242 0.170139 0.029297
0 0.293403 0.349609 0.166667 0.013672
0 0.449653 0.349609 0.041667 0.013672
0 0.682292 0.381836 0.090278 0.015625
0 0.682292 0.415039 0.090278 0.015625
0 0.274306 0.433594 0.107639 0.017578
0 0.657986 0.432617 0.041667 0.015625
0 0.689236 0.448242 0.083333 0.015625
0 0.290799 0.922363 0.453125 0.030273
0 0.112847 0.947266 0.086806 0.023438
0 0.330729 0.945312 0.185764 0.027344
0 0.196181 0.946289 0.096727 0.032862
