0 0.315755 0.250488 0.157552 0.036133
0 0.555990 0.203125 0.265625 0.019531
0 0.555990 0.228027 0.236979 0.018555
0 0.555339 0.251953 0.207031 0.019531
0 0.381510 0.340332 0.296875 0.018555
0 0.361328 0.490723 0.251302 0.020508
0 0.693359 0.490234 0.074219 0.019531
0 0.313802 0.252930 0.166667 0.039062
0 0.654297 0.338867 0.128906 0.025391
0 0.282552 0.361328 0.101562 0.023438
0 0.650391 0.360840 0.162760 0.026367
0 0.483073 0.406250 0.080729 0.023438
0 0.680339 0.402832 0.082031 0.026367
0 0.313151 0.450195 0.162760 0.019531
0 0.692708 0.448242 0.075521 0.019531
0 0.322266 0.491211 0.175781 0.025391
0 0.461589 0.491211 0.058594 0.025391
0 0.694010 0.491211 0.078125 0.019531
0 0.694010 0.534180 0.078125 0.019531
0 0.707031 0.756836 0.041667 0.015625
