0 0.288136 0.229980 0.097458 0.018555
0 0.281780 0.245605 0.072034 0.010742
0 0.512712 0.248047 0.194915 0.013672
0 0.287076 0.333008 0.082627 0.011719
0 0.531780 0.333984 0.148305 0.013672
0 0.292373 0.649902 0.139831 0.016602
0 0.585805 0.650391 0.044492 0.013672
0 0.511653 0.665527 0.192797 0.016602
0 0.286017 0.361328 0.084746 0.013672
0 0.413136 0.362305 0.152542 0.015625
0 0.262712 0.476562 0.046610 0.013672
0 0.559322 0.581055 0.063559 0.015625
0 0.290254 0.651367 0.135593 0.015625
0 0.502119 0.666992 0.152542 0.015625
0 0.274364 0.936035 0.451271 0.026367
