0 0.436849 0.220215 0.196615 0.024414
0 0.435547 0.244141 0.240885 0.025391
0 0.576172 0.858398 0.233073 0.023438
0 0.653646 0.791992 0.088542 0.021484
0 0.202474 0.790039 0.113281 0.025391
0 0.436849 0.221191 0.199219 0.026367
0 0.437500 0.298828 0.265625 0.031250
0 0.341146 0.326172 0.028646 0.017578
0 0.397135 0.325195 0.041667 0.015625
0 0.488281 0.322266 0.078125 0.017578
0 0.601562 0.315430 0.106771 0.019531
0 0.322917 0.347656 0.242188 0.017578
0 0.544271 0.341797 0.203125 0.027344
0 0.381510 0.367188 0.041667 0.013672
0 0.501953 0.363281 0.066406 0.019531
0 0.634115 0.358398 0.067708 0.019531
0 0.411458 0.388672 0.437500 0.027344
0 0.378906 0.414062 0.041667 0.013672
0 0.635417 0.405762 0.078125 0.026367
0 0.376302 0.460938 0.041667 0.013672
0 0.509115 0.458984 0.057292 0.017578
0 0.643229 0.454102 0.059896 0.019531
0 0.261719 0.487305 0.156250 0.019531
0 0.477865 0.485352 0.216146 0.025391
0 0.373698 0.508789 0.041667 0.015625
0 0.502604 0.507812 0.072917 0.023438
0 0.641927 0.504883 0.072917 0.019531
0 0.391276 0.536621 0.436198 0.026367
0 0.371094 0.559570 0.041667 0.015625
0 0.500000 0.558594 0.078125 0.023438
0 0.643229 0.556641 0.078125 0.023438
0 0.500000 0.612305 0.075521 0.019531
0 0.645833 0.612305 0.075521 0.019531
0 0.364583 0.644531 0.411458 0.023438
0 0.364583 0.670898 0.044271 0.015625
0 0.501302 0.669922 0.080729 0.023438
0 0.649740 0.669922 0.080729 0.023438
0 0.364583 0.702148 0.421875 0.025391
0 0.358073 0.728516 0.046875 0.017578
0 0.501302 0.728516 0.080729 0.023438
0 0.632812 0.730469 0.041667 0.023438
0 0.315104 0.769531 0.028646 0.017578
0 0.231120 0.791016 0.061198 0.027344
0 0.653646 0.792969 0.093750 0.023438
0 0.230469 0.813477 0.169271 0.025391
0 0.429688 0.820312 0.057292 0.023438
0 0.653646 0.822266 0.093750 0.023438
0 0.173828 0.789062 0.068594 0.030859
0 0.249349 0.897949 0.039980 0.019968
