0 0.344068 0.599609 0.284746 0.021094
0 0.792373 0.591406 0.150847 0.023438
0 0.387288 0.395703 0.415254 0.014844
0 0.502542 0.201953 0.605085 0.047656
0 0.505932 0.226953 0.089831 0.028906
0 0.502542 0.247656 0.642373 0.043750
0 0.511864 0.264844 0.233898 0.025000
0 0.505085 0.227344 0.081356 0.020313
0 0.465254 0.251563 0.167797 0.018750
0 0.422034 0.266406 0.054237 0.015625
0 0.511017 0.301563 0.374576 0.029687
0 0.511864 0.353125 0.193220 0.014063
0 0.342373 0.448437 0.111864 0.014063
0 0.576271 0.443750 0.044068 0.014063
0 0.679661 0.450000 0.047458 0.014063
0 0.805085 0.472656 0.088136 0.015625
0 0.388136 0.600000 0.193220 0.018750
0 0.296610 0.651563 0.186441 0.018750
0 0.852542 0.644531 0.040678 0.015625
0 0.433898 0.728125 0.044068 0.014063
0 0.290678 0.937109 0.449153 0.025781
0 0.244068 0.956250 0.352542 0.021875
0 0.646610 0.198828 0.096671 0.030387
0 0.603390 0.278125 0.075127 0.020451
0 0.245763 0.602344 0.101226 0.026289
