0 0.469727 0.279649 0.224609 0.021962
0 0.468262 0.303807 0.403320 0.026354
0 0.415039 0.399341 0.347656 0.022694
0 0.542480 0.790630 0.375977 0.029283
0 0.427246 0.379941 0.083008 0.020498
0 0.271484 0.399707 0.058594 0.020498
0 0.417969 0.421669 0.058594 0.017570
0 0.308105 0.489019 0.063477 0.026354
0 0.366211 0.486823 0.023438 0.014641
0 0.570312 0.487555 0.035156 0.017570
0 0.329102 0.615666 0.181641 0.021962
0 0.326172 0.688873 0.017578 0.017570
0 0.399414 0.822108 0.068359 0.019034
