0 0.206055 0.583984 0.027344 0.110677
0 0.231934 0.587240 0.028320 0.432292
0 0.258789 0.581380 0.025391 0.326823
0 0.357910 0.582031 0.020508 0.200521
0 0.663574 0.389323 0.022461 0.070312
0 0.207031 0.548177 0.023438 0.054688
0 0.280273 0.545573 0.019531 0.052083
0 0.338867 0.617188 0.015625 0.143229
0 0.501953 0.628906 0.013672 0.031250
0 0.391113 0.741536 0.020508 0.108073
0 0.433594 0.742188 0.017578 0.033854
0 0.744141 0.707031 0.017578 0.088542
0 0.614746 0.524089 0.020197 0.063678
