0 0.245763 0.226172 0.203390 0.024219
0 0.533898 0.187891 0.200000 0.016406
0 0.533898 0.207422 0.308475 0.016406
0 0.532203 0.223438 0.250847 0.015625
0 0.329661 0.285938 0.364407 0.015625
0 0.321186 0.426953 0.327119 0.014844
0 0.718644 0.419531 0.115254 0.018750
0 0.249153 0.364844 0.196610 0.015625
0 0.472881 0.361719 0.094915 0.015625
0 0.715254 0.356250 0.101695 0.018750
0 0.505085 0.376563 0.155932 0.018750
0 0.250847 0.396094 0.200000 0.015625
0 0.477966 0.392969 0.091525 0.015625
0 0.720339 0.387500 0.098305 0.018750
0 0.423729 0.425000 0.094915 0.018750
0 0.725424 0.419531 0.098305 0.015625
0 0.732203 0.451562 0.101695 0.018750
0 0.731356 0.467969 0.103390 0.020313
0 0.471186 0.507031 0.393220 0.023438
0 0.605085 0.539062 0.108475 0.014063
0 0.740678 0.534375 0.101695 0.014063
0 0.289831 0.544531 0.267797 0.020313
0 0.230508 0.561719 0.149153 0.020313
0 0.379661 0.557813 0.122034 0.021875
0 0.500000 0.556250 0.084746 0.018750
0 0.665254 0.569531 0.269492 0.023438
0 0.515254 0.643750 0.593220 0.029687
0 0.188136 0.650781 0.054237 0.015625
0 0.290678 0.937109 0.449153 0.025781
0 0.244068 0.956250 0.352542 0.021875
