0 0.463542 0.272949 0.377604 0.043945
0 0.460286 0.324707 0.480469 0.040039
0 0.738932 0.791992 0.407552 0.037109
0 0.103516 0.686035 0.204427 0.041992
0 0.865885 0.675781 0.140625 0.037109
0 0.466146 0.278320 0.372396 0.035156
0 0.502604 0.327637 0.382812 0.036133
0 0.468750 0.437500 0.515625 0.054688
0 0.061198 0.492188 0.075521 0.031250
0 0.283854 0.490234 0.057292 0.031250
0 0.394531 0.490234 0.085938 0.031250
0 0.569010 0.490234 0.151042 0.037109
0 0.785807 0.484375 0.207031 0.037109
0 0.598958 0.578125 0.132812 0.037109
0 0.852865 0.576172 0.135417 0.037109
0 0.119792 0.644531 0.065104 0.037109
0 0.296875 0.646484 0.018229 0.021484
0 0.137370 0.689941 0.105469 0.041992
0 0.138672 0.730469 0.277344 0.037109
0 0.493490 0.733398 0.093750 0.035156
0 0.476562 0.857422 0.281250 0.046875
0 0.270182 0.327148 0.094502 0.042684
0 0.151693 0.493652 0.112866 0.045654
