0 0.454427 0.274902 0.257812 0.022461
0 0.451172 0.311035 0.319010 0.024414
0 0.630859 0.630859 0.266927 0.021484
0 0.195964 0.556641 0.149740 0.023438
0 0.727865 0.550781 0.091146 0.021484
0 0.454427 0.276367 0.263021 0.025391
0 0.457031 0.387695 0.359375 0.035156
0 0.325521 0.421875 0.041667 0.023438
0 0.402344 0.421875 0.059896 0.023438
0 0.524740 0.422852 0.106771 0.025391
0 0.717448 0.482422 0.091146 0.023438
0 0.190755 0.556641 0.141927 0.031250
0 0.726562 0.551758 0.093750 0.025391
0 0.220052 0.584961 0.205729 0.025391
0 0.470052 0.585938 0.065104 0.023438
0 0.937500 0.579102 0.125000 0.173828
0 0.232422 0.422363 0.081705 0.033860
0 0.235026 0.692871 0.052958 0.026043
