0 0.411458 0.445801 0.343750 0.024414
0 0.360026 0.474121 0.402344 0.022461
0 0.323568 0.556641 0.334635 0.019531
0 0.244141 0.696289 0.209635 0.021484
0 0.614583 0.699707 0.096354 0.020508
0 0.411458 0.446289 0.348958 0.029297
0 0.358073 0.473633 0.408854 0.029297
0 0.265625 0.505859 0.218750 0.023438
0 0.244792 0.530273 0.182292 0.025391
0 0.438802 0.530273 0.184896 0.025391
0 0.432292 0.554688 0.125000 0.023438
0 0.174479 0.583008 0.044271 0.019531
0 0.376302 0.583008 0.031250 0.019531
0 0.440104 0.582031 0.044271 0.017578
0 0.214844 0.613281 0.153646 0.023438
0 0.197917 0.637695 0.130208 0.029297
0 0.613281 0.640625 0.101562 0.023438
0 0.220052 0.666992 0.169271 0.025391
0 0.645833 0.670898 0.033854 0.019531
0 0.386719 0.733398 0.359375 0.035156
0 0.224609 0.584473 0.063501 0.028041
0 0.335286 0.667969 0.073861 0.030859
