0 0.287326 0.235840 0.192708 0.034180
0 0.565972 0.205078 0.260417 0.029297
0 0.565104 0.224609 0.265625 0.023438
0 0.561632 0.245605 0.223958 0.026367
0 0.354167 0.312988 0.343750 0.024414
0 0.315972 0.479980 0.309028 0.028320
0 0.693576 0.491211 0.105903 0.015625
0 0.651042 0.228516 0.083333 0.017578
0 0.282118 0.236816 0.189236 0.036133
0 0.244792 0.312500 0.125000 0.017578
0 0.414062 0.314941 0.227431 0.028320
0 0.696181 0.379883 0.090278 0.015625
0 0.215278 0.386719 0.072917 0.017578
0 0.263021 0.405273 0.189236 0.027344
0 0.671875 0.416992 0.048611 0.015625
0 0.727431 0.417969 0.048611 0.013672
0 0.473958 0.430664 0.055556 0.015625
0 0.581597 0.432617 0.138889 0.019531
0 0.257812 0.442383 0.192708 0.025391
0 0.416667 0.484375 0.086806 0.017578
0 0.690972 0.529297 0.107639 0.017578
0 0.314236 0.577148 0.104167 0.019531
0 0.170139 0.653320 0.045139 0.015625
0 0.309028 0.657227 0.211806 0.019531
0 0.553819 0.663086 0.260417 0.025391
0 0.290799 0.922363 0.453125 0.030273
0 0.111111 0.947266 0.090278 0.023438
0 0.330729 0.946289 0.185764 0.025391
0 0.259549 0.368164 0.074244 0.027043
0 0.292535 0.387207 0.084797 0.028041
0 0.196181 0.946289 0.096727 0.032862
