0 0.399089 0.272949 0.319010 0.055664
0 0.586589 0.674805 0.292969 0.029297
0 0.100911 0.593750 0.186198 0.031250
0 0.676432 0.588379 0.110677 0.024414
0 0.395833 0.277832 0.299479 0.040039
0 0.332031 0.314453 0.117188 0.027344
0 0.537760 0.320312 0.070312 0.023438
0 0.071615 0.442383 0.065104 0.029297
0 0.253906 0.445312 0.049479 0.027344
0 0.475260 0.449219 0.117188 0.031250
0 0.635417 0.448242 0.151042 0.029297
0 0.317708 0.512695 0.059896 0.019531
0 0.489583 0.515625 0.114583 0.027344
0 0.121094 0.562500 0.054688 0.027344
0 0.094401 0.596680 0.173177 0.041016
0 0.130208 0.629883 0.242188 0.035156
0 0.406250 0.628906 0.067708 0.027344
0 0.399740 0.718750 0.208333 0.037109
0 0.240885 0.312988 0.075134 0.033860
0 0.474609 0.318359 0.060602 0.028846
0 0.147786 0.444824 0.099887 0.043675
0 0.055339 0.562988 0.097179 0.045654
