0 0.415039 0.088214 0.304688 0.018302
0 0.225586 0.118960 0.183594 0.015373
0 0.565918 0.901537 0.364258 0.037335
0 0.490723 0.005490 0.110352 0.010981
0 0.418945 0.156662 0.062500 0.010249
0 0.209961 0.164714 0.148438 0.014641
0 0.161133 0.174963 0.050781 0.011713
0 0.229492 0.211201 0.189453 0.018302
0 0.238281 0.274524 0.056641 0.014641
0 0.421875 0.274524 0.021484 0.011713
0 0.655273 0.275988 0.070312 0.014641
0 0.538086 0.290630 0.224609 0.019034
0 0.664062 0.322108 0.052734 0.013177
0 0.245605 0.352123 0.219727 0.019034
0 0.669922 0.367496 0.052734 0.010249
0 0.177734 0.404100 0.085938 0.017570
0 0.236328 0.420205 0.099609 0.013177
0 0.678711 0.417277 0.046875 0.010249
0 0.347656 0.458272 0.029297 0.010249
0 0.424805 0.456808 0.105469 0.013177
0 0.666016 0.470717 0.025391 0.011713
0 0.283203 0.512445 0.308594 0.020498
0 0.452148 0.512445 0.023438 0.010249
0 0.539062 0.509517 0.132812 0.017570
0 0.681641 0.523426 0.056641 0.014641
0 0.220703 0.571010 0.183594 0.017570
0 0.426758 0.567350 0.136719 0.014641
0 0.686523 0.579795 0.054688 0.013177
0 0.191406 0.629575 0.128906 0.017570
0 0.303711 0.628111 0.083984 0.017570
0 0.823242 0.692533 0.023438 0.013177
0 0.519043 0.758419 0.129883 0.019034
0 0.625000 0.754758 0.068359 0.014641
0 0.169434 0.768668 0.083008 0.026354
0 0.696289 0.772328 0.058594 0.014641
0 0.199219 0.786969 0.052734 0.014641
0 0.212891 0.831625 0.191406 0.020498
0 0.710938 0.897511 0.062500 0.017570
0 0.457031 0.926061 0.085938 0.019034
0 0.457031 0.945827 0.089844 0.020498
0 0.449219 0.983895 0.117188 0.017570
0 0.274414 0.991947 0.150391 0.016105
0 0.375977 0.988287 0.035156 0.013177
0 0.466309 0.993045 0.081055 0.013909
0 0.521973 0.978038 0.044263 0.020748
