0 0.457813 0.075391 0.188542 0.044531
0 0.494792 0.098437 0.181250 0.046875
0 0.505208 0.126562 0.281250 0.056250
0 0.521875 0.275391 0.150000 0.035156
0 0.654167 0.257031 0.083333 0.025000
0 0.453125 0.562500 0.227083 0.023438
0 0.666146 0.552344 0.113542 0.025000
0 0.379167 0.145313 0.033333 0.018750
0 0.638542 0.151562 0.079167 0.029687
0 0.391667 0.159375 0.079167 0.021875
0 0.584375 0.158594 0.027083 0.020313
0 0.370833 0.175781 0.031250 0.015625
0 0.380208 0.189062 0.089583 0.021875
0 0.422917 0.199219 0.041667 0.020313
0 0.493750 0.257031 0.070833 0.023438
0 0.377083 0.267969 0.070833 0.023438
0 0.384375 0.289844 0.025000 0.015625
0 0.468229 0.283203 0.053125 0.022656
0 0.438542 0.328906 0.089583 0.023438
0 0.555208 0.318750 0.035417 0.018750
0 0.614583 0.327344 0.037500 0.020313
0 0.688542 0.320312 0.027083 0.018750
0 0.636458 0.357031 0.077083 0.023438
0 0.367188 0.362109 0.090625 0.022656
0 0.671875 0.401562 0.064583 0.018750
0 0.623958 0.417969 0.027083 0.020313
0 0.694792 0.414062 0.027083 0.018750
0 0.485417 0.427344 0.022917 0.015625
0 0.626042 0.449219 0.025000 0.015625
0 0.696875 0.445312 0.027083 0.018750
0 0.365104 0.520703 0.065625 0.022656
0 0.388542 0.535156 0.070833 0.015625
0 0.666667 0.557031 0.108333 0.020313
0 0.468750 0.576562 0.170833 0.021875
0 0.678125 0.572656 0.025000 0.012500
0 0.404167 0.614844 0.129167 0.020313
0 0.672917 0.612500 0.108333 0.018750
0 0.391667 0.629687 0.062500 0.018750
0 0.397917 0.646094 0.047917 0.012500
0 0.466667 0.642969 0.083333 0.020313
0 0.531250 0.641406 0.022917 0.015625
0 0.681250 0.659375 0.100000 0.021875
0 0.396875 0.704688 0.064583 0.018750
0 0.472917 0.733203 0.212500 0.021094
0 0.419792 0.764453 0.102083 0.021094
0 0.498958 0.825000 0.064583 0.018750
0 0.514583 0.839844 0.035417 0.015625
0 0.555208 0.842187 0.033333 0.014063
0 0.377083 0.872656 0.022917 0.012500
0 0.772396 0.877734 0.228125 0.053906
0 0.928125 0.910156 0.143750 0.039062
0 0.882812 0.942969 0.234375 0.034375
0 0.847917 0.981250 0.304167 0.037500
0 0.553125 0.104297 0.111840 0.032265
0 0.616667 0.110156 0.064836 0.027563
0 0.469792 0.118359 0.048636 0.022969
0 0.658854 0.235156 0.050187 0.022823
0 0.509896 0.238281 0.039405 0.017319
0 0.449479 0.245703 0.070805 0.024035
0 0.436979 0.264453 0.043428 0.018014
0 0.568229 0.270313 0.058377 0.024274
0 0.667188 0.273438 0.060461 0.024201
0 0.522396 0.275000 0.058244 0.025960
0 0.651042 0.308984 0.061966 0.026725
0 0.596354 0.313672 0.047961 0.023857
0 0.509375 0.322266 0.057336 0.025156
0 0.653646 0.338672 0.062286 0.026654
0 0.600000 0.344922 0.049466 0.023809
0 0.475521 0.369141 0.037544 0.022592
0 0.660937 0.447266 0.041711 0.022362
0 0.551562 0.824609 0.040288 0.020835
0 0.941146 0.873828 0.127636 0.050619
0 0.405729 0.872656 0.036042 0.020032
