0 0.300347 0.290527 0.190972 0.028320
0 0.585069 0.245605 0.267361 0.016602
0 0.589410 0.267578 0.272569 0.017578
0 0.588542 0.286133 0.229167 0.017578
0 0.388021 0.368164 0.355903 0.017578
0 0.364583 0.497559 0.298611 0.020508
0 0.746528 0.494141 0.093750 0.017578
0 0.302083 0.291016 0.187500 0.031250
0 0.715278 0.362305 0.121528 0.019531
0 0.520833 0.422852 0.052083 0.019531
0 0.303819 0.461914 0.187500 0.019531
0 0.517361 0.459961 0.086806 0.015625
0 0.748264 0.458008 0.090278 0.015625
0 0.751736 0.495117 0.090278 0.019531
0 0.751736 0.533203 0.090278 0.017578
0 0.751736 0.552734 0.090278 0.017578
0 0.302083 0.575195 0.177083 0.019531
0 0.781250 0.670898 0.045139 0.015625
0 0.772569 0.730469 0.048611 0.013672
0 0.290799 0.922363 0.453125 0.030273
0 0.111979 0.946289 0.092014 0.027344
0 0.330729 0.946289 0.185764 0.025391
0 0.196181 0.946289 0.096727 0.032862
