0 0.249306 0.191797 0.229167 0.028906
0 0.585417 0.133203 0.240278 0.027344
0 0.586806 0.158594 0.365278 0.029687
0 0.585417 0.182422 0.287500 0.030469
0 0.354861 0.278125 0.420833 0.029687
0 0.345139 0.526953 0.365278 0.032031
0 0.814583 0.514453 0.112500 0.016406
0 0.250000 0.192969 0.225000 0.034375
0 0.626389 0.339062 0.041667 0.018750
0 0.532639 0.452344 0.093056 0.023438
0 0.817361 0.513281 0.112500 0.023438
0 0.430556 0.526563 0.036111 0.014063
0 0.481944 0.523438 0.075000 0.021875
0 0.823611 0.561719 0.113889 0.023438
0 0.834028 0.607422 0.098611 0.024219
0 0.201389 0.746094 0.058333 0.020313
