0 0.502119 0.161133 0.186441 0.021484
0 0.490466 0.184570 0.709746 0.025391
0 0.507415 0.209961 0.557203 0.023438
0 0.502119 0.313477 0.330508 0.017578
0 0.534958 0.585938 0.184322 0.021484
0 0.820975 0.585938 0.108051 0.017578
0 0.651483 0.210938 0.264831 0.027344
0 0.343220 0.234375 0.076271 0.023438
0 0.266949 0.290039 0.046610 0.015625
0 0.610169 0.293945 0.063559 0.015625
0 0.415254 0.312500 0.046610 0.017578
0 0.497881 0.313477 0.084746 0.019531
0 0.644068 0.314453 0.046610 0.017578
0 0.216102 0.342773 0.182203 0.019531
0 0.158898 0.363281 0.076271 0.017578
0 0.173729 0.386719 0.114407 0.017578
0 0.182203 0.435547 0.135593 0.023438
0 0.199153 0.458984 0.177966 0.023438
0 0.817797 0.532227 0.114407 0.019531
0 0.533898 0.583984 0.203390 0.027344
0 0.817797 0.586914 0.114407 0.019531
0 0.470339 0.667969 0.093220 0.023438
0 0.492585 0.744141 0.404661 0.023438
0 0.274364 0.936035 0.451271 0.026367
0 0.581568 0.532227 0.112005 0.027043
