0 0.239583 0.264160 0.201389 0.026367
0 0.514757 0.212402 0.269097 0.026367
0 0.516493 0.233398 0.269097 0.025391
0 0.517361 0.253906 0.232639 0.023438
0 0.318576 0.336426 0.355903 0.028320
0 0.305556 0.504395 0.305556 0.028320
0 0.688368 0.496582 0.105903 0.024414
0 0.236111 0.265625 0.187500 0.031250
0 0.437500 0.390625 0.090278 0.023438
0 0.182292 0.416992 0.062500 0.015625
0 0.506944 0.409180 0.114583 0.019531
0 0.453125 0.428711 0.090278 0.019531
0 0.243924 0.433594 0.185764 0.023438
0 0.245660 0.471191 0.189236 0.024414
0 0.456597 0.465820 0.090278 0.015625
0 0.654514 0.461914 0.048611 0.015625
0 0.302083 0.505859 0.298611 0.027344
0 0.697917 0.575195 0.093750 0.019531
0 0.244792 0.583984 0.177083 0.023438
0 0.282986 0.642578 0.246528 0.023438
0 0.627604 0.672852 0.251736 0.027344
0 0.187500 0.823242 0.052083 0.019531
0 0.253472 0.823242 0.059028 0.015625
0 0.433160 0.818848 0.293403 0.026367
0 0.670139 0.814453 0.163194 0.017578
0 0.289062 0.922363 0.449653 0.030273
0 0.111979 0.946289 0.092014 0.027344
0 0.328993 0.946289 0.182292 0.025391
0 0.196181 0.946289 0.096727 0.032862
