0 0.543403 0.345703 0.461806 0.103516
0 0.530382 0.373535 0.414931 0.083008
0 0.362847 0.390625 0.295139 0.064453
0 0.254340 0.575195 0.151042 0.037109
0 0.656250 0.644531 0.090278 0.025391
0 0.355903 0.343750 0.059028 0.023438
0 0.244792 0.371094 0.059028 0.023438
0 0.236111 0.389648 0.055556 0.025391
0 0.704861 0.401367 0.055556 0.025391
0 0.553819 0.421875 0.093750 0.031250
0 0.380208 0.433594 0.052083 0.023438
0 0.310764 0.453125 0.048611 0.017578
0 0.251736 0.499023 0.079861 0.025391
0 0.565972 0.525391 0.045139 0.017578
0 0.678819 0.607422 0.086806 0.027344
0 0.300347 0.628906 0.048611 0.017578
0 0.362847 0.315918 0.121087 0.049602
0 0.412326 0.353027 0.081417 0.032013
0 0.690104 0.370605 0.189225 0.065320
0 0.470486 0.362793 0.072802 0.033991
0 0.315104 0.384277 0.098947 0.030030
0 0.646701 0.390625 0.073701 0.028846
0 0.297743 0.401367 0.084962 0.027043
0 0.238715 0.410156 0.095030 0.032862
0 0.312500 0.422852 0.097189 0.040802
0 0.355035 0.459961 0.067608 0.025040
0 0.256076 0.466309 0.074572 0.028041
0 0.250000 0.482910 0.076285 0.030030
0 0.562500 0.493652 0.072832 0.028041
0 0.219618 0.568359 0.092012 0.033003
0 0.657118 0.644531 0.098947 0.031022
