0 0.452637 0.262637 0.329102 0.025641
0 0.452637 0.293407 0.674805 0.028571
0 0.694824 0.448352 0.225586 0.026374
0 0.209961 0.780586 0.253906 0.037363
0 0.776367 0.774725 0.117188 0.025641
0 0.451172 0.263004 0.333984 0.029304
0 0.174805 0.293773 0.119141 0.021978
0 0.360840 0.326740 0.159180 0.026374
0 0.536621 0.328205 0.170898 0.026374
0 0.116211 0.545055 0.042969 0.027839
0 0.735352 0.535531 0.167969 0.032234
0 0.434570 0.629304 0.119141 0.036630
0 0.765625 0.626374 0.125000 0.036630
0 0.435547 0.721612 0.121094 0.036630
0 0.770996 0.717216 0.127930 0.039560
0 0.162598 0.780952 0.176758 0.045421
0 0.775879 0.773993 0.127930 0.038828
0 0.370117 0.864835 0.073939 0.038950
