0 0.437500 0.194336 0.413194 0.027344
0 0.378472 0.217773 0.496528 0.027344
0 0.337674 0.288086 0.414931 0.019531
0 0.240451 0.437500 0.262153 0.023438
0 0.684028 0.433105 0.125000 0.016602
0 0.237847 0.270508 0.215278 0.019531
0 0.385417 0.270508 0.052083 0.015625
0 0.493924 0.267090 0.171875 0.026367
0 0.192708 0.317383 0.118056 0.019531
0 0.225694 0.342773 0.218750 0.019531
0 0.248264 0.411133 0.281250 0.025391
0 0.718750 0.407227 0.045139 0.019531
0 0.289062 0.922363 0.449653 0.030273
0 0.110243 0.945801 0.095486 0.028320
0 0.330729 0.946289 0.185764 0.025391
0 0.196181 0.946289 0.096727 0.032862
