0 0.460938 0.338379 0.197917 0.016602
0 0.458984 0.365723 0.246094 0.018555
0 0.607422 0.844238 0.222656 0.018555
0 0.250000 0.605469 0.101562 0.019531
0 0.677083 0.600586 0.072917 0.019531
0 0.460938 0.337891 0.203125 0.023438
0 0.229167 0.389648 0.039062 0.015625
0 0.463542 0.423828 0.270833 0.031250
0 0.364583 0.450195 0.028646 0.015625
0 0.420573 0.449219 0.046875 0.017578
0 0.515625 0.448242 0.080729 0.019531
0 0.438802 0.471680 0.450521 0.025391
0 0.537760 0.493164 0.057292 0.019531
0 0.535156 0.516602 0.057292 0.019531
0 0.665365 0.514648 0.072917 0.019531
0 0.361979 0.551758 0.028646 0.015625
0 0.252604 0.572266 0.114583 0.023438
0 0.673177 0.567383 0.072917 0.019531
0 0.243490 0.605469 0.101562 0.023438
0 0.677083 0.600586 0.075521 0.019531
0 0.274740 0.626953 0.164062 0.023438
0 0.470052 0.627930 0.052083 0.019531
0 0.679688 0.626953 0.078125 0.023438
0 0.326823 0.697266 0.252604 0.027344
0 0.688802 0.750977 0.062500 0.019531
0 0.278646 0.781738 0.171875 0.026367
0 0.317708 0.805664 0.244792 0.029297
0 0.684896 0.806641 0.078125 0.023438
0 0.466146 0.872070 0.156250 0.025391
0 0.455729 0.890625 0.369792 0.023438
