0 0.477431 0.233398 0.298611 0.021484
0 0.437500 0.251465 0.357639 0.018555
0 0.409722 0.301270 0.295139 0.016602
0 0.351562 0.442383 0.196181 0.017578
0 0.672743 0.436523 0.109375 0.019531
0 0.506944 0.290039 0.163194 0.015625
0 0.503472 0.304688 0.107639 0.013672
0 0.531250 0.371094 0.072917 0.013672
0 0.642361 0.439453 0.045139 0.013672
0 0.690972 0.436523 0.059028 0.019531
0 0.477431 0.462891 0.322917 0.027344
0 0.289062 0.922363 0.449653 0.030273
0 0.110243 0.945801 0.095486 0.028320
0 0.330729 0.946289 0.185764 0.025391
