0 0.289062 0.721354 0.029297 0.143229
0 0.289062 0.497396 0.021484 0.169271
0 0.366211 0.660807 0.023438 0.272135
0 0.502441 0.679036 0.028320 0.230469
0 0.501465 0.374349 0.024414 0.066406
0 0.503906 0.356771 0.017578 0.039062
0 0.752930 0.359375 0.015625 0.039062
0 0.729492 0.414062 0.019531 0.044271
0 0.466797 0.540365 0.013672 0.036458
0 0.347656 0.597656 0.017578 0.031250
0 0.369141 0.665365 0.017578 0.156250
0 0.750000 0.632161 0.023438 0.131510
0 0.586914 0.675781 0.019531 0.041667
0 0.446289 0.692708 0.019531 0.049479
0 0.367188 0.769531 0.023438 0.054688
