0 0.432129 0.066722 0.637695 0.073037
0 0.167969 0.200165 0.142578 0.029105
0 0.691895 0.230093 0.233398 0.028556
0 0.152344 0.221307 0.111328 0.021966
0 0.125000 0.880560 0.132812 0.035695
0 0.841309 0.859967 0.213867 0.031851
0 0.135254 0.277320 0.081055 0.027457
0 0.213379 0.312740 0.077148 0.028007
0 0.589844 0.303679 0.044922 0.019769
0 0.150879 0.329215 0.116211 0.028007
0 0.776855 0.338001 0.096680 0.021417
0 0.196289 0.361340 0.212891 0.030752
0 0.146973 0.380835 0.116211 0.024712
0 0.786133 0.385502 0.097656 0.020868
0 0.142578 0.412411 0.107422 0.021966
0 0.156250 0.434926 0.134766 0.023064
0 0.788086 0.433828 0.117188 0.020868
0 0.117188 0.466227 0.060547 0.021966
0 0.132812 0.489841 0.099609 0.023064
0 0.816406 0.483800 0.083984 0.019769
0 0.208496 0.525535 0.260742 0.029654
0 0.809570 0.536518 0.121094 0.021966
0 0.120117 0.547501 0.078125 0.024163
0 0.149902 0.572762 0.145508 0.029654
0 0.274902 0.608731 0.403320 0.029105
0 0.825195 0.613399 0.125000 0.021966
0 0.181641 0.634816 0.214844 0.028556
0 0.147461 0.660626 0.146484 0.027457
0 0.221680 0.698792 0.298828 0.030203
0 0.850586 0.693575 0.109375 0.024163
0 0.133789 0.725975 0.130859 0.028556
0 0.651367 0.779242 0.054688 0.024163
0 0.856445 0.774849 0.134766 0.027457
0 0.121582 0.789676 0.124023 0.040637
0 0.124512 0.879187 0.141602 0.047227
0 0.148926 0.917902 0.188477 0.035695
0 0.226562 0.968149 0.103516 0.032949
0 0.234863 0.048874 0.086876 0.031765
0 0.488281 0.056013 0.126932 0.031765
0 0.186523 0.136189 0.075978 0.022944
0 0.145996 0.176002 0.094632 0.031213
0 0.139160 0.307798 0.090632 0.027892
0 0.331543 0.367930 0.070842 0.024002
0 0.369629 0.529929 0.072249 0.028499
