0 0.455078 0.168009 0.490234 0.034407
0 0.461426 0.249268 0.249023 0.028551
0 0.456543 0.225110 0.541992 0.024158
0 0.456543 0.199488 0.555664 0.022694
0 0.345703 0.365300 0.347656 0.024890
0 0.312500 0.788433 0.255859 0.035139
0 0.700684 0.773792 0.149414 0.033675
0 0.456055 0.170205 0.494141 0.038799
0 0.456055 0.201318 0.554688 0.026354
0 0.460938 0.250000 0.244141 0.032943
0 0.462891 0.271596 0.148438 0.029283
0 0.463867 0.303075 0.226562 0.030747
0 0.312500 0.456076 0.060547 0.014641
0 0.321777 0.488287 0.100586 0.021962
0 0.439453 0.486091 0.027344 0.017570
0 0.516602 0.484627 0.048828 0.017570
0 0.556641 0.535139 0.082031 0.021962
0 0.559570 0.589312 0.087891 0.021962
0 0.714844 0.586384 0.085938 0.021962
0 0.723633 0.623719 0.072266 0.020498
0 0.564453 0.669839 0.085938 0.021962
0 0.717285 0.665813 0.084961 0.022694
0 0.265625 0.693265 0.070312 0.021962
0 0.564453 0.719619 0.085938 0.021962
0 0.719727 0.715227 0.083984 0.021962
0 0.203125 0.732064 0.013672 0.016105
0 0.254883 0.745974 0.042969 0.014641
0 0.351562 0.788433 0.173828 0.029283
0 0.220703 0.861640 0.042969 0.019034
0 0.488281 0.887262 0.070312 0.023426
0 0.371582 0.225110 0.075069 0.029846
0 0.224609 0.790630 0.087551 0.036444
0 0.270020 0.866398 0.070944 0.032740
