0 0.395139 0.155469 0.306944 0.014063
0 0.335417 0.330078 0.184722 0.013281
0 0.677083 0.328125 0.106944 0.015625
0 0.704167 0.216406 0.055556 0.015625
0 0.687500 0.264062 0.088889 0.014063
0 0.372222 0.282031 0.052778 0.015625
0 0.687500 0.280469 0.088889 0.015625
0 0.688889 0.296094 0.086111 0.015625
0 0.310417 0.315625 0.131944 0.015625
0 0.669444 0.391406 0.041667 0.015625
0 0.718056 0.391406 0.038889 0.012500
0 0.311111 0.408594 0.136111 0.015625
0 0.662500 0.414844 0.077778 0.028125
0 0.361111 0.425000 0.244444 0.018750
0 0.273611 0.441406 0.066667 0.015625
0 0.326389 0.457031 0.172222 0.015625
0 0.695833 0.471094 0.088889 0.015625
0 0.322222 0.504687 0.161111 0.018750
0 0.511111 0.522656 0.036111 0.012500
0 0.295833 0.538281 0.119444 0.020313
0 0.700000 0.536719 0.091667 0.015625
0 0.726389 0.570312 0.038889 0.014063
0 0.276389 0.747656 0.083333 0.015625
0 0.281944 0.766406 0.094444 0.015625
0 0.318056 0.782813 0.169444 0.018750
0 0.362500 0.801562 0.258333 0.018750
0 0.291667 0.922656 0.452778 0.034375
0 0.113889 0.947656 0.088889 0.023438
0 0.330556 0.947266 0.186111 0.028906
0 0.197917 0.946875 0.097990 0.032559
