0 0.487793 0.177289 0.319336 0.024908
0 0.488281 0.208791 0.646484 0.027839
0 0.719238 0.355678 0.211914 0.025641
0 0.265137 0.843956 0.249023 0.036630
0 0.815430 0.836264 0.119141 0.024176
0 0.401367 0.241758 0.148438 0.021978
0 0.570801 0.239927 0.163086 0.024176
0 0.174805 0.446886 0.041016 0.023443
0 0.163086 0.526740 0.019531 0.023443
0 0.788574 0.520147 0.108398 0.032234
0 0.805176 0.604029 0.094727 0.032967
0 0.322266 0.653480 0.355469 0.038095
0 0.260742 0.746520 0.236328 0.036630
0 0.484375 0.786813 0.113281 0.035165
0 0.809082 0.782051 0.122070 0.038828
0 0.220703 0.842857 0.167969 0.041758
0 0.812988 0.836996 0.125977 0.041758
0 0.504883 0.484615 0.081240 0.031304
0 0.346680 0.841758 0.097092 0.043814
0 0.422852 0.910623 0.067458 0.034286
