0 0.183051 0.187500 0.196610 0.032813
0 0.452542 0.152344 0.196610 0.017188
0 0.458475 0.169141 0.306780 0.019531
0 0.458475 0.183984 0.232203 0.016406
0 0.272881 0.245703 0.355932 0.021094
0 0.297458 0.503906 0.313559 0.028125
0 0.680508 0.493750 0.110169 0.018750
0 0.333898 0.246094 0.061017 0.012500
0 0.574576 0.299219 0.115254 0.015625
0 0.642373 0.310156 0.091525 0.020313
0 0.201695 0.324219 0.193220 0.020313
0 0.316949 0.336719 0.047458 0.012500
0 0.572881 0.328906 0.071186 0.012500
0 0.193220 0.341406 0.044068 0.012500
0 0.652542 0.340625 0.088136 0.014063
0 0.250847 0.353125 0.108475 0.018750
0 0.154237 0.357812 0.074576 0.014063
0 0.190678 0.370312 0.150847 0.018750
0 0.661017 0.384375 0.091525 0.014063
0 0.216102 0.400391 0.191525 0.022656
0 0.432203 0.393750 0.088136 0.014063
0 0.659322 0.399219 0.101695 0.015625
0 0.403390 0.425000 0.071186 0.014063
0 0.149153 0.432812 0.050847 0.014063
0 0.672881 0.431250 0.088136 0.014063
0 0.440678 0.438281 0.091525 0.015625
0 0.338983 0.459375 0.050847 0.010937
0 0.448305 0.454297 0.164407 0.021094
0 0.416949 0.470313 0.037288 0.014063
0 0.469492 0.469531 0.047458 0.012500
0 0.654237 0.463281 0.037288 0.012500
0 0.226271 0.476953 0.201695 0.024219
0 0.679661 0.492969 0.108475 0.015625
0 0.688136 0.524219 0.105085 0.015625
0 0.176271 0.542969 0.067797 0.020313
0 0.327119 0.536719 0.047458 0.015625
0 0.322034 0.600781 0.108475 0.020313
0 0.437288 0.596875 0.108475 0.018750
0 0.641525 0.620703 0.242373 0.028906
0 0.205085 0.639062 0.098305 0.021875
0 0.484746 0.643750 0.081356 0.018750
0 0.642373 0.655469 0.257627 0.028125
0 0.755932 0.717969 0.050847 0.015625
0 0.437288 0.729688 0.037288 0.014063
0 0.510169 0.728125 0.088136 0.014063
0 0.255932 0.736328 0.172881 0.021094
0 0.632203 0.775000 0.301695 0.025000
0 0.327119 0.784375 0.311864 0.029687
0 0.290678 0.937109 0.449153 0.025781
0 0.244068 0.956250 0.352542 0.021875
0 0.592373 0.253125 0.077675 0.018723
0 0.561864 0.358203 0.098014 0.017596
0 0.702542 0.460156 0.053713 0.015888
0 0.204237 0.573828 0.087184 0.021049
0 0.297458 0.635156 0.083602 0.020273
0 0.692373 0.719922 0.073625 0.019619
0 0.607627 0.722656 0.100950 0.021689
