0 0.268555 0.466797 0.029297 0.480469
0 0.297363 0.464193 0.026367 0.063802
0 0.328613 0.466797 0.026367 0.514323
0 0.354492 0.469401 0.021484 0.183594
0 0.464355 0.645833 0.020508 0.216146
0 0.636719 0.633464 0.033203 0.230469
0 0.641602 0.255208 0.027344 0.119792
0 0.713867 0.210938 0.019531 0.033854
0 0.329102 0.338542 0.019531 0.070312
0 0.817383 0.333333 0.019531 0.101562
0 0.816406 0.415365 0.017578 0.062500
0 0.434570 0.453125 0.019531 0.130208
0 0.533203 0.507812 0.017578 0.028646
0 0.491211 0.610677 0.015625 0.078125
0 0.636719 0.626302 0.023438 0.085938
0 0.705078 0.652344 0.023438 0.111979
0 0.705078 0.725260 0.023438 0.049479
0 0.463379 0.434245 0.017762 0.037598
