0 0.342882 0.257324 0.168403 0.026367
0 0.585069 0.223633 0.253472 0.017578
0 0.587674 0.241699 0.206597 0.016602
0 0.591146 0.259766 0.206597 0.013672
0 0.417535 0.323242 0.307292 0.017578
0 0.406250 0.437988 0.256944 0.016602
0 0.738715 0.434570 0.092014 0.015625
0 0.345486 0.256836 0.170139 0.029297
0 0.350694 0.341797 0.038194 0.013672
0 0.526042 0.374023 0.076389 0.015625
0 0.354167 0.407227 0.159722 0.015625
0 0.534722 0.407227 0.086806 0.015625
0 0.734375 0.403320 0.090278 0.015625
0 0.737847 0.436523 0.090278 0.015625
0 0.717014 0.470703 0.041667 0.013672
0 0.331597 0.506836 0.104167 0.019531
0 0.413194 0.507812 0.045139 0.013672
0 0.720486 0.503906 0.041667 0.013672
0 0.661458 0.520508 0.062500 0.015625
0 0.645833 0.588867 0.309028 0.019531
0 0.661458 0.622070 0.138889 0.015625
0 0.772569 0.636719 0.041667 0.013672
0 0.290799 0.922363 0.453125 0.030273
0 0.110243 0.946289 0.095486 0.027344
0 0.330729 0.946289 0.185764 0.025391
0 0.596354 0.520996 0.058491 0.018683
0 0.196181 0.946289 0.096727 0.032862
