0 0.340495 0.196777 0.154948 0.034180
0 0.584635 0.153320 0.281250 0.023438
0 0.582682 0.178223 0.214844 0.022461
0 0.583333 0.202637 0.195312 0.020508
0 0.403646 0.286621 0.291667 0.024414
0 0.377604 0.544434 0.242188 0.020508
0 0.701823 0.552246 0.080729 0.016602
0 0.404948 0.287109 0.299479 0.027344
0 0.671875 0.312500 0.161458 0.023438
0 0.277344 0.350586 0.041667 0.019531
0 0.502604 0.356445 0.075521 0.019531
0 0.332682 0.394043 0.162760 0.026367
0 0.709635 0.399414 0.078125 0.019531
0 0.351562 0.416992 0.192708 0.025391
0 0.548177 0.420898 0.187500 0.019531
0 0.444010 0.440430 0.119792 0.019531
0 0.332682 0.459473 0.162760 0.026367
0 0.510417 0.462891 0.078125 0.023438
0 0.329427 0.502930 0.156250 0.019531
0 0.511719 0.504883 0.072917 0.019531
0 0.337240 0.543945 0.174479 0.025391
0 0.701823 0.551758 0.088542 0.019531
0 0.699219 0.595703 0.091146 0.023438
0 0.704427 0.639648 0.078125 0.019531
0 0.707031 0.815430 0.041667 0.015625
0 0.705078 0.155273 0.050258 0.027043
0 0.671224 0.179688 0.050360 0.025040
