0 0.427083 0.476562 0.372396 0.023438
0 0.370443 0.506836 0.433594 0.021484
0 0.330729 0.594727 0.361979 0.021484
0 0.246094 0.745117 0.223958 0.025391
0 0.641927 0.751953 0.104167 0.023438
0 0.171875 0.507812 0.046875 0.023438
0 0.269531 0.539062 0.236979 0.027344
0 0.246094 0.567383 0.195312 0.025391
0 0.455729 0.567383 0.197917 0.025391
0 0.447917 0.592773 0.132812 0.023438
0 0.170573 0.623047 0.049479 0.023438
0 0.388021 0.623047 0.036458 0.023438
0 0.458333 0.624023 0.044271 0.019531
0 0.481771 0.655273 0.065104 0.019531
0 0.197917 0.683594 0.135417 0.031250
0 0.255859 0.714355 0.251302 0.030273
0 0.675781 0.720703 0.039062 0.023438
0 0.398438 0.785156 0.382812 0.037109
0 0.224609 0.625488 0.068753 0.028041
