0 0.522786 0.498047 0.269531 0.017578
0 0.484375 0.519043 0.315104 0.018555
0 0.455078 0.582031 0.266927 0.019531
0 0.391276 0.697266 0.170573 0.019531
0 0.680990 0.698242 0.091146 0.017578
0 0.389974 0.562988 0.141927 0.020508
0 0.546875 0.563477 0.143229 0.019531
0 0.541667 0.583008 0.096354 0.015625
0 0.337240 0.606445 0.036458 0.015625
0 0.549479 0.605469 0.033854 0.013672
0 0.575521 0.626953 0.096354 0.017578
0 0.352865 0.649414 0.106771 0.025391
0 0.500000 0.650391 0.028646 0.017578
0 0.678385 0.650391 0.093750 0.017578
0 0.502604 0.724609 0.286458 0.027344
0 0.376953 0.606445 0.050581 0.020993
