0 0.470703 0.244141 0.269531 0.025391
0 0.470703 0.281738 0.337240 0.030273
0 0.674479 0.855957 0.270833 0.024414
0 0.217448 0.781250 0.132812 0.025391
0 0.761719 0.776367 0.106771 0.021484
0 0.471354 0.245117 0.270833 0.029297
0 0.479167 0.365234 0.367188 0.037109
0 0.346354 0.401367 0.041667 0.025391
0 0.423177 0.401367 0.059896 0.025391
0 0.548177 0.400391 0.106771 0.027344
0 0.576823 0.461914 0.075521 0.025391
0 0.747396 0.458984 0.093750 0.027344
0 0.582031 0.528320 0.075521 0.025391
0 0.205729 0.565430 0.119792 0.025391
0 0.315104 0.561523 0.039062 0.019531
0 0.408854 0.561523 0.054688 0.019531
0 0.752604 0.558594 0.093750 0.027344
0 0.585938 0.628906 0.078125 0.027344
0 0.208333 0.667969 0.119792 0.027344
0 0.411458 0.661133 0.054688 0.019531
0 0.585938 0.661133 0.078125 0.025391
0 0.752604 0.659180 0.109375 0.025391
0 0.360677 0.710938 0.036458 0.017578
0 0.218099 0.741211 0.147135 0.029297
0 0.211589 0.782227 0.128906 0.029297
0 0.761719 0.774414 0.106771 0.025391
0 0.498698 0.809570 0.065104 0.025391
0 0.761068 0.806641 0.108073 0.029297
0 0.496094 0.895508 0.190104 0.029297
0 0.251953 0.401855 0.087014 0.035850
