0 0.330078 0.136230 0.154948 0.038086
0 0.565755 0.096680 0.212240 0.025391
0 0.564453 0.122559 0.217448 0.020508
0 0.564453 0.145020 0.183594 0.020508
0 0.389974 0.222168 0.287760 0.032227
0 0.358073 0.431152 0.244792 0.028320
0 0.672526 0.442383 0.074219 0.017578
0 0.557943 0.167969 0.149740 0.027344
0 0.386719 0.223633 0.291667 0.035156
0 0.651042 0.231445 0.122396 0.019531
0 0.645833 0.252930 0.153646 0.019531
0 0.671875 0.294922 0.078125 0.023438
0 0.601562 0.317383 0.049479 0.015625
0 0.309245 0.326172 0.149740 0.031250
0 0.488281 0.334961 0.072917 0.019531
0 0.679036 0.338867 0.074219 0.023438
0 0.285156 0.346680 0.101562 0.025391
0 0.363281 0.371094 0.257812 0.031250
0 0.671875 0.359375 0.085938 0.017578
0 0.311198 0.389160 0.158854 0.030273
0 0.485677 0.396484 0.072917 0.017578
0 0.441406 0.436523 0.067708 0.019531
0 0.669271 0.485352 0.075521 0.019531
0 0.667969 0.504883 0.072917 0.019531
0 0.298177 0.576172 0.143229 0.023438
0 0.361979 0.620117 0.276042 0.029297
0 0.600260 0.649902 0.203125 0.032227
0 0.389974 0.706055 0.191406 0.029297
0 0.579427 0.714844 0.054688 0.023438
0 0.235677 0.723633 0.036458 0.015625
0 0.324219 0.725098 0.132812 0.026367
0 0.498698 0.732422 0.190104 0.027344
0 0.645833 0.741211 0.098958 0.025391
0 0.473958 0.797852 0.330729 0.035156
0 0.575521 0.125488 0.062287 0.028041
0 0.311849 0.283203 0.063312 0.030859
0 0.396484 0.579102 0.058314 0.027043
0 0.281901 0.638672 0.058314 0.027043
0 0.516276 0.711426 0.068836 0.028041
