0 0.481120 0.105469 0.324219 0.035156
0 0.478516 0.136230 0.420573 0.038086
0 0.739583 0.902344 0.369792 0.041016
0 0.128255 0.505859 0.220052 0.037109
0 0.865885 0.500000 0.140625 0.031250
0 0.488281 0.215820 0.463542 0.042969
0 0.113281 0.257812 0.065104 0.023438
0 0.316406 0.254883 0.049479 0.025391
0 0.550781 0.250000 0.075521 0.023438
0 0.384766 0.287109 0.654948 0.037109
0 0.390625 0.321289 0.070312 0.019531
0 0.848958 0.317383 0.119792 0.029297
0 0.381510 0.366211 0.682292 0.039062
0 0.388021 0.403320 0.072917 0.025391
0 0.619792 0.405273 0.127604 0.035156
0 0.851562 0.402344 0.140625 0.031250
0 0.326823 0.467773 0.020833 0.023438
0 0.116536 0.507812 0.204427 0.041016
0 0.505208 0.548828 0.088542 0.031250
0 0.356120 0.623047 0.285156 0.042969
0 0.061198 0.677734 0.067708 0.041016
0 0.344401 0.671875 0.191406 0.042969
0 0.916667 0.707031 0.046875 0.031250
0 0.131510 0.724609 0.205729 0.031250
0 0.880208 0.754883 0.122396 0.035156
0 0.873698 0.840820 0.125000 0.035156
0 0.252604 0.854980 0.419271 0.041992
0 0.506510 0.953125 0.255208 0.037109
0 0.619141 0.251465 0.062927 0.031935
0 0.195964 0.257324 0.100092 0.035850
0 0.169922 0.675293 0.164953 0.058803
