0 0.477431 0.210938 0.218750 0.044922
0 0.491319 0.248535 0.177083 0.030273
0 0.480035 0.303711 0.564236 0.025391
0 0.250868 0.486816 0.199653 0.022461
0 0.526042 0.486816 0.239583 0.014648
0 0.348958 0.717285 0.381944 0.030273
0 0.799479 0.726074 0.157986 0.026367
0 0.510417 0.307617 0.340278 0.025391
0 0.480903 0.336426 0.309028 0.026367
0 0.482639 0.369141 0.291667 0.027344
0 0.480035 0.404297 0.463542 0.039062
0 0.558160 0.435059 0.105903 0.026367
0 0.192708 0.457031 0.086806 0.023438
0 0.253472 0.486328 0.208333 0.027344
0 0.526042 0.487305 0.243056 0.019531
0 0.241319 0.511719 0.190972 0.027344
0 0.526042 0.513672 0.246528 0.023438
0 0.324653 0.539062 0.357639 0.027344
0 0.312500 0.564453 0.131944 0.023438
0 0.534722 0.565430 0.038194 0.019531
0 0.258681 0.599609 0.288194 0.023438
0 0.819444 0.599609 0.111111 0.023438
0 0.210069 0.633301 0.107639 0.032227
0 0.810764 0.634766 0.121528 0.023438
0 0.288194 0.675781 0.270833 0.031250
0 0.340278 0.720703 0.368056 0.031250
0 0.639757 0.781250 0.206597 0.039062
0 0.626736 0.876465 0.142361 0.030273
0 0.263021 0.302246 0.140448 0.033860
0 0.721354 0.302734 0.087118 0.028422
