0 0.507161 0.478516 0.225260 0.021484
0 0.501953 0.506836 0.287760 0.023438
0 0.666016 0.800293 0.246094 0.018555
0 0.268880 0.729980 0.131510 0.022461
0 0.761719 0.736328 0.083333 0.017578
0 0.505859 0.477539 0.233073 0.029297
0 0.500000 0.504883 0.296875 0.029297
0 0.223958 0.527344 0.044271 0.017578
0 0.507812 0.574219 0.330729 0.037109
0 0.276693 0.606445 0.121094 0.031250
0 0.385417 0.605469 0.041667 0.023438
0 0.455729 0.605469 0.057292 0.023438
0 0.710938 0.608398 0.135417 0.025391
0 0.468750 0.637695 0.520833 0.029297
0 0.434896 0.664062 0.049479 0.017578
0 0.588542 0.666016 0.088542 0.023438
0 0.281250 0.703125 0.041667 0.023438
0 0.294922 0.730469 0.069010 0.027344
0 0.291667 0.754883 0.182292 0.025391
0 0.516927 0.761719 0.059896 0.023438
0 0.509115 0.797852 0.559896 0.029297
0 0.506510 0.827148 0.169271 0.025391
0 0.231771 0.702148 0.075134 0.032862
