0 0.470215 0.017570 0.163086 0.027818
0 0.458984 0.040996 0.412109 0.045388
0 0.495605 0.063690 0.479492 0.040996
0 0.636719 0.781479 0.289062 0.028551
0 0.386719 0.515007 0.275391 0.047584
0 0.699219 0.513909 0.121094 0.043924
0 0.613281 0.036603 0.070312 0.023426
0 0.610352 0.059663 0.253906 0.028551
0 0.290039 0.095168 0.033203 0.020498
0 0.501465 0.084919 0.145508 0.030747
0 0.699219 0.171303 0.107422 0.027818
0 0.250000 0.294290 0.017578 0.021962
0 0.556641 0.289165 0.060547 0.026354
0 0.250000 0.319180 0.017578 0.021962
0 0.250000 0.343338 0.017578 0.023426
0 0.251953 0.369693 0.013672 0.020498
0 0.537109 0.366032 0.074219 0.023426
0 0.251953 0.393851 0.017578 0.021962
0 0.253906 0.418741 0.013672 0.019034
0 0.250977 0.439971 0.019531 0.020498
0 0.250000 0.462665 0.013672 0.019034
0 0.698242 0.461201 0.103516 0.023426
0 0.553223 0.549414 0.245117 0.030015
0 0.740234 0.547584 0.035156 0.023426
0 0.469727 0.653001 0.218750 0.027818
0 0.681641 0.650805 0.134766 0.029283
0 0.541992 0.679356 0.109375 0.027818
0 0.717773 0.677160 0.093750 0.026354
0 0.264160 0.709370 0.069336 0.030747
0 0.541992 0.704978 0.109375 0.026354
0 0.719727 0.702782 0.093750 0.027818
0 0.042969 0.732064 0.085938 0.140556
0 0.251953 0.762079 0.041016 0.026354
0 0.436035 0.758785 0.094727 0.030015
0 0.628906 0.756955 0.052734 0.027818
0 0.494141 0.840044 0.240234 0.030015
