0 0.197754 0.562500 0.041992 0.484375
0 0.228027 0.560547 0.028320 0.071615
0 0.254883 0.559896 0.044922 0.510417
0 0.279785 0.558594 0.020508 0.192708
0 0.746582 0.705729 0.032227 0.239583
0 0.738281 0.338542 0.031250 0.143229
0 0.738281 0.339844 0.027344 0.143229
0 0.774414 0.313802 0.019531 0.098958
0 0.252930 0.438802 0.019531 0.067708
0 0.277344 0.497396 0.017578 0.054688
0 0.298340 0.520182 0.026367 0.131510
0 0.489258 0.513021 0.015625 0.033854
0 0.922852 0.559896 0.019531 0.085938
0 0.204102 0.705729 0.025391 0.046875
0 0.535156 0.669271 0.017578 0.044271
0 0.651367 0.666667 0.019531 0.044271
0 0.748047 0.705729 0.023438 0.088542
0 0.537109 0.718750 0.013672 0.054688
0 0.257324 0.511068 0.020918 0.042684
