0 0.108724 0.672852 0.165365 0.039062
0 0.760417 0.665039 0.117188 0.025391
0 0.660807 0.802246 0.321615 0.041992
0 0.452474 0.249512 0.316406 0.043945
0 0.444010 0.288574 0.385417 0.045898
0 0.449870 0.250488 0.316406 0.049805
0 0.441406 0.291016 0.239583 0.037109
0 0.449219 0.379883 0.427083 0.058594
0 0.102865 0.413086 0.070312 0.029297
0 0.298177 0.420898 0.049479 0.029297
0 0.390625 0.422852 0.072917 0.029297
0 0.531901 0.427734 0.126302 0.037109
0 0.279948 0.457031 0.460938 0.046875
0 0.078776 0.487305 0.071615 0.035156
0 0.229167 0.494141 0.057292 0.031250
0 0.559896 0.498047 0.104167 0.031250
0 0.117188 0.527344 0.145833 0.031250
0 0.248698 0.528320 0.044271 0.025391
0 0.364583 0.529297 0.067708 0.023438
0 0.563802 0.534180 0.085938 0.029297
0 0.747396 0.536133 0.125000 0.029297
0 0.295573 0.584961 0.044271 0.025391
0 0.119792 0.619141 0.192708 0.042969
0 0.757812 0.617188 0.125000 0.031250
0 0.106120 0.673828 0.170573 0.042969
0 0.760417 0.666016 0.125000 0.031250
0 0.156250 0.708984 0.268229 0.037109
0 0.459635 0.708984 0.075521 0.031250
0 0.764323 0.706055 0.122396 0.029297
0 0.149740 0.758789 0.260417 0.035156
0 0.763021 0.748047 0.125000 0.031250
0 0.455078 0.854004 0.235677 0.043945
0 0.422526 0.887207 0.579427 0.053711
0 0.286458 0.283691 0.080496 0.039814
0 0.184245 0.416992 0.107785 0.048616
0 0.158203 0.490723 0.099809 0.043675
