0 0.458333 0.207520 0.098958 0.020508
0 0.509766 0.337891 0.462240 0.029297
0 0.329427 0.521973 0.158854 0.018555
0 0.549479 0.521484 0.203125 0.019531
0 0.325521 0.550781 0.148438 0.023438
0 0.542318 0.546875 0.207031 0.019531
0 0.414062 0.799316 0.312500 0.040039
0 0.774089 0.796387 0.139323 0.036133
0 0.502604 0.367188 0.234375 0.023438
0 0.501953 0.399902 0.225260 0.030273
0 0.503906 0.436523 0.354167 0.039062
0 0.322917 0.470703 0.140625 0.027344
0 0.565104 0.467773 0.080729 0.019531
0 0.283854 0.497070 0.059896 0.019531
0 0.444010 0.493164 0.148438 0.029297
0 0.329427 0.523438 0.158854 0.027344
0 0.542969 0.519531 0.195312 0.023438
0 0.321615 0.550781 0.143229 0.027344
0 0.388021 0.578125 0.276042 0.027344
0 0.376302 0.603516 0.101562 0.023438
0 0.550781 0.602539 0.031250 0.019531
0 0.649740 0.601562 0.065104 0.023438
0 0.644531 0.638672 0.080729 0.023438
0 0.279948 0.669922 0.106771 0.023438
0 0.645833 0.667969 0.083333 0.023438
0 0.298828 0.706543 0.082031 0.030273
0 0.361979 0.751953 0.208333 0.031250
0 0.402344 0.797852 0.291667 0.035156
0 0.766927 0.796875 0.127604 0.031250
0 0.371745 0.641113 0.079079 0.033860
