0 0.505859 0.342285 0.246094 0.024414
0 0.501953 0.375488 0.308594 0.028320
0 0.690755 0.868652 0.272135 0.024414
0 0.251302 0.787598 0.127604 0.026367
0 0.789062 0.785156 0.091146 0.019531
0 0.504557 0.340820 0.251302 0.031250
0 0.209635 0.405273 0.046875 0.019531
0 0.236979 0.485352 0.049479 0.019531
0 0.297526 0.487305 0.074219 0.031250
0 0.384115 0.485352 0.036458 0.019531
0 0.455729 0.482422 0.057292 0.023438
0 0.572917 0.482422 0.104167 0.027344
0 0.721354 0.476562 0.145833 0.027344
0 0.363281 0.513672 0.330729 0.027344
0 0.276042 0.544922 0.156250 0.027344
0 0.602865 0.540039 0.075521 0.025391
0 0.250000 0.574219 0.109375 0.023438
0 0.604167 0.569336 0.072917 0.025391
0 0.770833 0.568359 0.093750 0.023438
0 0.410156 0.607422 0.429688 0.031250
0 0.329427 0.639648 0.044271 0.025391
0 0.244792 0.670898 0.109375 0.025391
0 0.347656 0.668945 0.036458 0.019531
0 0.606771 0.669922 0.078125 0.027344
0 0.777344 0.668945 0.096354 0.025391
0 0.273438 0.713867 0.046875 0.025391
0 0.385417 0.715820 0.039062 0.019531
0 0.786458 0.743164 0.093750 0.025391
0 0.276042 0.786133 0.052083 0.025391
0 0.790365 0.786133 0.096354 0.029297
0 0.279948 0.815430 0.200521 0.025391
0 0.527344 0.821289 0.065104 0.025391
0 0.515625 0.905273 0.187500 0.029297
0 0.560547 0.511230 0.066829 0.024239
0 0.275391 0.639648 0.073773 0.032862
0 0.192057 0.977539 0.055476 0.058496
