0 0.469238 0.215018 0.348633 0.022711
0 0.470703 0.251282 0.716797 0.029304
0 0.725098 0.414652 0.237305 0.027839
0 0.206055 0.761538 0.273438 0.044689
0 0.795898 0.756777 0.146484 0.033700
0 0.468750 0.215385 0.353516 0.030769
0 0.175781 0.251282 0.125000 0.021978
0 0.370605 0.286447 0.166992 0.027839
0 0.558105 0.284249 0.182617 0.027839
0 0.469727 0.368132 0.335938 0.032967
0 0.110352 0.512088 0.050781 0.029304
0 0.420898 0.513919 0.076172 0.030037
0 0.095703 0.702564 0.052734 0.032234
0 0.445312 0.701465 0.109375 0.040293
0 0.792480 0.700366 0.153320 0.039560
0 0.155273 0.764469 0.187500 0.047619
0 0.795410 0.758974 0.155273 0.039560
0 0.481445 0.513919 0.061777 0.037922
0 0.375488 0.852747 0.076748 0.041184
