0 0.454449 0.265137 0.531780 0.022461
0 0.376059 0.289062 0.616525 0.021484
0 0.322034 0.357422 0.525424 0.019531
0 0.189619 0.559082 0.341102 0.026367
0 0.764831 0.562988 0.177966 0.022461
0 0.224576 0.314453 0.330508 0.027344
0 0.493644 0.338379 0.279661 0.020508
0 0.493644 0.361328 0.169492 0.017578
0 0.091102 0.383789 0.067797 0.019531
0 0.135593 0.411133 0.199153 0.019531
0 0.175847 0.434570 0.135593 0.019531
0 0.521186 0.434570 0.122881 0.019531
0 0.521186 0.458984 0.127119 0.023438
0 0.088983 0.482422 0.127119 0.023438
0 0.521186 0.483398 0.122881 0.019531
0 0.163136 0.506836 0.101695 0.025391
0 0.201271 0.534180 0.368644 0.025391
0 0.817797 0.535156 0.059322 0.023438
0 0.237288 0.562500 0.254237 0.023438
0 0.601695 0.595703 0.186441 0.029297
0 0.274364 0.936035 0.451271 0.026367
0 0.168432 0.385742 0.099264 0.027043
0 0.073093 0.434082 0.089941 0.029854
0 0.066737 0.505859 0.111610 0.030859
