0 0.448730 0.536603 0.262695 0.035139
0 0.698242 0.551977 0.099609 0.024890
0 0.622070 0.385432 0.287109 0.031479
0 0.569336 0.153734 0.443359 0.042460
0 0.565430 0.198023 0.435547 0.038799
0 0.581055 0.219253 0.292969 0.032943
0 0.574707 0.240117 0.352539 0.038067
0 0.585938 0.089678 0.154297 0.030015
0 0.583008 0.108346 0.267578 0.032211
0 0.545898 0.155198 0.082031 0.027818
0 0.385742 0.167643 0.037109 0.019034
0 0.442383 0.193265 0.175781 0.030747
0 0.703125 0.202782 0.027344 0.019034
0 0.750488 0.204612 0.061523 0.021230
0 0.418945 0.232796 0.025391 0.017570
0 0.527344 0.237921 0.101562 0.021962
0 0.694336 0.245242 0.099609 0.021962
0 0.459961 0.256223 0.068359 0.020498
0 0.603027 0.262079 0.215820 0.032211
0 0.718750 0.267936 0.025391 0.013177
0 0.457031 0.276720 0.089844 0.023426
0 0.466309 0.318814 0.112305 0.027086
0 0.578613 0.323206 0.084961 0.022694
0 0.681641 0.327965 0.091797 0.026354
0 0.729492 0.352855 0.048828 0.020498
0 0.549316 0.541362 0.059570 0.022694
0 0.468262 0.595168 0.061523 0.021962
0 0.302246 0.792094 0.057617 0.023426
0 0.707031 0.884334 0.070312 0.023426
0 0.556152 0.088580 0.079002 0.033544
0 0.381348 0.146779 0.057396 0.029846
0 0.602051 0.156296 0.055295 0.026874
0 0.723633 0.161054 0.066220 0.026129
0 0.557129 0.198755 0.055295 0.026874
0 0.700684 0.224744 0.055455 0.027619
0 0.454590 0.233895 0.043353 0.023885
0 0.609863 0.243045 0.065301 0.029104
0 0.437988 0.337116 0.041457 0.022380
0 0.672363 0.349561 0.063272 0.026874
0 0.652344 0.449122 0.064278 0.026874
0 0.344727 0.529649 0.056466 0.028362
0 0.485840 0.536969 0.063272 0.023885
0 0.393555 0.552343 0.054499 0.026874
0 0.482910 0.558199 0.065301 0.025382
0 0.544434 0.562958 0.065238 0.026129
0 0.343262 0.588580 0.077071 0.029104
0 0.408691 0.591142 0.053387 0.023885
0 0.530762 0.598829 0.063248 0.024634
0 0.330566 0.606149 0.053352 0.024634
0 0.413086 0.631772 0.056382 0.024634
0 0.383301 0.711201 0.045355 0.023885
0 0.417480 0.735725 0.059389 0.027619
0 0.480469 0.739751 0.070202 0.028362
0 0.536133 0.741947 0.046491 0.023885
0 0.587891 0.746340 0.056382 0.023885
0 0.365723 0.797218 0.071182 0.029104
0 0.505859 0.805637 0.048475 0.026874
0 0.331543 0.817350 0.063359 0.029846
0 0.385254 0.819180 0.045355 0.023133
