0 0.440104 0.231934 0.505208 0.043945
0 0.464410 0.325195 0.522569 0.021484
0 0.335069 0.442871 0.211806 0.018555
0 0.338542 0.595703 0.319444 0.023438
0 0.712674 0.599609 0.137153 0.019531
0 0.441840 0.231445 0.519097 0.052734
0 0.446181 0.374023 0.479167 0.035156
0 0.449653 0.420898 0.104167 0.015625
0 0.612847 0.417969 0.190972 0.023438
0 0.333333 0.442383 0.211806 0.019531
0 0.663194 0.440430 0.038194 0.019531
0 0.333333 0.483398 0.107639 0.015625
0 0.741319 0.482422 0.083333 0.017578
0 0.215278 0.505859 0.038194 0.013672
0 0.225694 0.524414 0.059028 0.015625
0 0.218750 0.548828 0.090278 0.023438
0 0.329861 0.595703 0.305556 0.027344
0 0.577257 0.642090 0.168403 0.030273
0 0.562500 0.667969 0.107639 0.017578
0 0.414931 0.760742 0.218750 0.029297
0 0.265625 0.780273 0.090278 0.015625
0 0.416667 0.802734 0.062500 0.023438
0 0.259549 0.505371 0.058491 0.020803
0 0.354167 0.781738 0.093558 0.024035
0 0.486979 0.806152 0.098758 0.028041
