0 0.407715 0.181918 0.336914 0.035871
0 0.409668 0.211933 0.301758 0.025622
0 0.416504 0.283309 0.313477 0.033675
0 0.499512 0.547584 0.407227 0.043924
0 0.232422 0.352855 0.113281 0.023426
0 0.616211 0.363104 0.064453 0.023426
0 0.448242 0.382870 0.037109 0.019034
0 0.530273 0.378477 0.041016 0.021962
0 0.252930 0.395315 0.095703 0.023426
0 0.444336 0.419473 0.041016 0.019034
0 0.644043 0.408492 0.086914 0.027818
0 0.249512 0.429722 0.129883 0.026354
0 0.632812 0.457906 0.111328 0.027086
0 0.647461 0.486823 0.093750 0.026354
0 0.640625 0.514641 0.111328 0.026354
0 0.644043 0.543192 0.110352 0.023426
0 0.652344 0.580527 0.107422 0.026354
0 0.271484 0.598097 0.042969 0.019034
0 0.421875 0.635432 0.128906 0.023426
0 0.424805 0.663250 0.134766 0.023426
0 0.697266 0.681552 0.031250 0.021962
0 0.473145 0.767570 0.260742 0.038799
0 0.446289 0.801611 0.140625 0.026354
0 0.275391 0.866764 0.054688 0.017570
0 0.304688 0.881406 0.050781 0.017570
0 0.354980 0.803441 0.040815 0.022449
0 0.460449 0.860176 0.059309 0.024634
