0 0.607422 0.816406 0.287760 0.037109
0 0.700521 0.695801 0.091146 0.026367
0 0.126302 0.699219 0.130208 0.031250
0 0.426432 0.370605 0.342448 0.038086
0 0.426432 0.336914 0.264323 0.033203
0 0.423828 0.337891 0.264323 0.037109
0 0.106771 0.390625 0.052083 0.023438
0 0.426432 0.450684 0.360677 0.043945
0 0.130208 0.479492 0.057292 0.025391
0 0.294271 0.483398 0.041667 0.025391
0 0.371094 0.484375 0.059896 0.023438
0 0.494792 0.488281 0.104167 0.027344
0 0.640625 0.487305 0.140625 0.025391
0 0.309896 0.514648 0.442708 0.029297
0 0.169271 0.543945 0.171875 0.031250
0 0.522135 0.548828 0.075521 0.027344
0 0.139323 0.575195 0.122396 0.025391
0 0.520833 0.580078 0.078125 0.027344
0 0.686198 0.580078 0.091146 0.023438
0 0.130208 0.623047 0.125000 0.031250
0 0.289062 0.625000 0.041667 0.023438
0 0.177734 0.654785 0.079427 0.032227
0 0.697917 0.652344 0.093750 0.027344
0 0.127604 0.699219 0.143229 0.037109
0 0.427083 0.732422 0.070312 0.029297
0 0.694661 0.730469 0.113281 0.031250
0 0.153646 0.774414 0.229167 0.029297
0 0.694010 0.768555 0.111979 0.029297
0 0.422526 0.859863 0.207031 0.036133
0 0.395833 0.887695 0.497396 0.035156
0 0.200521 0.482910 0.088264 0.039814
0 0.103516 0.654297 0.089174 0.040698
