0 0.275000 0.191406 0.211111 0.032813
0 0.598611 0.141016 0.250000 0.022656
0 0.600694 0.162891 0.334722 0.024219
0 0.604861 0.187109 0.251389 0.024219
0 0.371528 0.274609 0.404167 0.022656
0 0.351389 0.450781 0.352778 0.025000
0 0.814583 0.441797 0.104167 0.019531
0 0.275000 0.191406 0.219444 0.034375
0 0.552778 0.272656 0.036111 0.015625
0 0.234722 0.298438 0.136111 0.021875
0 0.237500 0.340625 0.141667 0.025000
0 0.487500 0.336719 0.058333 0.020313
0 0.654167 0.334375 0.036111 0.018750
0 0.276389 0.384375 0.219444 0.021875
0 0.497222 0.381250 0.038889 0.018750
0 0.190278 0.408594 0.041667 0.020313
0 0.818056 0.486719 0.108333 0.020313
0 0.258333 0.521094 0.144444 0.023438
0 0.787500 0.533594 0.041667 0.020313
0 0.845833 0.532813 0.058333 0.018750
0 0.481944 0.657031 0.041667 0.020313
0 0.501389 0.728906 0.350000 0.028125
0 0.784722 0.722656 0.191667 0.023438
0 0.292361 0.923828 0.451389 0.032031
0 0.113194 0.947656 0.095833 0.029687
0 0.327778 0.946484 0.183333 0.025781
0 0.552083 0.337109 0.069159 0.028901
0 0.197917 0.946875 0.097990 0.032559
