0 0.308160 0.216309 0.178819 0.024414
0 0.576389 0.171875 0.267361 0.025391
0 0.577257 0.191406 0.182292 0.021484
0 0.576389 0.210938 0.263889 0.023438
0 0.389757 0.283691 0.331597 0.020508
0 0.371528 0.406738 0.284722 0.016602
0 0.741319 0.398926 0.090278 0.014648
0 0.309028 0.215820 0.180556 0.029297
0 0.315104 0.372559 0.178819 0.018555
0 0.517361 0.369141 0.086806 0.017578
0 0.743056 0.399414 0.086806 0.019531
0 0.416667 0.424805 0.059028 0.015625
0 0.746528 0.436523 0.086806 0.015625
0 0.750000 0.471680 0.086806 0.015625
0 0.348958 0.534180 0.229167 0.019531
0 0.683160 0.565918 0.234375 0.020508
0 0.258681 0.706055 0.048611 0.015625
0 0.321181 0.706055 0.055556 0.015625
0 0.552083 0.701172 0.388889 0.023438
0 0.777778 0.698242 0.045139 0.015625
0 0.290799 0.922363 0.453125 0.030273
0 0.112847 0.947266 0.086806 0.023438
0 0.330729 0.945801 0.185764 0.026367
0 0.398438 0.442871 0.051546 0.021043
0 0.196181 0.946289 0.096727 0.032862
