0 0.454861 0.270508 0.409722 0.023438
0 0.393229 0.293457 0.477431 0.024414
0 0.355035 0.365234 0.394097 0.017578
0 0.261285 0.489258 0.258681 0.017578
0 0.701389 0.484375 0.114583 0.017578
0 0.258681 0.343750 0.218750 0.023438
0 0.489583 0.341797 0.222222 0.023438
0 0.272569 0.366211 0.246528 0.025391
0 0.482639 0.363281 0.149306 0.017578
0 0.213542 0.391602 0.118056 0.015625
0 0.256944 0.416016 0.250000 0.023438
0 0.239583 0.438477 0.072917 0.019531
0 0.696181 0.433594 0.121528 0.023438
0 0.269965 0.462402 0.289931 0.026367
0 0.289062 0.922363 0.449653 0.030273
0 0.244792 0.945801 0.357639 0.028320
