0 0.484375 0.006836 0.236979 0.013672
0 0.218750 0.099609 0.052083 0.023438
0 0.360677 0.096680 0.036458 0.019531
0 0.430990 0.094727 0.057292 0.019531
0 0.687500 0.090820 0.132812 0.019531
0 0.458984 0.123047 0.553385 0.037109
0 0.411458 0.149414 0.049479 0.019531
0 0.565104 0.147461 0.088542 0.025391
0 0.408203 0.184570 0.451823 0.035156
0 0.414062 0.213867 0.049479 0.019531
0 0.565104 0.211914 0.088542 0.025391
0 0.731771 0.206055 0.088542 0.025391
0 0.451172 0.247070 0.532552 0.035156
0 0.415365 0.276367 0.052083 0.019531
0 0.566406 0.274414 0.085938 0.025391
0 0.731771 0.271484 0.088542 0.027344
0 0.406250 0.310547 0.437500 0.027344
0 0.417969 0.338867 0.052083 0.019531
0 0.567708 0.336914 0.088542 0.025391
0 0.431641 0.372070 0.485677 0.029297
0 0.419271 0.399414 0.049479 0.019531
0 0.569010 0.399414 0.085938 0.025391
0 0.419271 0.461914 0.049479 0.019531
0 0.739583 0.458984 0.072917 0.023438
0 0.434245 0.495117 0.496094 0.025391
0 0.709635 0.492188 0.039062 0.023438
0 0.563802 0.522461 0.101562 0.025391
0 0.726562 0.521484 0.104167 0.023438
0 0.317708 0.586914 0.041667 0.025391
0 0.583333 0.584961 0.072917 0.025391
0 0.238281 0.617188 0.106771 0.023438
0 0.337240 0.616211 0.031250 0.015625
0 0.423177 0.615234 0.052083 0.019531
0 0.580729 0.614258 0.072917 0.025391
0 0.730469 0.613281 0.101562 0.023438
0 0.411458 0.649414 0.453125 0.029297
0 0.208333 0.680664 0.046875 0.025391
0 0.313802 0.680664 0.039062 0.025391
0 0.579427 0.678711 0.085938 0.025391
0 0.238281 0.710938 0.106771 0.023438
0 0.421875 0.708984 0.054688 0.017578
0 0.576823 0.708008 0.085938 0.025391
0 0.742188 0.707031 0.088542 0.023438
0 0.205729 0.776367 0.046875 0.025391
0 0.311198 0.776367 0.039062 0.025391
0 0.588542 0.774414 0.072917 0.025391
0 0.233073 0.807617 0.106771 0.025391
0 0.420573 0.804688 0.054688 0.023438
0 0.585938 0.805664 0.072917 0.025391
0 0.747396 0.803711 0.088542 0.025391
0 0.416667 0.841797 0.479167 0.031250
0 0.420573 0.874023 0.052083 0.019531
0 0.582031 0.873047 0.091146 0.027344
0 0.743490 0.872070 0.106771 0.025391
0 0.434896 0.910156 0.515625 0.031250
0 0.723958 0.908203 0.041667 0.023438
0 0.420573 0.942383 0.052083 0.019531
0 0.583333 0.940430 0.088542 0.025391
0 0.369792 0.979492 0.033854 0.019531
0 0.275391 0.099609 0.073861 0.030859
0 0.262370 0.776367 0.073773 0.032862
0 0.200521 0.978516 0.080315 0.034856
