0 0.462891 0.248047 0.230469 0.027344
0 0.460286 0.271973 0.287760 0.028320
0 0.625651 0.933594 0.274740 0.025391
0 0.166016 0.590820 0.123698 0.027344
0 0.729167 0.598145 0.109375 0.030273
0 0.462240 0.247070 0.236979 0.035156
0 0.187500 0.281250 0.028646 0.013672
0 0.460938 0.330078 0.325521 0.041016
0 0.339844 0.355469 0.039062 0.023438
0 0.411458 0.358398 0.054688 0.019531
0 0.524740 0.364258 0.096354 0.025391
0 0.660156 0.362305 0.130208 0.019531
0 0.398438 0.379883 0.492188 0.039062
0 0.171875 0.395508 0.044271 0.019531
0 0.283854 0.401367 0.039062 0.019531
0 0.553385 0.409180 0.067708 0.019531
0 0.165365 0.419922 0.049479 0.023438
0 0.389323 0.430664 0.052083 0.019531
0 0.703125 0.433594 0.104167 0.023438
0 0.386719 0.487305 0.052083 0.015625
0 0.545573 0.492188 0.091146 0.023438
0 0.208333 0.521484 0.046875 0.023438
0 0.217448 0.550293 0.078125 0.030273
0 0.204427 0.592773 0.059896 0.029297
0 0.727865 0.597656 0.111979 0.027344
0 0.460938 0.627930 0.067708 0.025391
0 0.197917 0.663086 0.213542 0.029297
0 0.736979 0.668945 0.093750 0.025391
0 0.151042 0.719727 0.114583 0.029297
0 0.236979 0.756836 0.294271 0.039062
0 0.166667 0.792969 0.161458 0.027344
0 0.769531 0.793945 0.039062 0.025391
0 0.745443 0.828613 0.084635 0.028320
0 0.200521 0.865723 0.229167 0.032227
0 0.251302 0.895020 0.328125 0.036133
0 0.731771 0.891602 0.093750 0.025391
0 0.194661 0.347168 0.055642 0.026043
0 0.254557 0.351074 0.079333 0.032013
0 0.230469 0.398438 0.075416 0.031022
0 0.220703 0.421875 0.066160 0.027043
0 0.149089 0.520020 0.081705 0.033860
0 0.145833 0.549316 0.085499 0.037834
0 0.139974 0.591309 0.089174 0.041692
