0 0.397135 0.481934 0.234375 0.022461
0 0.688802 0.480469 0.080729 0.021484
0 0.502604 0.350586 0.070312 0.019531
0 0.350260 0.389648 0.145833 0.019531
0 0.692708 0.385742 0.070312 0.015625
0 0.350260 0.446289 0.145833 0.019531
0 0.513021 0.446289 0.070312 0.019531
0 0.692708 0.442383 0.070312 0.019531
0 0.690104 0.481445 0.080729 0.019531
0 0.692708 0.521484 0.080729 0.017578
0 0.705729 0.561523 0.059896 0.015625
0 0.403646 0.582031 0.083333 0.023438
0 0.643229 0.622070 0.164062 0.015625
0 0.644531 0.663086 0.192708 0.019531
