0 0.513021 0.206543 0.229167 0.022461
0 0.507161 0.232422 0.282552 0.021484
0 0.639974 0.905762 0.264323 0.034180
0 0.233073 0.816406 0.125000 0.029297
0 0.727865 0.835938 0.117188 0.027344
0 0.510417 0.208984 0.216146 0.017578
0 0.266927 0.317383 0.041667 0.015625
0 0.394531 0.319336 0.031250 0.015625
0 0.455729 0.318359 0.049479 0.017578
0 0.562500 0.321289 0.085938 0.019531
0 0.690104 0.319336 0.122396 0.019531
0 0.453125 0.341797 0.447917 0.023438
0 0.437500 0.366211 0.044271 0.015625
0 0.575521 0.368164 0.075521 0.019531
0 0.727865 0.369141 0.080729 0.023438
0 0.416667 0.394531 0.390625 0.027344
0 0.674479 0.397461 0.033854 0.019531
0 0.432292 0.418945 0.044271 0.015625
0 0.574219 0.421875 0.080729 0.023438
0 0.450521 0.449219 0.479167 0.031250
0 0.428385 0.475586 0.046875 0.015625
0 0.578125 0.477539 0.065104 0.019531
0 0.429036 0.505371 0.449219 0.032227
0 0.225260 0.528320 0.041667 0.019531
0 0.326823 0.531250 0.039062 0.023438
0 0.579427 0.537109 0.070312 0.023438
0 0.249349 0.556641 0.102865 0.027344
0 0.425781 0.561523 0.046875 0.015625
0 0.578125 0.565430 0.067708 0.025391
0 0.434245 0.593262 0.483073 0.038086
0 0.419271 0.621094 0.049479 0.017578
0 0.574219 0.627930 0.070312 0.025391
0 0.437500 0.656738 0.497396 0.040039
0 0.208333 0.678711 0.046875 0.025391
0 0.312500 0.682617 0.041667 0.025391
0 0.576823 0.689453 0.070312 0.023438
0 0.234375 0.709961 0.104167 0.025391
0 0.412760 0.713867 0.052083 0.019531
0 0.571615 0.720703 0.070312 0.023438
0 0.360677 0.756836 0.036458 0.019531
0 0.253906 0.819336 0.049479 0.025391
0 0.480469 0.859375 0.059896 0.023438
0 0.638021 0.906738 0.260417 0.032227
0 0.472656 0.935547 0.174479 0.031250
0 0.393229 0.956055 0.304688 0.042969
0 0.606771 0.967773 0.130208 0.025391
0 0.317057 0.317871 0.066218 0.026043
0 0.277995 0.529297 0.068594 0.030859
0 0.263672 0.782715 0.071135 0.031862
