0 0.446181 0.220703 0.395833 0.019531
0 0.386285 0.241699 0.470486 0.020508
0 0.349826 0.309082 0.387153 0.020508
0 0.256076 0.471191 0.255208 0.020508
0 0.671007 0.473145 0.126736 0.016602
0 0.256944 0.289062 0.208333 0.023438
0 0.477431 0.290039 0.208333 0.019531
0 0.472222 0.310547 0.142361 0.017578
0 0.177083 0.332031 0.052083 0.017578
0 0.506944 0.359375 0.072917 0.017578
0 0.223958 0.378906 0.184028 0.023438
0 0.203125 0.421875 0.156250 0.027344
0 0.255208 0.472656 0.260417 0.027344
0 0.290799 0.922363 0.453125 0.030273
0 0.110243 0.945801 0.095486 0.028320
0 0.330729 0.946289 0.185764 0.025391
0 0.196181 0.946289 0.096727 0.032862
