0 0.397135 0.202637 0.270833 0.049805
0 0.401693 0.234375 0.339844 0.054688
0 0.651042 0.767090 0.315104 0.051758
0 0.153646 0.717285 0.140625 0.034180
0 0.748047 0.676270 0.110677 0.032227
0 0.312500 0.242188 0.161458 0.031250
0 0.451823 0.308105 0.289062 0.059570
0 0.678385 0.320312 0.059896 0.027344
0 0.354818 0.348633 0.063802 0.027344
0 0.481771 0.339844 0.109375 0.031250
0 0.164062 0.365234 0.125000 0.027344
0 0.279948 0.355469 0.039062 0.023438
0 0.531250 0.364746 0.195312 0.040039
0 0.367839 0.377930 0.149740 0.035156
0 0.341146 0.408203 0.057292 0.023438
0 0.677083 0.415039 0.041667 0.025391
0 0.525391 0.429199 0.269531 0.047852
0 0.347656 0.445312 0.096354 0.027344
0 0.145833 0.523438 0.114583 0.031250
0 0.710938 0.516602 0.078125 0.029297
0 0.360677 0.542969 0.117188 0.031250
0 0.195312 0.554688 0.223958 0.046875
0 0.525391 0.563477 0.105469 0.037109
0 0.738281 0.629883 0.114583 0.041016
0 0.154948 0.670898 0.151042 0.035156
0 0.751953 0.714355 0.115885 0.040039
0 0.192708 0.746094 0.221354 0.041016
0 0.463542 0.733398 0.072917 0.029297
0 0.461589 0.815918 0.207031 0.038086
0 0.649089 0.829590 0.095052 0.028320
0 0.479167 0.841797 0.252604 0.037109
0 0.277344 0.855469 0.153646 0.027344
0 0.477214 0.194824 0.102912 0.032675
0 0.345703 0.208496 0.162211 0.035317
0 0.270833 0.321289 0.087340 0.045757
0 0.216797 0.389160 0.162807 0.035859
0 0.116536 0.396973 0.054742 0.027820
0 0.193359 0.455566 0.210827 0.039533
0 0.525391 0.492676 0.083388 0.033150
0 0.639974 0.524414 0.080617 0.032103
0 0.477865 0.534180 0.134972 0.035178
0 0.349609 0.574707 0.061621 0.026448
0 0.173828 0.634766 0.054275 0.033372
0 0.745443 0.677246 0.112924 0.039516
