0 0.453776 0.493164 0.269531 0.015625
0 0.412109 0.516602 0.316406 0.021484
0 0.386068 0.579590 0.264323 0.018555
0 0.322266 0.737305 0.170573 0.017578
0 0.617839 0.733398 0.079427 0.019531
0 0.338542 0.540039 0.169271 0.019531
0 0.476562 0.558594 0.143229 0.017578
0 0.289714 0.603516 0.082031 0.017578
0 0.294271 0.625977 0.111979 0.019531
0 0.292969 0.646484 0.114583 0.017578
0 0.489583 0.643555 0.065104 0.019531
0 0.643229 0.708984 0.028646 0.013672
0 0.433594 0.764648 0.289062 0.029297
