0 0.192708 0.361816 0.236111 0.034180
0 0.533854 0.313965 0.248264 0.024414
0 0.532118 0.336914 0.317708 0.023438
0 0.529514 0.363770 0.270833 0.024414
0 0.206597 0.430176 0.260417 0.022461
0 0.644965 0.429199 0.248264 0.020508
0 0.637153 0.363281 0.059028 0.023438
0 0.428819 0.453125 0.239583 0.023438
0 0.144097 0.476562 0.142361 0.023438
0 0.666667 0.475586 0.218750 0.019531
0 0.203125 0.500000 0.260417 0.023438
0 0.290799 0.922363 0.453125 0.030273
0 0.110243 0.946289 0.095486 0.027344
0 0.330729 0.946289 0.185764 0.025391
0 0.196181 0.946289 0.096727 0.032862
