0 0.525879 0.109890 0.252930 0.028571
0 0.535156 0.143407 0.582031 0.064835
0 0.704102 0.695879 0.308594 0.025824
0 0.583984 0.456319 0.525391 0.047802
0 0.750000 0.124725 0.154297 0.019780
0 0.273438 0.144505 0.052734 0.019780
0 0.393555 0.160165 0.269531 0.033516
0 0.541992 0.171429 0.185547 0.032967
0 0.550293 0.192582 0.141602 0.031319
0 0.455566 0.241758 0.092773 0.027473
0 0.615723 0.233516 0.079102 0.026374
0 0.801758 0.248352 0.058594 0.023077
0 0.519043 0.283516 0.239258 0.030769
0 0.282227 0.292857 0.019531 0.015385
0 0.596191 0.301648 0.090820 0.026374
0 0.289551 0.344231 0.024414 0.039011
0 0.291992 0.373626 0.019531 0.016484
0 0.292969 0.393407 0.017578 0.016484
0 0.293945 0.413736 0.019531 0.015385
0 0.615234 0.488462 0.263672 0.024176
0 0.468750 0.550549 0.224609 0.020879
0 0.323730 0.629945 0.069336 0.023626
0 0.610352 0.632967 0.097656 0.020879
0 0.384766 0.670330 0.062500 0.017582
0 0.496582 0.671154 0.096680 0.022527
0 0.597168 0.674451 0.071289 0.021429
0 0.559570 0.720879 0.244141 0.026374
0 0.496094 0.782418 0.320312 0.028571
0 0.680664 0.789011 0.037109 0.013187
0 0.792969 0.789011 0.050781 0.015385
0 0.490234 0.801648 0.248047 0.021978
0 0.661621 0.804121 0.079102 0.015934
0 0.741211 0.805495 0.064453 0.013187
0 0.451172 0.197527 0.059354 0.025315
0 0.539551 0.237912 0.072237 0.024308
0 0.736816 0.251374 0.060331 0.024099
