0 0.729980 0.476562 0.024414 0.078125
0 0.177734 0.191406 0.023438 0.049479
0 0.215820 0.243490 0.019531 0.046875
0 0.699219 0.226562 0.017578 0.044271
0 0.759766 0.324219 0.027344 0.049479
0 0.755859 0.450521 0.023438 0.057292
0 0.452148 0.526042 0.019531 0.039062
0 0.528320 0.489583 0.015625 0.085938
0 0.696289 0.535156 0.019531 0.041667
0 0.307617 0.561198 0.019531 0.046875
0 0.065430 0.601562 0.015625 0.044271
0 0.698242 0.486979 0.021469 0.054516
0 0.696289 0.671224 0.022558 0.055642
