0 0.307943 0.258301 0.165365 0.032227
0 0.564453 0.216309 0.274740 0.024414
0 0.564453 0.244141 0.243490 0.019531
0 0.559245 0.267578 0.220052 0.023438
0 0.375651 0.351562 0.313802 0.029297
0 0.343750 0.552734 0.270833 0.025391
0 0.686849 0.562500 0.097656 0.023438
0 0.307943 0.260254 0.175781 0.043945
0 0.372396 0.352539 0.312500 0.029297
0 0.660156 0.358398 0.130208 0.019531
0 0.653646 0.382812 0.166667 0.023438
0 0.570312 0.426758 0.028646 0.019531
0 0.682292 0.427734 0.083333 0.023438
0 0.302083 0.441406 0.182292 0.027344
0 0.295573 0.463867 0.169271 0.025391
0 0.485677 0.468750 0.080729 0.023438
0 0.691406 0.473633 0.083333 0.019531
0 0.305990 0.486328 0.195312 0.027344
0 0.450521 0.490234 0.078125 0.023438
0 0.293620 0.508301 0.173177 0.028320
0 0.691406 0.518555 0.078125 0.019531
0 0.683594 0.562500 0.096354 0.023438
0 0.309896 0.576172 0.208333 0.027344
0 0.682292 0.609375 0.093750 0.023438
0 0.682292 0.631836 0.091146 0.019531
0 0.695312 0.656250 0.067708 0.023438
0 0.690104 0.845703 0.044271 0.017578
0 0.291667 0.417969 0.064848 0.029037
