0 0.486111 0.275391 0.305556 0.033203
0 0.494792 0.344727 0.670139 0.035156
0 0.311632 0.382324 0.338542 0.030273
0 0.607639 0.595703 0.458333 0.029297
0 0.490451 0.277832 0.314236 0.040039
0 0.311632 0.448242 0.206597 0.039062
0 0.517361 0.449219 0.156250 0.037109
0 0.704861 0.451172 0.159722 0.031250
0 0.187500 0.491211 0.090278 0.025391
0 0.802083 0.491211 0.090278 0.025391
0 0.282986 0.524414 0.295139 0.029297
0 0.479167 0.526367 0.055556 0.025391
0 0.375000 0.553711 0.145833 0.029297
0 0.770833 0.554688 0.145833 0.027344
