0 0.209201 0.260742 0.244792 0.042969
0 0.561632 0.212402 0.321181 0.020508
0 0.554688 0.237305 0.324653 0.021484
0 0.554688 0.262695 0.276042 0.023438
0 0.217882 0.329102 0.272569 0.027344
0 0.679688 0.328613 0.258681 0.020508
0 0.205729 0.259277 0.244792 0.041992
0 0.218750 0.331055 0.277778 0.025391
0 0.454861 0.355469 0.250000 0.023438
0 0.156250 0.376953 0.152778 0.023438
0 0.290799 0.922363 0.453125 0.030273
0 0.112847 0.947266 0.086806 0.023438
0 0.330729 0.946289 0.185764 0.025391
0 0.196181 0.946289 0.096727 0.032862
