0 0.550781 0.108712 0.123047 0.027086
0 0.548340 0.128111 0.237305 0.033675
0 0.534180 0.166911 0.388672 0.043924
0 0.530762 0.186676 0.368164 0.039531
0 0.530273 0.204978 0.388672 0.042460
0 0.543457 0.226940 0.258789 0.035139
0 0.534180 0.244143 0.308594 0.038799
0 0.532227 0.380307 0.152344 0.024158
0 0.660156 0.385432 0.078125 0.019766
0 0.422852 0.569546 0.216797 0.023426
0 0.630371 0.577599 0.086914 0.023426
0 0.575684 0.129941 0.184570 0.030015
0 0.444336 0.141288 0.056641 0.021962
0 0.419434 0.160322 0.069336 0.023426
0 0.363281 0.176428 0.035156 0.019034
0 0.445801 0.180820 0.047852 0.021962
0 0.615234 0.172035 0.054688 0.019034
0 0.381836 0.196925 0.095703 0.021962
0 0.612305 0.191069 0.091797 0.021962
0 0.462891 0.203514 0.062500 0.023426
0 0.582031 0.209370 0.074219 0.020498
0 0.651367 0.213031 0.025391 0.019034
0 0.427734 0.218887 0.035156 0.019034
0 0.413086 0.237189 0.064453 0.020498
0 0.642578 0.251098 0.089844 0.021962
0 0.428711 0.258785 0.066406 0.021230
0 0.338867 0.330161 0.025391 0.019034
0 0.434082 0.316984 0.104492 0.027818
0 0.536621 0.322840 0.079102 0.021962
0 0.629883 0.327233 0.076172 0.019034
0 0.393555 0.371889 0.025391 0.017570
0 0.395996 0.391288 0.147461 0.024158
0 0.510742 0.450220 0.087891 0.019034
0 0.643555 0.456808 0.087891 0.020498
0 0.374023 0.497804 0.080078 0.020498
0 0.583984 0.505857 0.085938 0.019034
0 0.507812 0.537335 0.074219 0.017570
0 0.445312 0.569546 0.171875 0.020498
0 0.414062 0.587116 0.021484 0.013177
0 0.504395 0.590776 0.051758 0.020498
0 0.444336 0.621157 0.146484 0.019766
0 0.346680 0.635432 0.080078 0.019034
0 0.365234 0.668375 0.119141 0.014641
0 0.624023 0.680820 0.076172 0.020498
0 0.619141 0.715227 0.078125 0.021962
0 0.374023 0.765007 0.031250 0.014641
0 0.579102 0.784773 0.033203 0.017570
0 0.562500 0.860176 0.062500 0.021962
0 0.287109 0.885798 0.058594 0.023426
0 0.519531 0.107613 0.072145 0.029104
0 0.501465 0.145681 0.061398 0.026129
0 0.359863 0.156296 0.055483 0.028362
0 0.489746 0.163982 0.039450 0.021624
0 0.670410 0.176794 0.063377 0.028362
0 0.401367 0.179356 0.046650 0.026129
0 0.521973 0.186676 0.051445 0.023133
0 0.687500 0.195827 0.058380 0.023885
0 0.520020 0.207174 0.051445 0.024634
0 0.694824 0.215959 0.059364 0.023133
0 0.465332 0.221449 0.041457 0.022380
0 0.648926 0.233163 0.049574 0.025382
0 0.621582 0.347365 0.059413 0.025382
0 0.496582 0.397145 0.059413 0.025382
0 0.673340 0.439605 0.039450 0.022380
0 0.333496 0.567716 0.049504 0.023885
0 0.377930 0.586750 0.048515 0.023885
0 0.338379 0.619327 0.063364 0.021767
0 0.413574 0.751464 0.063339 0.028362
0 0.467773 0.755124 0.054409 0.023885
0 0.414551 0.770498 0.051587 0.021020
0 0.398438 0.786969 0.048515 0.024634
0 0.444824 0.791362 0.059493 0.029104
0 0.526367 0.798316 0.044666 0.021020
0 0.353027 0.835652 0.059476 0.028362
0 0.325195 0.851757 0.054631 0.029846
0 0.612793 0.866398 0.037770 0.019523
0 0.527832 0.916911 0.063137 0.028362
0 0.604004 0.927526 0.064937 0.030509
