0 0.500000 0.288086 0.255208 0.033203
0 0.490885 0.320312 0.315104 0.033203
0 0.656250 0.859375 0.260417 0.021484
0 0.231771 0.756348 0.148438 0.024414
0 0.748698 0.757812 0.106771 0.021484
0 0.497396 0.285645 0.257812 0.036133
0 0.441406 0.318359 0.101562 0.027344
0 0.595703 0.322754 0.113281 0.026367
0 0.203125 0.339844 0.028646 0.013672
0 0.497396 0.396484 0.343750 0.046875
0 0.218099 0.419922 0.061198 0.027344
0 0.371094 0.425781 0.039062 0.023438
0 0.444010 0.427734 0.059896 0.023438
0 0.539062 0.431641 0.057292 0.023438
0 0.423177 0.486328 0.052083 0.017578
0 0.585938 0.492188 0.067708 0.023438
0 0.298177 0.518555 0.242188 0.029297
0 0.557292 0.525391 0.151042 0.027344
0 0.423177 0.549805 0.052083 0.019531
0 0.578125 0.553711 0.088542 0.025391
0 0.743490 0.556641 0.085938 0.023438
0 0.389974 0.584473 0.433594 0.030273
0 0.675781 0.589844 0.039062 0.023438
0 0.576823 0.618164 0.091146 0.025391
0 0.399740 0.651367 0.460938 0.029297
0 0.699219 0.654297 0.039062 0.023438
0 0.415365 0.680664 0.052083 0.019531
0 0.570312 0.683594 0.104167 0.023438
0 0.742188 0.686523 0.104167 0.025391
0 0.255208 0.783203 0.203125 0.027344
0 0.494792 0.790039 0.062500 0.025391
0 0.253906 0.819336 0.195312 0.025391
0 0.489583 0.888672 0.177083 0.023438
0 0.302083 0.902344 0.096354 0.013672
0 0.363932 0.315918 0.066005 0.031862
0 0.282552 0.423340 0.080463 0.035850
0 0.587891 0.435059 0.049212 0.030216
0 0.450521 0.522461 0.075175 0.032862
0 0.629557 0.589355 0.060722 0.031862
0 0.054036 0.774902 0.059124 0.155261
0 0.191406 0.723145 0.080392 0.037834
0 0.084635 0.910645 0.060504 0.137679
