0 0.465495 0.021484 0.313802 0.033203
0 0.471354 0.058105 0.382812 0.032227
0 0.708333 0.922852 0.343750 0.037109
0 0.169922 0.567383 0.196615 0.033203
0 0.809245 0.558105 0.157552 0.030273
0 0.412760 0.027344 0.179688 0.023438
0 0.565104 0.027344 0.104167 0.023438
0 0.475260 0.137695 0.416667 0.042969
0 0.188802 0.182617 0.143229 0.029297
0 0.324219 0.178711 0.044271 0.025391
0 0.411458 0.176758 0.067708 0.025391
0 0.555990 0.175781 0.122396 0.031250
0 0.388021 0.244141 0.062500 0.023438
0 0.579427 0.244141 0.106771 0.027344
0 0.785156 0.239258 0.106771 0.029297
0 0.382161 0.286133 0.571615 0.035156
0 0.386719 0.319336 0.062500 0.019531
0 0.582031 0.319336 0.106771 0.029297
0 0.433594 0.360352 0.682292 0.039062
0 0.388021 0.396484 0.067708 0.023438
0 0.584635 0.395508 0.111979 0.029297
0 0.798177 0.391602 0.111979 0.029297
0 0.386719 0.476562 0.065104 0.023438
0 0.589844 0.476562 0.111979 0.031250
0 0.141276 0.531250 0.141927 0.042969
0 0.158854 0.567383 0.177083 0.041016
0 0.489583 0.602539 0.078125 0.029297
0 0.153646 0.666016 0.125000 0.031250
0 0.362630 0.664062 0.240885 0.035156
0 0.214844 0.708984 0.244792 0.037109
0 0.850260 0.741211 0.044271 0.029297
0 0.851562 0.784180 0.046875 0.029297
0 0.259115 0.831055 0.161458 0.035156
0 0.830729 0.864258 0.093750 0.029297
0 0.492188 0.973633 0.231771 0.039062
