0 0.466146 0.341797 0.383681 0.042969
0 0.463542 0.361816 0.347222 0.034180
0 0.341146 0.400391 0.244792 0.025391
0 0.340278 0.557129 0.145833 0.020508
0 0.718750 0.535156 0.079861 0.015625
0 0.306424 0.352051 0.085069 0.026367
0 0.385417 0.368164 0.184028 0.019531
0 0.505208 0.394531 0.076389 0.017578
0 0.303819 0.420898 0.166667 0.019531
0 0.287326 0.436523 0.130208 0.019531
0 0.708333 0.435547 0.045139 0.013672
0 0.710069 0.481445 0.069444 0.015625
0 0.362847 0.521484 0.055556 0.013672
0 0.335069 0.558594 0.131944 0.017578
0 0.298611 0.574219 0.052083 0.013672
0 0.580729 0.335938 0.139735 0.031524
0 0.629340 0.386230 0.181302 0.025389
0 0.302083 0.522949 0.075372 0.017382
0 0.356771 0.570801 0.079815 0.022360
