0 0.368652 0.570312 0.028320 0.234375
0 0.399414 0.573568 0.025391 0.290365
0 0.787598 0.786458 0.032227 0.135417
0 0.042969 0.089844 0.085938 0.179688
0 0.803711 0.348958 0.087891 0.104167
0 0.868164 0.388672 0.025391 0.165365
0 0.807617 0.561198 0.019531 0.052083
0 0.579102 0.595052 0.019531 0.057292
0 0.369141 0.613281 0.023438 0.143229
0 0.929688 0.669271 0.013672 0.028646
0 0.928711 0.710938 0.015625 0.049479
0 0.499512 0.777344 0.030273 0.117188
0 0.694824 0.753255 0.030273 0.186198
0 0.928711 0.755208 0.015625 0.039062
0 0.844727 0.829427 0.019531 0.036458
