0 0.476562 0.231934 0.550347 0.036133
0 0.401042 0.261719 0.659722 0.037109
0 0.333333 0.354980 0.545139 0.028320
0 0.202257 0.513672 0.359375 0.025391
0 0.807292 0.515137 0.173611 0.022461
0 0.515625 0.329102 0.288194 0.025391
0 0.508681 0.357422 0.190972 0.025391
0 0.138889 0.380859 0.166667 0.027344
0 0.172743 0.445312 0.102431 0.031250
0 0.793403 0.448242 0.156250 0.029297
0 0.216146 0.479492 0.383681 0.031250
0 0.110243 0.945801 0.095486 0.028320
0 0.328993 0.945312 0.182292 0.027344
0 0.196181 0.946289 0.096727 0.032862
