0 0.235026 0.303223 0.183594 0.040039
0 0.515625 0.247070 0.281250 0.027344
0 0.515625 0.279297 0.192708 0.029297
0 0.513672 0.308594 0.272135 0.025391
0 0.311198 0.408203 0.348958 0.033203
0 0.266276 0.735352 0.313802 0.037109
0 0.658854 0.743652 0.091146 0.022461
0 0.307292 0.407227 0.343750 0.029297
0 0.621094 0.414062 0.143229 0.023438
0 0.613932 0.438477 0.183594 0.027344
0 0.419271 0.485352 0.088542 0.025391
0 0.526042 0.488281 0.028646 0.017578
0 0.648438 0.487305 0.088542 0.025391
0 0.218750 0.530273 0.187500 0.025391
0 0.432292 0.533203 0.088542 0.023438
0 0.658854 0.539062 0.088542 0.023438
0 0.214193 0.580566 0.191406 0.028320
0 0.429688 0.583984 0.088542 0.023438
0 0.657552 0.588867 0.091146 0.025391
0 0.567708 0.611328 0.104167 0.027344
0 0.212240 0.633789 0.190104 0.025391
0 0.205729 0.685547 0.190104 0.025391
0 0.424479 0.689453 0.088542 0.023438
0 0.658854 0.691406 0.088542 0.023438
0 0.368490 0.741211 0.091146 0.025391
0 0.658854 0.745117 0.093750 0.025391
