0 0.438151 0.208496 0.214844 0.040039
0 0.433594 0.236816 0.263021 0.040039
0 0.600911 0.906250 0.222656 0.039062
0 0.643880 0.630371 0.082031 0.018555
0 0.216797 0.639648 0.118490 0.021484
0 0.500000 0.213867 0.075521 0.019531
0 0.332031 0.321289 0.031250 0.019531
0 0.600260 0.330078 0.111979 0.025391
0 0.378906 0.371094 0.041667 0.013672
0 0.400391 0.443359 0.467448 0.037109
0 0.376302 0.469727 0.041667 0.015625
0 0.498698 0.472656 0.085938 0.023438
0 0.413411 0.497070 0.490885 0.031250
0 0.505208 0.524414 0.070312 0.019531
0 0.514323 0.576172 0.059896 0.023438
0 0.643229 0.575195 0.075521 0.019531
0 0.234375 0.613281 0.036458 0.023438
0 0.215495 0.638672 0.126302 0.027344
0 0.242188 0.663086 0.177083 0.025391
0 0.234375 0.696289 0.182292 0.029297
0 0.184896 0.743164 0.041667 0.025391
0 0.690104 0.780273 0.028646 0.015625
0 0.673177 0.804688 0.065104 0.023438
0 0.227214 0.864746 0.136719 0.036133
0 0.671875 0.859375 0.078125 0.023438
0 0.250651 0.890137 0.175781 0.041992
0 0.403646 0.881836 0.052083 0.025391
0 0.520833 0.913086 0.062500 0.025391
0 0.233073 0.942383 0.093750 0.035156
0 0.407552 0.958008 0.049479 0.025391
0 0.535156 0.968750 0.070312 0.027344
0 0.441406 0.981445 0.130208 0.035156
0 0.394531 0.208496 0.137996 0.037834
0 0.328125 0.229004 0.057072 0.030030
0 0.259766 0.315918 0.071517 0.032013
0 0.186849 0.613281 0.073861 0.030859
0 0.228516 0.740723 0.054922 0.027820
0 0.314453 0.824219 0.060130 0.028641
0 0.319661 0.855469 0.060130 0.028641
0 0.598307 0.958496 0.073344 0.029286
