0 0.428223 0.116211 0.500977 0.085938
0 0.424316 0.187500 0.397461 0.058594
0 0.604004 0.369629 0.340820 0.043945
0 0.218750 0.693848 0.285156 0.059570
0 0.713867 0.676758 0.113281 0.044922
0 0.421875 0.115723 0.505859 0.084961
0 0.429688 0.224609 0.253906 0.031250
0 0.428711 0.274414 0.355469 0.058594
0 0.104492 0.333984 0.044922 0.031250
0 0.478516 0.375000 0.087891 0.037109
0 0.703125 0.371094 0.136719 0.031250
0 0.143555 0.419922 0.126953 0.031250
0 0.268555 0.419922 0.076172 0.031250
0 0.483398 0.416992 0.097656 0.035156
0 0.736328 0.414062 0.074219 0.031250
0 0.270508 0.517578 0.121094 0.037109
0 0.455078 0.515625 0.035156 0.031250
0 0.582031 0.512695 0.072266 0.035156
0 0.736328 0.512695 0.080078 0.039062
0 0.240723 0.568359 0.239258 0.039062
0 0.456055 0.582031 0.062500 0.037109
0 0.164551 0.602051 0.084961 0.038086
0 0.211914 0.692383 0.271484 0.048828
0 0.234375 0.897461 0.173828 0.039062
0 0.240234 0.952148 0.132812 0.029297
0 0.400879 0.947754 0.139648 0.030273
