0 0.470703 0.252196 0.255859 0.022694
0 0.470703 0.284407 0.472656 0.022694
0 0.238281 0.402269 0.066406 0.019766
0 0.489258 0.403367 0.224609 0.020498
0 0.437012 0.790996 0.192383 0.021230
0 0.702148 0.794290 0.099609 0.026354
0 0.239258 0.375549 0.076172 0.021962
0 0.238281 0.403367 0.072266 0.026354
0 0.265625 0.428258 0.125000 0.021962
0 0.478516 0.453148 0.210938 0.021962
0 0.222656 0.505857 0.046875 0.019034
0 0.586914 0.504392 0.041016 0.019034
0 0.707031 0.502928 0.070312 0.019034
0 0.283203 0.539898 0.169922 0.027086
0 0.345703 0.564422 0.046875 0.021962
0 0.468750 0.563690 0.066406 0.020498
0 0.254883 0.598097 0.117188 0.026354
0 0.415039 0.595900 0.083984 0.017570
0 0.345703 0.622987 0.046875 0.021962
0 0.439941 0.762811 0.184570 0.032211
0 0.311035 0.377379 0.076883 0.032740
0 0.281738 0.506955 0.076828 0.032740
0 0.342773 0.597365 0.064186 0.029603
0 0.510254 0.821376 0.038652 0.023390
