0 0.288411 0.294434 0.141927 0.028320
0 0.505859 0.255859 0.243490 0.035156
0 0.505208 0.280273 0.190104 0.029297
0 0.354818 0.366699 0.269531 0.028320
0 0.345052 0.503418 0.229167 0.028320
0 0.640625 0.492188 0.072917 0.021484
0 0.321615 0.370117 0.205729 0.029297
0 0.459635 0.365234 0.057292 0.017578
0 0.554036 0.379883 0.055990 0.019531
0 0.266927 0.392578 0.083333 0.017578
0 0.445312 0.423828 0.072917 0.023438
0 0.401042 0.444336 0.039062 0.019531
0 0.295573 0.466797 0.143229 0.027344
0 0.458333 0.461914 0.070312 0.019531
0 0.429688 0.500977 0.049479 0.019531
0 0.662760 0.534180 0.036458 0.015625
0 0.304688 0.544922 0.156250 0.027344
0 0.653646 0.573242 0.059896 0.019531
0 0.273438 0.586914 0.059896 0.019531
0 0.598307 0.655762 0.183594 0.024414
0 0.596354 0.697266 0.190104 0.019531
