0 0.464193 0.230957 0.345052 0.028320
0 0.460938 0.270020 0.424479 0.030273
0 0.718750 0.795410 0.359375 0.045898
0 0.120443 0.701660 0.204427 0.032227
0 0.839844 0.685059 0.135417 0.026367
0 0.462240 0.229980 0.341146 0.030273
0 0.049479 0.308594 0.062500 0.023438
0 0.470052 0.370117 0.486979 0.048828
0 0.080729 0.421875 0.072917 0.031250
0 0.295573 0.419922 0.054688 0.031250
0 0.399740 0.418945 0.080729 0.029297
0 0.566406 0.419434 0.145833 0.038086
0 0.765625 0.414062 0.187500 0.031250
0 0.295573 0.463867 0.536458 0.039062
0 0.369792 0.500977 0.072917 0.025391
0 0.595052 0.500977 0.125000 0.035156
0 0.373698 0.592773 0.070312 0.025391
0 0.597656 0.591797 0.125000 0.037109
0 0.834635 0.587891 0.125000 0.037109
0 0.154948 0.741211 0.286458 0.039062
0 0.488281 0.739258 0.088542 0.035156
0 0.837891 0.730957 0.147135 0.041992
0 0.393229 0.854492 0.075521 0.035156
0 0.574219 0.847656 0.078125 0.037109
0 0.457682 0.885742 0.641927 0.058594
0 0.168620 0.421875 0.110310 0.044665
0 0.483073 0.852539 0.114033 0.051209
