0 0.328993 0.205566 0.161458 0.020508
0 0.581597 0.169434 0.236111 0.014648
0 0.576389 0.185547 0.236111 0.013672
0 0.577257 0.203613 0.203125 0.014648
0 0.401910 0.271973 0.307292 0.014648
0 0.378472 0.520996 0.256944 0.014648
0 0.723958 0.522461 0.083333 0.011719
0 0.329861 0.206055 0.166667 0.029297
0 0.718750 0.320312 0.059028 0.017578
0 0.329861 0.357422 0.163194 0.013672
0 0.515625 0.356445 0.076389 0.015625
0 0.720486 0.355469 0.076389 0.013672
0 0.293403 0.374023 0.090278 0.015625
0 0.654514 0.373047 0.041667 0.013672
0 0.329861 0.390625 0.163194 0.013672
0 0.517361 0.389648 0.079861 0.015625
0 0.739583 0.388672 0.045139 0.013672
0 0.329861 0.423828 0.163194 0.013672
0 0.517361 0.422852 0.079861 0.015625
0 0.722222 0.421875 0.079861 0.013672
0 0.727431 0.438477 0.069444 0.015625
0 0.298611 0.458008 0.100694 0.015625
0 0.329861 0.473633 0.163194 0.015625
0 0.536458 0.472656 0.041667 0.013672
0 0.741319 0.472656 0.041667 0.013672
0 0.743056 0.489258 0.045139 0.015625
0 0.725694 0.522461 0.079861 0.015625
0 0.732639 0.540039 0.045139 0.015625
0 0.746528 0.556641 0.045139 0.013672
0 0.727431 0.573242 0.083333 0.015625
0 0.729167 0.590820 0.079861 0.015625
0 0.345486 0.678711 0.201389 0.015625
0 0.588542 0.732422 0.041667 0.013672
0 0.689236 0.733398 0.145833 0.015625
0 0.290799 0.922363 0.453125 0.030273
0 0.111111 0.947266 0.090278 0.023438
0 0.330729 0.945312 0.185764 0.027344
0 0.335938 0.522461 0.058265 0.019745
0 0.395833 0.522461 0.060001 0.019638
0 0.335069 0.540039 0.060001 0.019638
0 0.196181 0.946289 0.096727 0.032862
