0 0.432617 0.017204 0.208984 0.018302
0 0.316895 0.039898 0.530273 0.030015
0 0.426270 0.064056 0.756836 0.028551
0 0.143555 0.247804 0.193359 0.021230
0 0.339355 0.247804 0.100586 0.021230
0 0.154297 0.546120 0.185547 0.021962
0 0.795898 0.543558 0.179688 0.027086
0 0.375000 0.019766 0.097656 0.019034
0 0.141113 0.044656 0.188477 0.029283
0 0.271484 0.042460 0.042969 0.020498
0 0.460449 0.039531 0.079102 0.021962
0 0.068359 0.068814 0.042969 0.020498
0 0.223633 0.064422 0.060547 0.023426
0 0.348145 0.063690 0.122070 0.026354
0 0.444336 0.062225 0.044922 0.021962
0 0.538086 0.062225 0.085938 0.026354
0 0.633789 0.059297 0.080078 0.021962
0 0.738770 0.060761 0.106445 0.027818
0 0.387207 0.085652 0.682617 0.029283
0 0.083008 0.112006 0.082031 0.026354
0 0.337891 0.109078 0.328125 0.021962
0 0.117676 0.132138 0.149414 0.027086
0 0.244141 0.133968 0.064453 0.014641
0 0.388672 0.131772 0.195312 0.023426
0 0.556641 0.133968 0.117188 0.019034
0 0.358398 0.177892 0.066406 0.026354
0 0.435547 0.180088 0.062500 0.023426
0 0.511719 0.179356 0.064453 0.026354
0 0.575195 0.178624 0.042969 0.027818
0 0.141602 0.248170 0.199219 0.026354
0 0.340820 0.250366 0.099609 0.023426
0 0.820312 0.248902 0.121094 0.023426
0 0.124023 0.273060 0.044922 0.021962
0 0.323242 0.273792 0.287109 0.023426
0 0.073242 0.296486 0.056641 0.021962
0 0.075684 0.341508 0.063477 0.022694
0 0.154297 0.344802 0.064453 0.026354
0 0.838867 0.339678 0.082031 0.027818
0 0.056641 0.388726 0.013672 0.017570
0 0.106445 0.388726 0.044922 0.021962
0 0.183594 0.389458 0.082031 0.020498
0 0.268555 0.389458 0.060547 0.020498
0 0.411133 0.390190 0.080078 0.021962
0 0.503906 0.390190 0.078125 0.021962
0 0.836914 0.411420 0.041016 0.020498
0 0.194336 0.434846 0.173828 0.023426
0 0.512695 0.434846 0.015625 0.016105
0 0.765625 0.433382 0.121094 0.023426
0 0.194336 0.521962 0.082031 0.026354
0 0.295898 0.521962 0.101562 0.026354
0 0.396484 0.521962 0.080078 0.026354
0 0.204102 0.568814 0.095703 0.021962
0 0.101562 0.590776 0.083984 0.026354
0 0.258789 0.592972 0.060547 0.023426
0 0.333984 0.590044 0.058594 0.020498
0 0.424805 0.590776 0.095703 0.021962
0 0.855469 0.590776 0.039062 0.019034
0 0.091797 0.635066 0.062500 0.024158
0 0.362305 0.632504 0.078125 0.027818
0 0.802734 0.636896 0.152344 0.023426
0 0.104492 0.658126 0.044922 0.021962
0 0.159180 0.657394 0.041016 0.023426
0 0.092773 0.702050 0.060547 0.021962
0 0.176758 0.700586 0.082031 0.026354
0 0.277344 0.702782 0.097656 0.023426
0 0.378906 0.702782 0.078125 0.023426
0 0.092773 0.726208 0.060547 0.020498
0 0.165527 0.725476 0.065430 0.026354
0 0.351562 0.726208 0.085938 0.023426
0 0.792969 0.727672 0.167969 0.023426
0 0.237793 0.773792 0.208008 0.032211
0 0.293945 0.794290 0.091797 0.021962
0 0.406250 0.793558 0.023438 0.020498
0 0.404297 0.816252 0.017578 0.017570
0 0.469727 0.840776 0.083984 0.028551
0 0.123047 0.885798 0.070312 0.020498
0 0.332031 0.890190 0.058594 0.023426
0 0.470703 0.887262 0.042969 0.023426
0 0.536133 0.889458 0.066406 0.026354
0 0.610352 0.892387 0.062500 0.026354
0 0.695312 0.890190 0.083984 0.027818
0 0.165039 0.908492 0.060547 0.021962
0 0.321289 0.909956 0.080078 0.021962
0 0.425293 0.912518 0.100586 0.027086
0 0.536133 0.912884 0.101562 0.026354
0 0.294922 0.933382 0.068359 0.026354
0 0.424805 0.936310 0.062500 0.026354
0 0.518555 0.934114 0.099609 0.023426
0 0.601562 0.935578 0.042969 0.023426
0 0.666016 0.938507 0.058594 0.017570
0 0.750000 0.937408 0.083984 0.027086
0 0.144531 0.956808 0.060547 0.026354
0 0.285156 0.956808 0.191406 0.023426
0 0.518555 0.957540 0.250000 0.032211
0 0.684570 0.962665 0.062500 0.026354
0 0.479492 0.981698 0.062500 0.026354
0 0.249512 0.726574 0.086664 0.032740
0 0.254883 0.841508 0.099438 0.034224
0 0.329102 0.983163 0.069888 0.031997
