0 0.428125 0.057813 0.202083 0.017188
0 0.434375 0.087109 0.314583 0.024219
0 0.433854 0.247656 0.173958 0.020313
0 0.583854 0.253516 0.086458 0.017969
0 0.328125 0.516797 0.281250 0.027344
0 0.575521 0.520703 0.130208 0.019531
0 0.339583 0.057031 0.027083 0.015625
0 0.327083 0.071094 0.027083 0.015625
0 0.493229 0.073438 0.113542 0.021875
0 0.481771 0.121094 0.132292 0.023438
0 0.310937 0.129688 0.051042 0.021875
0 0.470833 0.151562 0.091667 0.021875
0 0.251042 0.159375 0.039583 0.018750
0 0.447917 0.167578 0.068750 0.019531
0 0.331250 0.179688 0.029167 0.018750
0 0.273958 0.242188 0.027083 0.018750
0 0.370833 0.246875 0.050000 0.021875
0 0.439583 0.249219 0.062500 0.020313
0 0.443750 0.299219 0.175000 0.023438
0 0.541667 0.322656 0.039583 0.031250
0 0.378125 0.353906 0.031250 0.020313
0 0.306250 0.411719 0.062500 0.020313
0 0.368750 0.414062 0.029167 0.018750
0 0.430208 0.450781 0.106250 0.020313
0 0.589583 0.487500 0.100000 0.021875
0 0.593750 0.539062 0.029167 0.018750
0 0.316667 0.561328 0.275000 0.024219
0 0.615625 0.582812 0.047917 0.018750
0 0.259896 0.596875 0.163542 0.025000
0 0.386458 0.598828 0.072917 0.021094
0 0.423958 0.617969 0.037500 0.015625
0 0.418750 0.634375 0.029167 0.018750
0 0.196875 0.653125 0.043750 0.021875
0 0.306250 0.653125 0.162500 0.021875
0 0.589583 0.652344 0.104167 0.020313
0 0.215625 0.701562 0.039583 0.021875
0 0.304167 0.702344 0.116667 0.023438
0 0.200000 0.721094 0.033333 0.020313
0 0.231250 0.721875 0.014583 0.017188
0 0.316667 0.721094 0.093750 0.023438
0 0.544792 0.717187 0.052083 0.021875
0 0.244792 0.834375 0.031250 0.018750
0 0.405729 0.831250 0.132292 0.029687
0 0.535937 0.846094 0.061458 0.028125
0 0.788542 0.834766 0.420833 0.035156
0 0.217708 0.873437 0.056250 0.021875
0 0.305208 0.874219 0.106250 0.020313
0 0.610417 0.871094 0.112500 0.039062
0 0.829688 0.874609 0.340625 0.047656
0 0.217708 0.892188 0.056250 0.021875
0 0.388542 0.891406 0.275000 0.031250
0 0.211458 0.911719 0.043750 0.020313
0 0.928125 0.910156 0.143750 0.039062
0 0.255729 0.931250 0.132292 0.025000
0 0.323958 0.950781 0.043750 0.020313
0 0.882812 0.942969 0.234375 0.034375
0 0.847917 0.981250 0.304167 0.037500
0 0.275521 0.113672 0.042403 0.020835
0 0.286979 0.176953 0.052928 0.022433
0 0.338021 0.261719 0.054795 0.026289
0 0.584375 0.344531 0.055852 0.026289
0 0.416146 0.354297 0.046244 0.025489
0 0.371354 0.387109 0.046458 0.025489
0 0.270833 0.535547 0.058001 0.025489
