0 0.766602 0.510917 0.212891 0.026201
0 0.280273 0.526201 0.509766 0.032314
0 0.449219 0.096725 0.414062 0.024891
0 0.460938 0.060262 0.460938 0.024454
0 0.252930 0.075546 0.050781 0.019214
0 0.491211 0.079476 0.400391 0.024454
0 0.217285 0.112664 0.239258 0.020961
0 0.478027 0.115939 0.178711 0.024891
0 0.705078 0.118341 0.251953 0.019214
0 0.164062 0.149345 0.136719 0.020961
0 0.505371 0.153275 0.532227 0.032314
0 0.805664 0.156332 0.044922 0.013974
0 0.345703 0.196943 0.150391 0.017467
0 0.269531 0.216376 0.175781 0.022271
0 0.558105 0.214847 0.381836 0.022707
0 0.802734 0.217467 0.087891 0.016594
0 0.496094 0.243231 0.339844 0.024454
0 0.786133 0.241921 0.167969 0.018341
0 0.317871 0.262009 0.114258 0.021834
0 0.422852 0.261572 0.070312 0.019214
0 0.640625 0.261135 0.048828 0.018341
0 0.711914 0.259825 0.066406 0.019214
0 0.815430 0.258952 0.113281 0.019214
0 0.768555 0.294323 0.052734 0.020961
0 0.233398 0.318777 0.025391 0.015721
0 0.706055 0.313537 0.052734 0.020961
0 0.102539 0.339301 0.074219 0.019214
0 0.664062 0.333624 0.171875 0.022707
0 0.728516 0.351528 0.085938 0.021834
0 0.394531 0.373799 0.054688 0.020961
0 0.705078 0.370306 0.054688 0.020961
0 0.806641 0.368559 0.136719 0.022707
0 0.234375 0.393013 0.117188 0.020961
0 0.348633 0.393013 0.052734 0.020961
0 0.824219 0.404803 0.048828 0.015721
0 0.771484 0.422707 0.189453 0.028821
0 0.347656 0.448472 0.052734 0.019214
0 0.806152 0.456332 0.071289 0.019214
0 0.225586 0.469869 0.419922 0.031441
0 0.459961 0.484279 0.197266 0.023581
0 0.069336 0.532751 0.099609 0.020961
0 0.482422 0.521397 0.107422 0.018341
0 0.791016 0.529694 0.023438 0.014847
0 0.176758 0.549127 0.095703 0.021397
0 0.086426 0.582096 0.145508 0.023581
0 0.462891 0.570742 0.107422 0.019214
0 0.164062 0.599345 0.294922 0.028384
0 0.465332 0.610262 0.077148 0.019651
0 0.085938 0.641921 0.054688 0.020961
0 0.163086 0.641048 0.074219 0.018341
0 0.402344 0.631004 0.162109 0.026201
0 0.787598 0.636900 0.176758 0.027511
0 0.296387 0.654148 0.208008 0.028821
0 0.847656 0.650655 0.048828 0.018341
0 0.052734 0.663319 0.076172 0.019214
0 0.455566 0.666812 0.090820 0.021834
0 0.052734 0.683406 0.076172 0.019214
0 0.242188 0.675983 0.097656 0.020961
0 0.097656 0.710480 0.074219 0.021834
0 0.187500 0.707860 0.078125 0.021834
0 0.069336 0.728821 0.050781 0.015721
0 0.145508 0.726856 0.080078 0.023144
0 0.101562 0.796943 0.048828 0.019214
0 0.118164 0.836245 0.095703 0.021834
0 0.116211 0.855895 0.095703 0.020961
0 0.310547 0.895633 0.074219 0.021834
0 0.488281 0.894978 0.261719 0.024017
0 0.413086 0.916157 0.158203 0.022707
0 0.812012 0.973799 0.120117 0.029694
0 0.718262 0.458515 0.093652 0.024048
0 0.261230 0.636681 0.100500 0.026299
0 0.759277 0.655459 0.120152 0.028764
0 0.141113 0.662227 0.078108 0.022982
0 0.141602 0.681223 0.081631 0.024396
