0 0.423828 0.233398 0.220052 0.031250
0 0.420573 0.260254 0.270833 0.026367
0 0.589844 0.869629 0.250000 0.030273
0 0.665365 0.563477 0.088542 0.023438
0 0.195964 0.572754 0.115885 0.026367
0 0.423177 0.232422 0.221354 0.027344
0 0.165365 0.284180 0.041667 0.015625
0 0.425781 0.324219 0.299479 0.031250
0 0.186198 0.350586 0.046875 0.019531
0 0.317708 0.352539 0.033854 0.015625
0 0.380208 0.350586 0.049479 0.019531
0 0.483073 0.351562 0.091146 0.023438
0 0.608073 0.344727 0.122396 0.025391
0 0.345052 0.375000 0.388021 0.023438
0 0.505208 0.398438 0.067708 0.023438
0 0.653646 0.393555 0.059896 0.019531
0 0.319010 0.428711 0.341146 0.025391
0 0.592448 0.425781 0.127604 0.027344
0 0.364583 0.455078 0.044271 0.013672
0 0.501302 0.453125 0.080729 0.023438
0 0.649740 0.449219 0.080729 0.023438
0 0.361979 0.508789 0.044271 0.015625
0 0.501302 0.506836 0.080729 0.025391
0 0.182292 0.546875 0.098958 0.027344
0 0.221354 0.597656 0.177083 0.027344
0 0.429688 0.596680 0.054688 0.019531
0 0.209635 0.631836 0.184896 0.025391
0 0.658854 0.625000 0.098958 0.023438
0 0.182292 0.676758 0.093750 0.025391
0 0.335286 0.673340 0.178385 0.028320
0 0.238281 0.705566 0.205729 0.032227
0 0.196615 0.737305 0.132812 0.025391
0 0.220052 0.767578 0.184896 0.027344
0 0.683594 0.763672 0.070312 0.023438
0 0.169271 0.829102 0.078125 0.025391
0 0.302083 0.828613 0.200521 0.036133
0 0.678385 0.825195 0.085938 0.025391
0 0.432292 0.902344 0.171875 0.027344
0 0.239583 0.351562 0.067500 0.029037
0 0.508464 0.427246 0.045858 0.024888
