0 0.474121 0.191575 0.311523 0.021245
0 0.474609 0.221978 0.638672 0.032234
0 0.699707 0.368864 0.208008 0.024176
0 0.240723 0.764835 0.239258 0.038095
0 0.788086 0.761172 0.115234 0.026374
0 0.163086 0.460073 0.041016 0.023443
0 0.432617 0.457875 0.064453 0.021978
0 0.768555 0.530403 0.119141 0.038095
0 0.776367 0.616117 0.121094 0.032234
0 0.285156 0.667399 0.308594 0.036630
0 0.455566 0.708791 0.102539 0.037363
0 0.198730 0.761905 0.165039 0.045421
0 0.786621 0.760806 0.125977 0.038828
0 0.485840 0.457509 0.052809 0.032611
0 0.472656 0.665201 0.081831 0.045127
0 0.322266 0.763736 0.095148 0.044552
