0 0.606443 0.293750 0.204482 0.027083
0 0.410364 0.092188 0.333333 0.019792
0 0.380252 0.134375 0.177871 0.027083
0 0.329132 0.333333 0.232493 0.025000
0 0.415966 0.422917 0.039216 0.018750
0 0.477591 0.413542 0.033613 0.016667
0 0.693277 0.419792 0.056022 0.020833
0 0.275910 0.450000 0.154062 0.025000
0 0.483193 0.459375 0.072829 0.020833
0 0.627451 0.458333 0.072829 0.025000
0 0.276611 0.471354 0.163866 0.028125
0 0.291317 0.502083 0.196078 0.025000
0 0.476891 0.522917 0.088235 0.027083
0 0.621849 0.521875 0.086835 0.020833
0 0.225490 0.641667 0.086835 0.025000
0 0.483193 0.635417 0.075630 0.025000
0 0.633754 0.634375 0.077031 0.029167
0 0.287815 0.666146 0.219888 0.032292
0 0.494398 0.754167 0.053221 0.025000
0 0.649860 0.756250 0.056022 0.025000
0 0.259104 0.841667 0.053221 0.029167
0 0.702381 0.848958 0.096639 0.033333
0 0.268908 0.907292 0.218487 0.031250
0 0.677871 0.914583 0.039216 0.025000
0 0.539216 0.420833 0.053836 0.029919
0 0.217787 0.597917 0.073781 0.032917
0 0.197479 0.841667 0.077830 0.037179
