0 0.348958 0.094238 0.156250 0.020508
0 0.587674 0.057129 0.234375 0.020508
0 0.592014 0.075195 0.166667 0.013672
0 0.588542 0.092285 0.232639 0.016602
0 0.417535 0.153809 0.300347 0.014648
0 0.385417 0.620605 0.263889 0.018555
0 0.728299 0.621582 0.098958 0.014648
0 0.347222 0.171875 0.038194 0.013672
0 0.310764 0.234375 0.041667 0.013672
0 0.347222 0.250000 0.156250 0.013672
0 0.329861 0.295898 0.079861 0.015625
0 0.343750 0.310547 0.159722 0.015625
0 0.526042 0.310547 0.076389 0.013672
0 0.727431 0.309570 0.076389 0.015625
0 0.463542 0.342773 0.208333 0.015625
0 0.345486 0.360352 0.159722 0.015625
0 0.526042 0.359375 0.076389 0.013672
0 0.343750 0.391602 0.159722 0.015625
0 0.527778 0.390625 0.072917 0.013672
0 0.730903 0.389648 0.076389 0.015625
0 0.342014 0.423828 0.159722 0.013672
0 0.526042 0.422852 0.076389 0.015625
0 0.730903 0.421875 0.076389 0.013672
0 0.539931 0.439453 0.055556 0.013672
0 0.342014 0.456055 0.159722 0.015625
0 0.527778 0.456055 0.079861 0.015625
0 0.732639 0.454102 0.079861 0.015625
0 0.282986 0.472656 0.041667 0.013672
0 0.383681 0.472656 0.076389 0.013672
0 0.342014 0.489258 0.166667 0.015625
0 0.527778 0.488281 0.079861 0.013672
0 0.286458 0.504883 0.055556 0.015625
0 0.340278 0.522461 0.163194 0.015625
0 0.545139 0.521484 0.045139 0.013672
0 0.753472 0.520508 0.045139 0.015625
0 0.753472 0.537109 0.045139 0.013672
0 0.413194 0.555664 0.163194 0.015625
0 0.588542 0.553711 0.173611 0.015625
0 0.340278 0.573242 0.163194 0.015625
0 0.534722 0.571289 0.065972 0.015625
0 0.493056 0.623047 0.059028 0.017578
0 0.708333 0.623047 0.045139 0.013672
0 0.758681 0.623047 0.041667 0.013672
0 0.720486 0.640625 0.090278 0.013672
0 0.734375 0.658203 0.097222 0.017578
0 0.734375 0.676758 0.097222 0.015625
0 0.605903 0.747070 0.055556 0.011719
0 0.737847 0.747070 0.090278 0.015625
0 0.674479 0.783203 0.223958 0.019531
0 0.237847 0.946289 0.336806 0.029297
0 0.340278 0.203125 0.058870 0.017281
0 0.445312 0.280273 0.056275 0.016569
0 0.330729 0.343262 0.048074 0.021175
0 0.406250 0.504883 0.062058 0.020993
