0 0.382639 0.116406 0.315278 0.020313
0 0.335417 0.134766 0.387500 0.019531
0 0.309722 0.184766 0.313889 0.019531
0 0.280556 0.782031 0.230556 0.026562
0 0.294444 0.274219 0.030556 0.015625
0 0.444444 0.375000 0.077778 0.018750
0 0.166667 0.382812 0.041667 0.014063
0 0.273611 0.414844 0.072222 0.015625
0 0.173611 0.435156 0.050000 0.015625
0 0.452778 0.446094 0.075000 0.015625
0 0.621528 0.458594 0.065278 0.020313
0 0.452778 0.464062 0.077778 0.018750
0 0.577778 0.461719 0.030556 0.015625
0 0.608333 0.477344 0.086111 0.015625
0 0.250000 0.489063 0.205556 0.018750
0 0.458333 0.518750 0.077778 0.018750
0 0.612500 0.514062 0.091667 0.018750
0 0.177778 0.527344 0.052778 0.015625
0 0.279167 0.542969 0.033333 0.015625
0 0.208333 0.546094 0.108333 0.015625
0 0.256944 0.563281 0.208333 0.020313
0 0.463889 0.574219 0.075000 0.015625
0 0.250000 0.582031 0.194444 0.020313
0 0.637500 0.587500 0.063889 0.018750
0 0.593056 0.589844 0.033333 0.015625
0 0.483333 0.611719 0.047222 0.015625
0 0.254167 0.620313 0.197222 0.021875
0 0.469444 0.631250 0.077778 0.018750
0 0.226389 0.639844 0.141667 0.020313
0 0.254167 0.658984 0.202778 0.024219
0 0.473611 0.670312 0.080556 0.018750
0 0.475000 0.689844 0.083333 0.020313
0 0.477778 0.709375 0.077778 0.018750
0 0.608333 0.706250 0.030556 0.014063
0 0.405556 0.732812 0.038889 0.018750
0 0.277778 0.760156 0.238889 0.023438
0 0.634028 0.768359 0.118056 0.022656
0 0.275000 0.783594 0.216667 0.023438
0 0.538889 0.800000 0.116667 0.021875
0 0.292361 0.923828 0.451389 0.032031
0 0.113194 0.947656 0.095833 0.029687
0 0.329167 0.947266 0.188889 0.028906
0 0.197917 0.946875 0.097990 0.032559
