0 0.514323 0.378418 0.208333 0.022461
0 0.511068 0.404297 0.256510 0.021484
0 0.652344 0.825684 0.216146 0.020508
0 0.304036 0.761719 0.115885 0.021484
0 0.728516 0.768066 0.082031 0.018555
0 0.513672 0.377441 0.209635 0.020508
0 0.268229 0.424805 0.039062 0.015625
0 0.514323 0.463867 0.289062 0.029297
0 0.285156 0.490234 0.046875 0.017578
0 0.408854 0.491211 0.033854 0.019531
0 0.470052 0.491211 0.046875 0.019531
0 0.570312 0.492188 0.088542 0.023438
0 0.425781 0.517090 0.346354 0.026367
0 0.583333 0.541992 0.075521 0.019531
0 0.727865 0.541992 0.078125 0.019531
0 0.480469 0.571289 0.460938 0.025391
0 0.453125 0.595703 0.044271 0.013672
0 0.585938 0.596680 0.075521 0.019531
0 0.729167 0.596680 0.075521 0.019531
0 0.444010 0.625000 0.388021 0.027344
0 0.587240 0.652344 0.075521 0.023438
0 0.423177 0.680664 0.351562 0.025391
0 0.453125 0.706055 0.044271 0.015625
0 0.731771 0.708984 0.078125 0.023438
0 0.516927 0.790039 0.052083 0.019531
0 0.335286 0.491211 0.066190 0.027043
