0 0.550130 0.182617 0.292969 0.035156
0 0.545573 0.211426 0.263021 0.026367
0 0.543620 0.239746 0.230469 0.026367
0 0.346354 0.328125 0.335938 0.033203
0 0.314453 0.492676 0.282552 0.034180
0 0.675130 0.506348 0.089844 0.022461
0 0.344401 0.328613 0.332031 0.038086
0 0.233073 0.347656 0.111979 0.027344
0 0.637370 0.361816 0.178385 0.026367
0 0.199219 0.393555 0.049479 0.025391
0 0.425781 0.403320 0.031250 0.019531
0 0.549479 0.408203 0.028646 0.017578
0 0.259766 0.444336 0.178385 0.031250
0 0.459635 0.451172 0.085938 0.023438
0 0.664062 0.436523 0.062500 0.025391
0 0.408854 0.497070 0.083333 0.025391
0 0.673177 0.506836 0.085938 0.025391
0 0.235677 0.562500 0.111979 0.027344
0 0.669271 0.554688 0.088542 0.023438
0 0.679688 0.725586 0.046875 0.025391
0 0.257161 0.396484 0.068594 0.030859
0 0.466797 0.405273 0.052138 0.026884
