0 0.289062 0.288086 0.156250 0.029297
0 0.520833 0.234375 0.187500 0.017578
0 0.521484 0.257812 0.238281 0.025391
0 0.522135 0.279297 0.187500 0.023438
0 0.359375 0.369141 0.281250 0.023438
0 0.349609 0.511719 0.246094 0.025391
0 0.664714 0.504395 0.074219 0.016602
0 0.243490 0.374023 0.052083 0.019531
0 0.266927 0.392578 0.096354 0.023438
0 0.464844 0.427734 0.085938 0.023438
0 0.298828 0.472656 0.157552 0.027344
0 0.489583 0.468750 0.039062 0.017578
0 0.661458 0.460938 0.072917 0.023438
0 0.682292 0.504883 0.039062 0.015625
0 0.683594 0.543945 0.041667 0.019531
0 0.683594 0.565430 0.041667 0.019531
0 0.466146 0.676758 0.312500 0.029297
0 0.437500 0.699219 0.028646 0.017578
0 0.694010 0.694336 0.036458 0.015625
