0 0.503472 0.204590 0.486111 0.032227
0 0.428819 0.233398 0.576389 0.037109
0 0.373264 0.316895 0.493056 0.034180
0 0.252604 0.494141 0.314236 0.033203
0 0.776910 0.501465 0.144097 0.024414
0 0.559028 0.236328 0.319444 0.027344
0 0.288194 0.262695 0.309028 0.035156
0 0.260417 0.289062 0.256944 0.031250
0 0.536458 0.294922 0.260417 0.027344
0 0.531250 0.321289 0.173611 0.025391
0 0.159722 0.342773 0.065972 0.019531
0 0.449653 0.348633 0.048611 0.019531
0 0.798611 0.382812 0.111111 0.023438
0 0.227431 0.403809 0.246528 0.028320
0 0.557292 0.408203 0.114583 0.023438
0 0.236111 0.432617 0.097222 0.025391
0 0.777778 0.439453 0.145833 0.023438
0 0.266493 0.463379 0.338542 0.032227
0 0.822917 0.470703 0.055556 0.023438
0 0.296875 0.494141 0.232639 0.027344
0 0.451389 0.533203 0.517361 0.037109
0 0.290799 0.922363 0.453125 0.030273
0 0.112847 0.947266 0.086806 0.023438
0 0.330729 0.946289 0.185764 0.025391
0 0.168403 0.374023 0.131650 0.036843
0 0.196181 0.946289 0.096727 0.032862
