0 0.390678 0.470313 0.327119 0.017188
0 0.805932 0.467578 0.110169 0.013281
0 0.404237 0.246484 0.367797 0.017969
0 0.612712 0.147656 0.242373 0.015625
0 0.616102 0.164453 0.300000 0.016406
0 0.615254 0.182422 0.233898 0.016406
0 0.314407 0.185156 0.201695 0.028125
0 0.755932 0.305469 0.077966 0.015625
0 0.244068 0.342969 0.037288 0.012500
0 0.791525 0.336719 0.094915 0.015625
0 0.323729 0.373437 0.196610 0.014063
0 0.550847 0.371094 0.094915 0.015625
0 0.796610 0.369531 0.091525 0.012500
0 0.527119 0.387500 0.054237 0.014063
0 0.588136 0.388281 0.047458 0.012500
0 0.706780 0.385156 0.169492 0.015625
0 0.323729 0.405469 0.203390 0.015625
0 0.430508 0.421094 0.166102 0.015625
0 0.586441 0.420312 0.125424 0.014063
0 0.325424 0.438281 0.200000 0.015625
0 0.554237 0.435937 0.094915 0.014063
0 0.803390 0.433594 0.098305 0.015625
0 0.803390 0.466406 0.111864 0.015625
0 0.325424 0.536719 0.196610 0.020313
0 0.815254 0.535156 0.101695 0.015625
0 0.408475 0.553125 0.118644 0.018750
0 0.748305 0.587109 0.249153 0.014844
0 0.743220 0.621484 0.269492 0.021094
0 0.290678 0.937109 0.449153 0.025781
0 0.244068 0.956250 0.352542 0.021875
