0 0.491211 0.193040 0.642578 0.049084
0 0.713867 0.330403 0.222656 0.039560
0 0.239258 0.823810 0.275391 0.043223
0 0.810547 0.820879 0.132812 0.043223
0 0.597168 0.159341 0.094727 0.030037
0 0.624023 0.189011 0.111328 0.020513
0 0.764648 0.182418 0.091797 0.021978
0 0.401367 0.227839 0.146484 0.021978
0 0.172852 0.426374 0.044922 0.023443
0 0.323730 0.465201 0.358398 0.035165
0 0.467285 0.501099 0.098633 0.036630
0 0.792480 0.497070 0.104492 0.037363
0 0.235352 0.546886 0.191406 0.031502
0 0.447266 0.546520 0.066406 0.035165
0 0.798340 0.582051 0.102539 0.037363
0 0.467773 0.674725 0.097656 0.032234
0 0.467773 0.766300 0.123047 0.035165
0 0.805664 0.820513 0.126953 0.038095
0 0.518555 0.165568 0.075624 0.032342
0 0.700195 0.185714 0.039838 0.022615
0 0.565430 0.221978 0.165412 0.033798
0 0.373535 0.547619 0.090341 0.038637
0 0.326172 0.822711 0.099067 0.043814
0 0.401855 0.893407 0.072168 0.038858
