0 0.457031 0.181152 0.270833 0.026367
0 0.452474 0.209473 0.342448 0.034180
0 0.662109 0.895020 0.295573 0.038086
0 0.175130 0.530762 0.152344 0.030273
0 0.750000 0.528320 0.098958 0.023438
0 0.456380 0.179688 0.269531 0.029297
0 0.369141 0.207520 0.170573 0.028320
0 0.135417 0.228516 0.033854 0.017578
0 0.460938 0.289062 0.375000 0.046875
0 0.157552 0.313477 0.059896 0.025391
0 0.326823 0.323242 0.044271 0.025391
0 0.406250 0.324219 0.062500 0.023438
0 0.532552 0.330078 0.111979 0.031250
0 0.684896 0.327148 0.145833 0.025391
0 0.554688 0.392578 0.093750 0.027344
0 0.408854 0.421875 0.596354 0.037109
0 0.386719 0.454102 0.057292 0.019531
0 0.161458 0.498047 0.132812 0.037109
0 0.175781 0.531250 0.166667 0.037109
0 0.472656 0.565430 0.065104 0.025391
0 0.204427 0.606445 0.226562 0.029297
0 0.750000 0.600098 0.101562 0.032227
0 0.161458 0.662109 0.119792 0.031250
0 0.358724 0.658691 0.222656 0.038086
0 0.127604 0.704102 0.054688 0.035156
0 0.339844 0.697266 0.132812 0.031250
0 0.181641 0.739746 0.170573 0.032227
0 0.212240 0.778320 0.239583 0.035156
0 0.772135 0.764160 0.088542 0.032227
0 0.214844 0.819336 0.244792 0.039062
0 0.265625 0.853516 0.346354 0.041016
0 0.768880 0.837891 0.100260 0.031250
0 0.174479 0.910156 0.109375 0.031250
0 0.475260 0.941406 0.213542 0.037109
0 0.659505 0.956543 0.095052 0.030273
0 0.226562 0.318848 0.088323 0.037834
0 0.531901 0.458008 0.055127 0.030859
0 0.212891 0.700195 0.130961 0.048574
0 0.586589 0.963867 0.057347 0.026626
