0 0.277344 0.132504 0.203125 0.089312
0 0.560059 0.119693 0.327148 0.076867
0 0.354980 0.240117 0.354492 0.032211
0 0.472168 0.409956 0.608398 0.038067
0 0.560547 0.095168 0.193359 0.027818
0 0.277832 0.147877 0.194336 0.046852
0 0.425781 0.147877 0.013672 0.016105
0 0.562500 0.167643 0.181641 0.029283
0 0.688477 0.232064 0.164062 0.029283
0 0.676758 0.256955 0.191406 0.026354
0 0.237305 0.268668 0.117188 0.026354
0 0.480469 0.311859 0.107422 0.027818
0 0.598633 0.310395 0.033203 0.020498
0 0.727539 0.307467 0.093750 0.027818
0 0.268555 0.364568 0.191406 0.027818
0 0.480469 0.361640 0.107422 0.027818
0 0.722656 0.409956 0.107422 0.027818
0 0.764648 0.433382 0.019531 0.019034
0 0.723633 0.461201 0.109375 0.027818
0 0.732422 0.513909 0.095703 0.027818
0 0.296875 0.597731 0.255859 0.031479
0 0.661621 0.594802 0.241211 0.030015
0 0.772461 0.620791 0.015625 0.019034
0 0.658203 0.648609 0.255859 0.030747
0 0.467773 0.732064 0.406250 0.030747
0 0.461914 0.277086 0.121152 0.057832
0 0.344727 0.294656 0.135367 0.047016
