0 0.295573 0.191406 0.164062 0.029297
0 0.547526 0.142578 0.272135 0.019531
0 0.548828 0.167480 0.246094 0.018555
0 0.546875 0.191406 0.218750 0.021484
0 0.366536 0.282227 0.311198 0.019531
0 0.342448 0.528809 0.265625 0.024414
0 0.692057 0.530762 0.084635 0.020508
0 0.296875 0.193359 0.169271 0.037109
0 0.651693 0.280273 0.134115 0.027344
0 0.647135 0.303711 0.169271 0.025391
0 0.468750 0.350586 0.083333 0.025391
0 0.565104 0.350586 0.028646 0.019531
0 0.290365 0.395508 0.166667 0.019531
0 0.486979 0.395508 0.065104 0.019531
0 0.223958 0.416992 0.033854 0.019531
0 0.290365 0.462891 0.169271 0.023438
0 0.222656 0.485352 0.031250 0.019531
0 0.692708 0.485352 0.080729 0.019531
0 0.692708 0.531250 0.083333 0.023438
0 0.682292 0.554688 0.083333 0.023438
0 0.694010 0.578125 0.085938 0.023438
0 0.694010 0.601562 0.085938 0.023438
0 0.701823 0.625977 0.067708 0.019531
0 0.467448 0.646973 0.330729 0.026367
0 0.653646 0.820312 0.151042 0.023438
0 0.284505 0.349609 0.065955 0.030859
0 0.511068 0.372559 0.047710 0.026043
