0 0.509766 0.357509 0.318359 0.026374
0 0.509766 0.389744 0.652344 0.026374
0 0.745117 0.544689 0.218750 0.022711
0 0.279297 0.781319 0.248047 0.038828
0 0.823242 0.775458 0.111328 0.031502
0 0.243164 0.393407 0.115234 0.021978
0 0.422852 0.422711 0.150391 0.021978
0 0.592285 0.422711 0.165039 0.026374
0 0.745117 0.545055 0.222656 0.030769
0 0.185547 0.639560 0.044922 0.026374
0 0.786133 0.632967 0.160156 0.030769
0 0.817871 0.720513 0.118164 0.037363
0 0.276367 0.781319 0.263672 0.046154
0 0.820801 0.775092 0.120117 0.039560
