0 0.443856 0.177246 0.163136 0.018555
0 0.434322 0.199219 0.614407 0.021484
0 0.447034 0.219238 0.483051 0.020508
0 0.453390 0.309570 0.296610 0.013672
0 0.503178 0.591797 0.167373 0.019531
0 0.754237 0.588867 0.097458 0.013672
0 0.540254 0.291016 0.059322 0.013672
0 0.202331 0.338379 0.167373 0.018555
0 0.175847 0.416016 0.118644 0.017578
0 0.241525 0.436523 0.250000 0.019531
0 0.739407 0.454102 0.101695 0.019531
0 0.745763 0.500977 0.097458 0.015625
0 0.747881 0.541016 0.101695 0.017578
0 0.459746 0.592773 0.084746 0.019531
0 0.756356 0.589844 0.101695 0.017578
0 0.360169 0.668457 0.254237 0.028320
0 0.476695 0.724609 0.360169 0.023438
0 0.274364 0.936035 0.451271 0.026367
0 0.228814 0.957031 0.355932 0.023438
