0 0.449219 0.403809 0.390625 0.022461
0 0.389974 0.434082 0.451823 0.024414
0 0.353516 0.524902 0.376302 0.022461
0 0.264974 0.687988 0.243490 0.022461
0 0.675781 0.683105 0.125000 0.024414
0 0.390625 0.434570 0.460938 0.035156
0 0.285156 0.470703 0.247396 0.027344
0 0.263021 0.499023 0.203125 0.025391
0 0.480469 0.496094 0.205729 0.029297
0 0.216797 0.559082 0.121094 0.028320
0 0.412760 0.556641 0.039062 0.023438
0 0.484375 0.554688 0.046875 0.023438
0 0.223958 0.591797 0.161458 0.027344
0 0.419271 0.587891 0.036458 0.023438
0 0.502604 0.586914 0.088542 0.025391
0 0.207031 0.621094 0.145833 0.037109
0 0.417969 0.618164 0.039062 0.025391
0 0.671875 0.616211 0.130208 0.025391
0 0.274089 0.651367 0.266927 0.029297
0 0.717448 0.648438 0.039062 0.023438
