0 0.334635 0.302734 0.151042 0.025391
0 0.552083 0.250488 0.153646 0.032227
0 0.550130 0.273438 0.238281 0.027344
0 0.549479 0.296875 0.187500 0.025391
0 0.399089 0.377930 0.269531 0.023438
0 0.388672 0.549316 0.220052 0.022461
0 0.676432 0.545898 0.079427 0.019531
0 0.640625 0.394531 0.143229 0.017578
0 0.489583 0.436523 0.065104 0.019531
0 0.341146 0.477539 0.143229 0.019531
0 0.502604 0.474609 0.065104 0.017578
0 0.678385 0.471680 0.067708 0.015625
0 0.446615 0.494141 0.158854 0.023438
0 0.583333 0.493164 0.070312 0.019531
0 0.342448 0.515625 0.135417 0.017578
0 0.501302 0.512695 0.067708 0.015625
0 0.696615 0.510742 0.036458 0.015625
0 0.471354 0.549805 0.049479 0.019531
0 0.682292 0.549805 0.070312 0.015625
0 0.683594 0.587891 0.067708 0.017578
0 0.683594 0.627930 0.072917 0.019531
0 0.490885 0.707031 0.294271 0.023438
0 0.604167 0.728516 0.239583 0.023438
