0 0.506510 0.187988 0.299479 0.036133
0 0.512370 0.273926 0.662760 0.034180
0 0.332031 0.324219 0.328125 0.031250
0 0.628255 0.769043 0.522135 0.041992
0 0.505208 0.187500 0.307292 0.046875
0 0.207031 0.324219 0.080729 0.027344
0 0.759115 0.318359 0.216146 0.027344
0 0.537760 0.408203 0.158854 0.046875
0 0.726562 0.406250 0.158854 0.041016
0 0.209635 0.468750 0.091146 0.031250
0 0.830729 0.461914 0.088542 0.029297
0 0.260417 0.512695 0.210938 0.035156
0 0.396484 0.551758 0.149740 0.042969
0 0.803385 0.547852 0.145833 0.039062
0 0.256510 0.594727 0.208333 0.039062
0 0.429688 0.592773 0.078125 0.029297
0 0.810547 0.628906 0.147135 0.042969
0 0.486979 0.678711 0.054688 0.039062
0 0.396484 0.720215 0.157552 0.051758
0 0.816406 0.713867 0.145833 0.042969
0 0.628906 0.773926 0.523438 0.051758
0 0.449219 0.469238 0.077768 0.045496
0 0.456380 0.837402 0.067035 0.033597
