0 0.491536 0.403320 0.209635 0.017578
0 0.489583 0.428711 0.252604 0.017578
0 0.624349 0.794922 0.212240 0.025391
0 0.287760 0.729004 0.114583 0.022461
0 0.700521 0.737305 0.070312 0.017578
0 0.265625 0.516602 0.044271 0.019531
0 0.385417 0.518555 0.033854 0.019531
0 0.444010 0.518555 0.046875 0.019531
0 0.664062 0.520508 0.117188 0.019531
0 0.555990 0.569336 0.072917 0.019531
0 0.696615 0.571289 0.078125 0.019531
0 0.398438 0.596680 0.328125 0.025391
0 0.555990 0.623047 0.075521 0.023438
0 0.450521 0.651367 0.440104 0.035156
0 0.555990 0.676758 0.072917 0.019531
0 0.697917 0.680664 0.075521 0.019531
0 0.309245 0.729492 0.050781 0.019531
0 0.307292 0.749023 0.156250 0.025391
0 0.497396 0.756836 0.049479 0.019531
0 0.716146 0.797852 0.028646 0.019531
0 0.486979 0.816406 0.145833 0.027344
0 0.313151 0.518555 0.063567 0.027043
