0 0.524306 0.225586 0.534722 0.035156
0 0.526910 0.253418 0.401042 0.024414
0 0.723958 0.574219 0.295139 0.021484
0 0.355035 0.520508 0.328125 0.021484
0 0.812500 0.511230 0.104167 0.022461
0 0.576389 0.299805 0.038194 0.019531
0 0.526042 0.339844 0.371528 0.031250
0 0.390625 0.395508 0.041667 0.019531
0 0.468750 0.395508 0.059028 0.019531
0 0.597222 0.395508 0.107639 0.019531
0 0.303819 0.419922 0.218750 0.023438
0 0.618056 0.464844 0.097222 0.023438
0 0.409722 0.500977 0.038194 0.015625
0 0.390625 0.520020 0.260417 0.026367
0 0.807292 0.511719 0.100694 0.023438
0 0.298611 0.547852 0.204861 0.019531
0 0.538194 0.607422 0.250000 0.027344
0 0.290799 0.922363 0.453125 0.030273
0 0.110243 0.945801 0.095486 0.028320
0 0.330729 0.945312 0.185764 0.027344
0 0.196181 0.946289 0.096727 0.032862
