0 0.502604 0.334473 0.376736 0.059570
0 0.509549 0.405273 0.418403 0.037109
0 0.180556 0.571777 0.086806 0.022461
0 0.357639 0.567871 0.156250 0.018555
0 0.518229 0.563965 0.112847 0.020508
0 0.647569 0.559570 0.079861 0.019531
0 0.246528 0.741211 0.229167 0.035156
0 0.865451 0.732422 0.157986 0.025391
0 0.503472 0.336914 0.402778 0.078125
0 0.654514 0.400391 0.135417 0.027344
0 0.442708 0.410156 0.295139 0.027344
0 0.611111 0.424805 0.131944 0.025391
0 0.462674 0.479004 0.293403 0.030273
0 0.489583 0.518555 0.059028 0.015625
0 0.593750 0.514648 0.159722 0.029297
0 0.210069 0.544922 0.149306 0.023438
0 0.348958 0.543945 0.097222 0.019531
0 0.532118 0.537109 0.244792 0.031250
0 0.358507 0.566406 0.168403 0.025391
0 0.519097 0.563477 0.118056 0.019531
0 0.645833 0.558594 0.090278 0.023438
0 0.571181 0.586914 0.041667 0.019531
0 0.230903 0.594727 0.190972 0.025391
0 0.336806 0.624023 0.291667 0.025391
0 0.227431 0.656250 0.197917 0.027344
0 0.343750 0.679688 0.125000 0.027344
0 0.247396 0.741211 0.244792 0.039062
0 0.887153 0.760742 0.135417 0.025391
0 0.171875 0.797852 0.086806 0.025391
0 0.330729 0.789062 0.116319 0.027344
0 0.690972 0.818359 0.215278 0.027344
0 0.594618 0.380859 0.127710 0.028889
0 0.507812 0.429688 0.088922 0.025276
0 0.658854 0.470703 0.107489 0.032103
0 0.243924 0.793457 0.069518 0.027952
