0 0.442708 0.273926 0.378472 0.026367
0 0.388889 0.296875 0.447917 0.019531
0 0.349826 0.362305 0.373264 0.017578
0 0.261285 0.478027 0.248264 0.018555
0 0.677951 0.477539 0.088542 0.017578
0 0.260417 0.340820 0.197917 0.019531
0 0.477431 0.342773 0.201389 0.019531
0 0.274306 0.362305 0.225694 0.019531
0 0.470486 0.362305 0.138889 0.019531
0 0.206597 0.428711 0.142361 0.025391
0 0.687500 0.430664 0.072917 0.019531
0 0.290799 0.922363 0.453125 0.030273
0 0.110243 0.945801 0.095486 0.028320
0 0.330729 0.946289 0.185764 0.025391
0 0.196181 0.946289 0.096727 0.032862
