0 0.341146 0.405762 0.117188 0.024414
0 0.524089 0.370605 0.139323 0.014648
0 0.525391 0.388184 0.180990 0.014648
0 0.524740 0.407227 0.138021 0.015625
0 0.393229 0.471191 0.223958 0.012695
0 0.376302 0.585449 0.190104 0.014648
0 0.631510 0.583984 0.054688 0.011719
0 0.317708 0.489258 0.075521 0.015625
0 0.337240 0.521484 0.041667 0.013672
0 0.341146 0.553711 0.122396 0.015625
0 0.493490 0.552734 0.031250 0.013672
0 0.630208 0.551758 0.059896 0.015625
0 0.454427 0.584961 0.041667 0.015625
0 0.645833 0.584961 0.033854 0.015625
0 0.645833 0.618164 0.033854 0.015625
0 0.326823 0.637695 0.078125 0.015625
0 0.610677 0.635742 0.031250 0.015625
0 0.647135 0.634766 0.031250 0.013672
0 0.631510 0.653320 0.067708 0.015625
0 0.566406 0.669922 0.046875 0.013672
0 0.290365 0.744141 0.031250 0.013672
0 0.524740 0.741211 0.125000 0.015625
0 0.652344 0.741211 0.031250 0.015625
0 0.598958 0.777344 0.033854 0.013672
