0 0.439453 0.215751 0.302734 0.021245
0 0.531738 0.356410 0.323242 0.025641
0 0.379395 0.754945 0.278320 0.025641
0 0.641602 0.753114 0.142578 0.029304
0 0.327148 0.200000 0.029297 0.019048
0 0.390625 0.199267 0.085938 0.020513
0 0.509766 0.201465 0.121094 0.021978
0 0.499023 0.217582 0.162109 0.021978
0 0.300781 0.235165 0.132812 0.021978
0 0.444336 0.233700 0.099609 0.021978
0 0.489746 0.251282 0.120117 0.026374
0 0.634766 0.269597 0.027344 0.017582
0 0.326172 0.287179 0.089844 0.020513
0 0.581055 0.287179 0.072266 0.017582
0 0.387207 0.312454 0.084961 0.021245
0 0.475586 0.310623 0.068359 0.017582
0 0.551270 0.310623 0.065430 0.020513
0 0.297852 0.332601 0.076172 0.020513
0 0.502930 0.329670 0.318359 0.023443
0 0.304688 0.361172 0.031250 0.021978
0 0.607422 0.372894 0.136719 0.019048
0 0.621094 0.424908 0.113281 0.020513
0 0.342773 0.447619 0.060547 0.021978
0 0.402344 0.446886 0.031250 0.020513
0 0.429688 0.463736 0.392578 0.029304
0 0.468750 0.479853 0.093750 0.019048
0 0.620117 0.478388 0.064453 0.021978
0 0.573242 0.529670 0.095703 0.021978
0 0.391113 0.550183 0.301758 0.026374
0 0.474609 0.565568 0.093750 0.020513
0 0.632812 0.564103 0.105469 0.020513
0 0.658203 0.617582 0.064453 0.023443
0 0.379883 0.668864 0.267578 0.021978
0 0.611328 0.668864 0.160156 0.021978
0 0.472656 0.686447 0.105469 0.021978
0 0.379883 0.704029 0.267578 0.021978
0 0.610352 0.704029 0.158203 0.021978
0 0.640625 0.719414 0.105469 0.023443
0 0.408203 0.755311 0.210938 0.019048
0 0.634766 0.753114 0.117188 0.020513
0 0.646484 0.768498 0.027344 0.019048
0 0.297852 0.812454 0.091797 0.019048
0 0.635742 0.809524 0.115234 0.019048
0 0.278320 0.837363 0.048828 0.019048
0 0.332031 0.838095 0.046875 0.017582
0 0.635742 0.832967 0.115234 0.021978
0 0.349609 0.862271 0.187500 0.021978
0 0.276367 0.879121 0.037109 0.017582
0 0.319336 0.880586 0.037109 0.017582
0 0.393555 0.876923 0.099609 0.019048
0 0.470703 0.876190 0.039062 0.017582
0 0.294922 0.908425 0.027344 0.017582
0 0.465820 0.906960 0.115234 0.020513
0 0.322266 0.923077 0.078125 0.017582
0 0.398438 0.923810 0.058594 0.019048
0 0.356445 0.936996 0.142578 0.019048
0 0.602539 0.934799 0.056641 0.017582
0 0.312012 0.948352 0.045898 0.015385
0 0.354492 0.950916 0.023438 0.010256
0 0.446289 0.951282 0.154297 0.019780
0 0.415039 0.977289 0.035156 0.013187
0 0.450195 0.979487 0.023438 0.011722
0 0.539062 0.980220 0.058594 0.017582
0 0.595215 0.616850 0.055295 0.024652
0 0.273438 0.755311 0.054305 0.024652
0 0.326660 0.771429 0.053387 0.023150
0 0.484863 0.979853 0.039753 0.019537
