0 0.503178 0.215820 0.188559 0.017578
0 0.494703 0.239746 0.684322 0.024414
0 0.523305 0.264648 0.563559 0.017578
0 0.510593 0.361816 0.322034 0.014648
0 0.530720 0.571289 0.264831 0.017578
0 0.841102 0.568359 0.118644 0.015625
0 0.645127 0.263672 0.252119 0.027344
0 0.614407 0.342773 0.063559 0.015625
0 0.510593 0.362305 0.076271 0.015625
0 0.177966 0.432617 0.055085 0.015625
0 0.211864 0.478516 0.135593 0.023438
0 0.824153 0.523438 0.110169 0.017578
0 0.828390 0.567383 0.110169 0.019531
0 0.565678 0.594727 0.186441 0.019531
0 0.565678 0.622070 0.199153 0.025391
0 0.836864 0.620117 0.110169 0.019531
0 0.538136 0.777344 0.389831 0.023438
0 0.274364 0.936035 0.451271 0.026367
0 0.231992 0.432129 0.060353 0.017762
