0 0.470703 0.204102 0.290365 0.025391
0 0.466797 0.229004 0.363281 0.028320
0 0.682943 0.934570 0.324219 0.033203
0 0.160807 0.847656 0.162760 0.027344
0 0.472656 0.290039 0.421875 0.039062
0 0.175130 0.329590 0.147135 0.032227
0 0.313802 0.326172 0.044271 0.023438
0 0.404948 0.325195 0.070312 0.025391
0 0.552083 0.325195 0.125000 0.029297
0 0.731771 0.320312 0.171875 0.027344
0 0.376302 0.396484 0.065104 0.023438
0 0.587240 0.395508 0.091146 0.029297
0 0.438151 0.439453 0.707031 0.046875
0 0.376302 0.474609 0.065104 0.023438
0 0.588542 0.475586 0.093750 0.029297
0 0.171875 0.560547 0.195312 0.039062
0 0.591797 0.557129 0.102865 0.038086
0 0.139323 0.599609 0.132812 0.031250
0 0.377604 0.595703 0.067708 0.023438
0 0.591146 0.597656 0.093750 0.031250
0 0.169271 0.683594 0.200521 0.039062
0 0.595052 0.681641 0.096354 0.031250
0 0.264323 0.718750 0.044271 0.023438
0 0.377604 0.717773 0.065104 0.019531
0 0.803385 0.718750 0.117188 0.031250
0 0.136719 0.769531 0.140625 0.039062
0 0.316406 0.771484 0.044271 0.023438
0 0.154948 0.802246 0.171875 0.040039
0 0.791667 0.794922 0.130208 0.027344
0 0.792969 0.845703 0.132812 0.031250
0 0.483073 0.884766 0.075521 0.027344
0 0.792969 0.884766 0.132812 0.031250
0 0.402344 0.969727 0.059896 0.025391
0 0.555990 0.969727 0.065104 0.025391
0 0.222656 0.991211 0.046875 0.015625
0 0.436198 0.993164 0.057292 0.011719
0 0.675781 0.990234 0.093750 0.017578
0 0.475911 0.970703 0.091034 0.033972
