0 0.276042 0.227539 0.152778 0.019531
0 0.516493 0.190918 0.220486 0.012695
0 0.516493 0.207520 0.234375 0.012695
0 0.517361 0.224609 0.197917 0.013672
0 0.345486 0.291016 0.298611 0.015625
0 0.327257 0.434570 0.258681 0.013672
0 0.276042 0.228516 0.163194 0.027344
0 0.277778 0.374023 0.156250 0.015625
0 0.656250 0.367188 0.079861 0.013672
0 0.220486 0.390625 0.041667 0.013672
0 0.623264 0.383789 0.104167 0.015625
0 0.279514 0.404297 0.159722 0.017578
0 0.460069 0.403320 0.076389 0.015625
0 0.661458 0.431641 0.076389 0.013672
0 0.663194 0.464844 0.079861 0.013672
0 0.663194 0.480469 0.079861 0.013672
0 0.227431 0.502930 0.055556 0.015625
0 0.281250 0.501953 0.038194 0.013672
0 0.328125 0.501953 0.041667 0.013672
0 0.237847 0.551758 0.076389 0.015625
0 0.381944 0.566406 0.100694 0.013672
0 0.467014 0.563477 0.069444 0.019531
0 0.604167 0.580078 0.211806 0.017578
0 0.503472 0.630859 0.225694 0.017578
0 0.692708 0.646484 0.041667 0.013672
0 0.289062 0.922363 0.449653 0.030273
0 0.111979 0.946289 0.092014 0.027344
0 0.330729 0.946289 0.185764 0.025391
0 0.620660 0.681152 0.051546 0.018923
0 0.196181 0.946289 0.096727 0.032862
