0 0.275391 0.236328 0.188802 0.035156
0 0.566406 0.174805 0.203125 0.023438
0 0.568359 0.203613 0.261719 0.024414
0 0.565755 0.233398 0.225260 0.027344
0 0.354167 0.338379 0.354167 0.024414
0 0.328776 0.520996 0.295573 0.022461
0 0.740234 0.521973 0.074219 0.020508
0 0.313802 0.339844 0.273438 0.027344
0 0.496094 0.337891 0.075521 0.023438
0 0.680339 0.361816 0.196615 0.028320
0 0.237630 0.416992 0.121094 0.029297
0 0.446615 0.417969 0.039062 0.023438
0 0.270833 0.469727 0.192708 0.025391
0 0.740885 0.521484 0.080729 0.023438
0 0.243490 0.547852 0.132812 0.029297
0 0.278646 0.573242 0.203125 0.025391
0 0.250000 0.599609 0.119792 0.027344
0 0.757812 0.603516 0.052083 0.023438
0 0.290365 0.761719 0.226562 0.027344
0 0.598958 0.767578 0.375000 0.031250
0 0.233073 0.838867 0.117188 0.025391
0 0.381510 0.841797 0.164062 0.027344
0 0.531250 0.846680 0.119792 0.025391
0 0.494141 0.417480 0.054420 0.029946
0 0.270182 0.442871 0.054420 0.029946
