0 0.448242 0.200586 0.220703 0.019034
0 0.449219 0.228404 0.406250 0.019034
0 0.246094 0.326501 0.056641 0.017570
0 0.465332 0.327965 0.194336 0.016105
0 0.663574 0.828331 0.098633 0.024158
0 0.425293 0.833821 0.174805 0.020498
0 0.449219 0.199854 0.226562 0.021962
0 0.333496 0.226208 0.178711 0.023426
0 0.546875 0.228404 0.218750 0.020498
0 0.452148 0.275988 0.222656 0.029283
0 0.247070 0.303807 0.064453 0.019034
0 0.247070 0.327965 0.064453 0.023426
0 0.270508 0.349195 0.111328 0.019034
0 0.419922 0.350659 0.109375 0.019034
0 0.276367 0.371889 0.126953 0.020498
0 0.458984 0.374085 0.187500 0.019034
0 0.346680 0.418741 0.029297 0.017570
0 0.552734 0.418741 0.035156 0.017570
0 0.656250 0.415813 0.062500 0.017570
0 0.281250 0.445827 0.128906 0.019034
0 0.443359 0.468521 0.070312 0.017570
0 0.656250 0.464861 0.070312 0.019034
0 0.356445 0.496340 0.283203 0.020498
0 0.334961 0.519034 0.056641 0.019034
0 0.445312 0.517570 0.070312 0.019034
0 0.318848 0.547584 0.206055 0.023426
0 0.338867 0.569546 0.048828 0.020498
0 0.447266 0.567350 0.070312 0.019034
0 0.661133 0.564422 0.068359 0.019034
0 0.356445 0.596266 0.205078 0.022694
0 0.336914 0.620059 0.048828 0.019034
0 0.446289 0.617862 0.072266 0.020498
0 0.664062 0.614202 0.070312 0.019034
0 0.264648 0.650805 0.107422 0.021962
0 0.319336 0.675695 0.085938 0.026354
0 0.447266 0.672035 0.074219 0.020498
0 0.674805 0.666179 0.060547 0.020498
0 0.303711 0.704246 0.189453 0.023426
0 0.674805 0.722548 0.074219 0.026354
0 0.462891 0.778551 0.105469 0.024158
0 0.686523 0.770864 0.044922 0.019034
0 0.461426 0.806369 0.116211 0.027086
0 0.670410 0.797950 0.088867 0.027818
0 0.454102 0.832357 0.121094 0.026354
0 0.661621 0.828697 0.112305 0.035139
0 0.431641 0.863836 0.169922 0.027818
0 0.671387 0.852855 0.086914 0.029283
0 0.404297 0.915813 0.089844 0.021962
0 0.533691 0.908126 0.084961 0.028551
0 0.638672 0.907028 0.048828 0.026354
0 0.310059 0.304539 0.065281 0.027619
0 0.485352 0.594802 0.060294 0.025382
0 0.232422 0.599927 0.044593 0.025382
0 0.382324 0.778917 0.068935 0.033482
0 0.375000 0.807101 0.069923 0.034224
0 0.472656 0.915813 0.051449 0.027615
