0 0.502441 0.058199 0.514648 0.028551
0 0.505371 0.079063 0.549805 0.035139
0 0.522949 0.101025 0.374023 0.023426
0 0.541504 0.287701 0.237305 0.019034
0 0.739746 0.281479 0.122070 0.018302
0 0.401367 0.497438 0.357422 0.025622
0 0.752441 0.488287 0.147461 0.021962
0 0.358398 0.019766 0.033203 0.019034
0 0.592285 0.014641 0.192383 0.029283
0 0.442383 0.038799 0.044922 0.019034
0 0.600586 0.035871 0.257812 0.029283
0 0.752930 0.031479 0.031250 0.014641
0 0.271484 0.064422 0.046875 0.020498
0 0.384766 0.062225 0.058594 0.019034
0 0.437500 0.062225 0.029297 0.014641
0 0.490234 0.060029 0.058594 0.017570
0 0.615234 0.055637 0.125000 0.023426
0 0.721680 0.053441 0.072266 0.019034
0 0.251953 0.086384 0.031250 0.017570
0 0.550781 0.079795 0.046875 0.019034
0 0.603516 0.079063 0.046875 0.017570
0 0.717285 0.074305 0.114258 0.024158
0 0.364258 0.106149 0.044922 0.019034
0 0.417969 0.104685 0.046875 0.019034
0 0.465820 0.104685 0.033203 0.019034
0 0.512695 0.103953 0.044922 0.020498
0 0.619141 0.100293 0.046875 0.019034
0 0.316406 0.129575 0.031250 0.019034
0 0.363281 0.129575 0.046875 0.019034
0 0.463867 0.126647 0.029297 0.019034
0 0.585938 0.124085 0.197266 0.027086
0 0.713867 0.119327 0.044922 0.019034
0 0.371094 0.152269 0.085938 0.020498
0 0.573730 0.147511 0.307617 0.032943
0 0.369629 0.173865 0.112305 0.022694
0 0.385254 0.220351 0.145508 0.026354
0 0.538574 0.216325 0.116211 0.027086
0 0.676270 0.212665 0.114258 0.027086
0 0.475586 0.241581 0.048828 0.020498
0 0.643555 0.238287 0.271484 0.024158
0 0.265137 0.296486 0.075195 0.023426
0 0.331055 0.293558 0.037109 0.021962
0 0.541992 0.289165 0.234375 0.032211
0 0.259766 0.319180 0.062500 0.020498
0 0.791016 0.357247 0.035156 0.023426
0 0.366211 0.391654 0.019531 0.017570
0 0.533691 0.388726 0.129883 0.035139
0 0.742188 0.385066 0.142578 0.035139
0 0.402344 0.417277 0.357422 0.036603
0 0.366211 0.445095 0.019531 0.019034
0 0.748535 0.437042 0.141602 0.030747
0 0.402832 0.501830 0.366211 0.037335
0 0.702148 0.491215 0.039062 0.026354
0 0.395996 0.585286 0.360352 0.035871
0 0.282715 0.613470 0.129883 0.027818
0 0.766602 0.602855 0.148438 0.031479
0 0.311523 0.704978 0.037109 0.021962
0 0.301758 0.734261 0.117188 0.026354
0 0.356445 0.766471 0.230469 0.029283
0 0.276367 0.798682 0.074219 0.029283
0 0.502930 0.796120 0.365234 0.037335
0 0.723145 0.891654 0.282227 0.032211
0 0.323730 0.064788 0.053387 0.025382
0 0.679199 0.098829 0.063248 0.024634
0 0.416504 0.129209 0.051408 0.025382
0 0.738770 0.359810 0.059303 0.030757
0 0.546875 0.894949 0.071395 0.038609
