0 0.496745 0.272949 0.217448 0.018555
0 0.493490 0.296875 0.278646 0.017578
0 0.659505 0.829102 0.235677 0.025391
0 0.283854 0.735840 0.130208 0.022461
0 0.740885 0.728027 0.080729 0.020508
0 0.427083 0.298828 0.132812 0.017578
0 0.234375 0.320312 0.044271 0.017578
0 0.288411 0.387695 0.113281 0.025391
0 0.389323 0.387695 0.036458 0.019531
0 0.454427 0.387695 0.052083 0.019531
0 0.562500 0.388672 0.093750 0.023438
0 0.688802 0.383789 0.122396 0.025391
0 0.587240 0.439453 0.065104 0.023438
0 0.734375 0.437500 0.067708 0.023438
0 0.427734 0.468750 0.415365 0.027344
0 0.579427 0.496094 0.080729 0.023438
0 0.440104 0.552734 0.033854 0.017578
0 0.740885 0.552734 0.065104 0.023438
0 0.432943 0.584473 0.441406 0.026367
0 0.441406 0.610352 0.046875 0.015625
0 0.588542 0.610352 0.067708 0.025391
0 0.733073 0.609375 0.080729 0.023438
0 0.442708 0.668945 0.044271 0.015625
0 0.591146 0.667969 0.062500 0.023438
0 0.733073 0.666016 0.080729 0.023438
0 0.395833 0.709961 0.033854 0.019531
0 0.277344 0.735352 0.127604 0.025391
0 0.738281 0.727539 0.080729 0.025391
0 0.304688 0.758789 0.177083 0.025391
0 0.511719 0.759766 0.054688 0.023438
0 0.733073 0.789062 0.096354 0.023438
0 0.493490 0.885742 0.403646 0.029297
