0 0.556424 0.398926 0.401042 0.018555
0 0.553819 0.417969 0.354167 0.013672
0 0.421007 0.453125 0.262153 0.015625
0 0.369792 0.683105 0.166667 0.014648
0 0.835938 0.681641 0.092014 0.015625
0 0.557292 0.418945 0.361111 0.019531
0 0.602431 0.434570 0.069444 0.019531
0 0.390625 0.508789 0.222222 0.015625
0 0.414931 0.528320 0.097222 0.011719
0 0.640625 0.525391 0.062500 0.013672
0 0.434028 0.585938 0.059028 0.017578
0 0.649306 0.590820 0.079861 0.015625
0 0.828125 0.590820 0.083333 0.015625
0 0.401042 0.616211 0.201389 0.019531
0 0.343750 0.632812 0.093750 0.013672
0 0.361111 0.653320 0.149306 0.019531
0 0.829861 0.651367 0.100694 0.019531
0 0.369792 0.682617 0.173611 0.019531
0 0.836806 0.680664 0.093750 0.019531
0 0.385417 0.700195 0.204861 0.019531
