0 0.509766 0.173133 0.197266 0.037335
0 0.503906 0.244143 0.330078 0.088580
0 0.570801 0.383968 0.215820 0.022694
0 0.523438 0.581259 0.337891 0.027818
0 0.508789 0.168375 0.103516 0.017570
0 0.414062 0.202050 0.021484 0.013177
0 0.557129 0.196193 0.120117 0.021962
0 0.370117 0.220717 0.064453 0.018302
0 0.633789 0.240483 0.072266 0.019766
0 0.465820 0.262811 0.119141 0.019034
0 0.427734 0.297218 0.052734 0.013177
0 0.535645 0.292094 0.165039 0.026354
0 0.436035 0.341142 0.088867 0.020498
0 0.527344 0.338214 0.070312 0.019034
0 0.373047 0.361640 0.054688 0.017570
0 0.455078 0.357247 0.101562 0.017570
0 0.479492 0.389458 0.041016 0.017570
0 0.554199 0.385066 0.090820 0.020498
0 0.390625 0.408492 0.083984 0.013177
0 0.466309 0.533675 0.231445 0.023426
0 0.530273 0.547584 0.072266 0.017570
0 0.489258 0.581991 0.138672 0.019034
0 0.650391 0.576867 0.082031 0.020498
0 0.416504 0.601391 0.043945 0.018302
0 0.429199 0.633968 0.149414 0.020498
0 0.530273 0.631040 0.042969 0.013177
0 0.377930 0.651537 0.041016 0.017570
0 0.416016 0.683016 0.113281 0.019034
0 0.376953 0.734261 0.029297 0.014641
0 0.412109 0.783309 0.066406 0.017570
0 0.638672 0.792094 0.031250 0.017570
0 0.438477 0.800146 0.113281 0.014641
0 0.420898 0.867862 0.091797 0.018302
0 0.486328 0.867496 0.029297 0.011713
0 0.480469 0.883602 0.164062 0.021962
0 0.585938 0.879209 0.033203 0.014641
0 0.652344 0.877745 0.029297 0.014641
0 0.688477 0.911420 0.046875 0.014641
0 0.453613 0.280747 0.031973 0.014969
