0 0.532227 0.134799 0.253906 0.024908
0 0.532715 0.156777 0.500977 0.033700
0 0.707031 0.271062 0.173828 0.026374
0 0.340332 0.850183 0.231445 0.041758
0 0.463379 0.178755 0.116211 0.019048
0 0.592773 0.181685 0.125000 0.017582
0 0.734375 0.334066 0.121094 0.023443
0 0.272461 0.386813 0.015625 0.016117
0 0.517578 0.393407 0.074219 0.021978
0 0.756836 0.394139 0.087891 0.023443
0 0.363281 0.421978 0.208984 0.027839
0 0.267578 0.449084 0.017578 0.017582
0 0.517578 0.454945 0.076172 0.026374
0 0.351074 0.487546 0.194336 0.032967
0 0.691406 0.489377 0.101562 0.023443
0 0.273438 0.517949 0.035156 0.021978
0 0.764648 0.521612 0.091797 0.023443
0 0.377930 0.554579 0.253906 0.029304
0 0.517578 0.587546 0.089844 0.023443
0 0.258789 0.656410 0.015625 0.019048
0 0.516602 0.657143 0.078125 0.026374
0 0.774414 0.658608 0.093750 0.026374
0 0.262695 0.728938 0.037109 0.021978
0 0.517578 0.729670 0.080078 0.027839
0 0.778320 0.731136 0.097656 0.027839
0 0.382812 0.767399 0.285156 0.037363
0 0.256836 0.802198 0.039062 0.026374
0 0.517090 0.803297 0.083008 0.031502
0 0.783203 0.804396 0.099609 0.027839
0 0.339844 0.844689 0.060547 0.032234
0 0.491699 0.426007 0.058925 0.031276
0 0.271973 0.847253 0.092250 0.041598
0 0.402832 0.848352 0.086492 0.042337
