0 0.223958 0.285156 0.274306 0.037109
0 0.610243 0.226562 0.314236 0.023438
0 0.617188 0.254395 0.407986 0.024414
0 0.613715 0.282715 0.303819 0.024414
0 0.232639 0.364258 0.295139 0.023438
0 0.748264 0.359375 0.298611 0.021484
0 0.234375 0.366211 0.302083 0.025391
0 0.493056 0.389648 0.277778 0.025391
0 0.771701 0.412598 0.262153 0.028320
0 0.118056 0.445312 0.069444 0.023438
0 0.272569 0.443848 0.218750 0.028320
0 0.253472 0.471191 0.222222 0.026367
0 0.289062 0.922363 0.449653 0.030273
0 0.111979 0.946289 0.092014 0.027344
0 0.330729 0.946289 0.185764 0.025391
0 0.196181 0.946289 0.096727 0.032862
