0 0.383603 0.019094 0.439271 0.038189
0 0.456984 0.085433 0.444332 0.027559
0 0.604251 0.214764 0.572874 0.031102
0 0.463563 0.733661 0.880567 0.024016
0 0.625506 0.085827 0.028340 0.014173
0 0.240891 0.153937 0.172065 0.017323
0 0.342611 0.175197 0.154858 0.018898
0 0.312753 0.191732 0.068826 0.017323
0 0.490385 0.187992 0.264170 0.022441
0 0.085526 0.218898 0.118421 0.020472
0 0.182186 0.217717 0.050607 0.017323
0 0.493421 0.213976 0.351215 0.028740
0 0.784919 0.210827 0.173077 0.019291
0 0.076923 0.234252 0.095142 0.017323
0 0.190283 0.234646 0.107287 0.016535
0 0.677126 0.228740 0.131579 0.019685
0 0.814777 0.227953 0.113360 0.017323
0 0.096154 0.300000 0.058704 0.018898
0 0.148785 0.300000 0.026316 0.014173
0 0.858300 0.310630 0.024291 0.014961
0 0.775304 0.328740 0.202429 0.019685
0 0.106275 0.383465 0.074899 0.018898
0 0.649798 0.380709 0.198381 0.021260
0 0.788462 0.428740 0.093117 0.017323
0 0.860324 0.428346 0.024291 0.014173
0 0.107287 0.467717 0.076923 0.018898
0 0.579960 0.464173 0.052632 0.017323
0 0.096154 0.484646 0.056680 0.017323
0 0.150810 0.484646 0.026316 0.014961
0 0.788462 0.496063 0.095142 0.018898
0 0.860324 0.495669 0.024291 0.014961
0 0.234818 0.516929 0.014170 0.011024
0 0.392713 0.516142 0.050607 0.017323
0 0.095142 0.551969 0.056680 0.018898
0 0.148785 0.551575 0.026316 0.014961
0 0.349190 0.600394 0.052632 0.017323
0 0.730769 0.615354 0.093117 0.019685
0 0.349190 0.651575 0.052632 0.017323
0 0.181174 0.669685 0.305668 0.019685
0 0.613360 0.667126 0.534413 0.022441
0 0.456478 0.685827 0.220648 0.020472
0 0.773279 0.683071 0.222672 0.019685
0 0.107287 0.703150 0.072874 0.018898
0 0.278340 0.735827 0.285425 0.020472
0 0.486842 0.735827 0.109312 0.015748
0 0.184717 0.753740 0.096154 0.019291
0 0.415486 0.752559 0.225709 0.021654
0 0.803644 0.750000 0.024291 0.013386
0 0.175101 0.793307 0.281377 0.019685
0 0.698381 0.790945 0.074899 0.017323
0 0.813765 0.790551 0.135628 0.016535
0 0.106275 0.807874 0.048583 0.014961
0 0.178138 0.807874 0.066802 0.014961
0 0.468117 0.808071 0.073887 0.014567
0 0.107287 0.822441 0.050607 0.015748
0 0.176113 0.823622 0.064777 0.012598
0 0.270243 0.823031 0.095142 0.019291
0 0.373988 0.822441 0.090081 0.016535
0 0.457490 0.821654 0.050607 0.015748
0 0.459514 0.836614 0.050607 0.015748
0 0.080972 0.850787 0.070850 0.014173
0 0.776316 0.849606 0.194332 0.016535
0 0.418016 0.864173 0.089069 0.014173
0 0.115385 0.878346 0.046559 0.014173
0 0.118421 0.891339 0.046559 0.012598
0 0.190283 0.890157 0.066802 0.014173
0 0.232794 0.903150 0.064777 0.012598
0 0.320850 0.905118 0.089069 0.014173
0 0.360830 0.916732 0.211538 0.016929
0 0.510121 0.916142 0.066802 0.014173
0 0.599190 0.916142 0.087045 0.014173
0 0.569838 0.941339 0.109312 0.014173
0 0.393725 0.954724 0.066802 0.011811
0 0.472672 0.955512 0.066802 0.011811
0 0.097166 0.987795 0.044534 0.011811
0 0.163968 0.986220 0.060729 0.011811
0 0.532389 0.985039 0.101215 0.012598
0 0.646761 0.984646 0.105263 0.014173
0 0.079453 0.736220 0.103792 0.022752
