0 0.485352 0.135798 0.134766 0.032943
0 0.486328 0.164348 0.378906 0.059297
0 0.529297 0.401903 0.343750 0.040996
0 0.385742 0.184480 0.132812 0.026354
0 0.529785 0.200220 0.147461 0.031479
0 0.395508 0.224744 0.060547 0.021962
0 0.500977 0.223280 0.128906 0.026354
0 0.518555 0.243045 0.111328 0.023426
0 0.653320 0.281113 0.080078 0.023426
0 0.328125 0.305271 0.013672 0.017570
0 0.655273 0.301611 0.080078 0.023426
0 0.330566 0.333455 0.018555 0.037335
0 0.333984 0.363104 0.013672 0.016105
0 0.657227 0.358712 0.080078 0.020498
0 0.554688 0.423865 0.171875 0.021962
0 0.373047 0.458272 0.085938 0.017570
0 0.449219 0.458272 0.054688 0.017570
0 0.636719 0.453148 0.035156 0.019034
0 0.643555 0.471449 0.029297 0.020498
0 0.411133 0.505857 0.123047 0.019034
0 0.612793 0.506955 0.141602 0.028551
0 0.411133 0.523426 0.037109 0.019034
0 0.545898 0.525622 0.216797 0.020498
0 0.698242 0.539531 0.041016 0.019034
0 0.663086 0.578331 0.103516 0.023426
0 0.354004 0.621889 0.055664 0.024158
0 0.489258 0.660322 0.072266 0.023426
0 0.560547 0.660322 0.050781 0.021962
0 0.498047 0.748170 0.042969 0.023426
0 0.466797 0.817716 0.013672 0.017570
0 0.428223 0.244510 0.041345 0.023133
0 0.497559 0.507687 0.053387 0.023885
