0 0.515625 0.368164 0.229167 0.021484
0 0.513672 0.396973 0.274740 0.022461
0 0.667318 0.815430 0.220052 0.021484
0 0.301432 0.727051 0.123698 0.022461
0 0.743490 0.718262 0.072917 0.018555
0 0.101562 0.021484 0.031250 0.027344
0 0.516927 0.368164 0.223958 0.019531
0 0.253906 0.422852 0.036458 0.015625
0 0.520833 0.465820 0.304688 0.035156
0 0.278646 0.496094 0.052083 0.023438
0 0.408854 0.497070 0.033854 0.019531
0 0.471354 0.495117 0.049479 0.019531
0 0.576823 0.498047 0.091146 0.023438
0 0.703125 0.495117 0.122396 0.019531
0 0.439453 0.522949 0.391927 0.024414
0 0.662109 0.523438 0.063802 0.027344
0 0.593750 0.547852 0.075521 0.019531
0 0.434245 0.578613 0.376302 0.026367
0 0.458333 0.604492 0.044271 0.015625
0 0.593750 0.603516 0.078125 0.023438
0 0.738281 0.603516 0.080729 0.023438
0 0.425130 0.635254 0.363281 0.028320
0 0.601562 0.659180 0.059896 0.019531
0 0.739583 0.659180 0.075521 0.019531
0 0.315104 0.701172 0.041667 0.023438
0 0.322917 0.750977 0.177083 0.025391
0 0.527344 0.750000 0.054688 0.023438
0 0.738281 0.775391 0.091146 0.023438
0 0.523438 0.844727 0.156250 0.025391
0 0.507812 0.864258 0.380208 0.025391
0 0.091797 0.076660 0.035081 0.051679
0 0.081380 0.145020 0.032161 0.055596
0 0.399089 0.395996 0.058277 0.026043
0 0.331380 0.498047 0.071229 0.030859
0 0.267578 0.725586 0.068494 0.032862
