0 0.451172 0.019531 0.277344 0.027344
0 0.447917 0.054688 0.328125 0.027344
0 0.639323 0.912598 0.302083 0.026367
0 0.174479 0.587402 0.143229 0.036133
0 0.716797 0.593750 0.123698 0.027344
0 0.451172 0.019043 0.259115 0.032227
0 0.453125 0.127930 0.356771 0.039062
0 0.208984 0.163086 0.126302 0.031250
0 0.321615 0.162109 0.039062 0.023438
0 0.397135 0.162109 0.059896 0.023438
0 0.518229 0.164062 0.104167 0.027344
0 0.666667 0.162109 0.140625 0.023438
0 0.273438 0.192383 0.276042 0.025391
0 0.584635 0.192383 0.252604 0.025391
0 0.376302 0.219727 0.052083 0.019531
0 0.536458 0.222656 0.093750 0.027344
0 0.708333 0.221680 0.093750 0.025391
0 0.432292 0.252930 0.611979 0.035156
0 0.148438 0.278320 0.044271 0.019531
0 0.263021 0.280273 0.046875 0.025391
0 0.546875 0.286133 0.078125 0.025391
0 0.177083 0.307617 0.109375 0.025391
0 0.279948 0.309570 0.036458 0.019531
0 0.372396 0.311523 0.054688 0.019531
0 0.546875 0.315430 0.072917 0.025391
0 0.710938 0.315430 0.093750 0.025391
0 0.428385 0.347656 0.617188 0.031250
0 0.197917 0.374023 0.166667 0.031250
0 0.546875 0.379883 0.078125 0.025391
0 0.171875 0.405273 0.114583 0.025391
0 0.371094 0.407227 0.057292 0.019531
0 0.545573 0.409180 0.075521 0.025391
0 0.714844 0.409180 0.096354 0.025391
0 0.367188 0.474609 0.054688 0.017578
0 0.537760 0.477539 0.091146 0.025391
0 0.196615 0.517578 0.049479 0.023438
0 0.313802 0.521484 0.039062 0.023438
0 0.173177 0.548828 0.143229 0.031250
0 0.162760 0.591797 0.127604 0.031250
0 0.200521 0.621094 0.208333 0.027344
0 0.449219 0.625000 0.065104 0.023438
0 0.154948 0.678711 0.101562 0.029297
0 0.221354 0.714844 0.239583 0.031250
0 0.170573 0.749512 0.153646 0.032227
0 0.759115 0.751953 0.039062 0.023438
0 0.199219 0.788086 0.213542 0.035156
0 0.742188 0.791016 0.083333 0.027344
0 0.198568 0.826660 0.225260 0.038086
0 0.248698 0.862305 0.325521 0.046875
0 0.441406 0.947266 0.200521 0.027344
0 0.235677 0.968750 0.111979 0.023438
0 0.432943 0.192383 0.052910 0.027043
0 0.206380 0.278320 0.076490 0.032862
0 0.137370 0.516113 0.081550 0.037834
