0 0.309028 0.166016 0.142361 0.023438
0 0.521701 0.137695 0.168403 0.013672
0 0.523438 0.152344 0.223958 0.013672
0 0.521701 0.167969 0.178819 0.013672
0 0.373264 0.223145 0.274306 0.014648
0 0.361979 0.426270 0.237847 0.012695
0 0.652778 0.423828 0.079861 0.015625
0 0.291667 0.297852 0.100694 0.015625
0 0.423611 0.297852 0.072917 0.015625
0 0.312500 0.311523 0.142361 0.015625
0 0.475694 0.312500 0.072917 0.013672
0 0.586806 0.339844 0.079861 0.013672
0 0.314236 0.355469 0.145833 0.013672
0 0.477431 0.355469 0.069444 0.013672
0 0.656250 0.369141 0.072917 0.013672
0 0.585069 0.382812 0.048611 0.013672
0 0.317708 0.399414 0.145833 0.015625
0 0.480903 0.398438 0.069444 0.013672
0 0.654514 0.426758 0.076389 0.011719
0 0.659722 0.441406 0.072917 0.013672
0 0.656250 0.455078 0.079861 0.013672
0 0.655382 0.469727 0.081597 0.017578
0 0.609375 0.557617 0.187500 0.015625
0 0.270833 0.624023 0.038194 0.011719
0 0.290799 0.921875 0.456597 0.035156
0 0.112847 0.947266 0.086806 0.023438
0 0.330729 0.945312 0.185764 0.027344
0 0.301215 0.531250 0.042386 0.016883
0 0.196181 0.946289 0.096727 0.032862
