0 0.514323 0.039551 0.270833 0.026367
0 0.513021 0.072266 0.348958 0.025391
0 0.695964 0.923340 0.285156 0.028320
0 0.247396 0.583984 0.161458 0.027344
0 0.796224 0.584961 0.121094 0.033203
0 0.460286 0.041504 0.162760 0.028320
0 0.597656 0.041016 0.096354 0.023438
0 0.209635 0.102539 0.031250 0.015625
0 0.518229 0.145508 0.367188 0.039062
0 0.262370 0.182129 0.128906 0.030273
0 0.382812 0.180664 0.039062 0.019531
0 0.458333 0.179688 0.062500 0.023438
0 0.585938 0.177734 0.109375 0.027344
0 0.606771 0.235352 0.093750 0.025391
0 0.790365 0.232422 0.096354 0.023438
0 0.451172 0.270508 0.540365 0.029297
0 0.608073 0.299805 0.096354 0.025391
0 0.794271 0.298828 0.098958 0.027344
0 0.414062 0.338867 0.473958 0.029297
0 0.608073 0.371094 0.096354 0.027344
0 0.466146 0.409180 0.578125 0.029297
0 0.798177 0.407227 0.070312 0.025391
0 0.608073 0.441406 0.096354 0.027344
0 0.795573 0.441406 0.096354 0.027344
0 0.463542 0.479492 0.572917 0.025391
0 0.608073 0.511719 0.096354 0.027344
0 0.792969 0.511719 0.101562 0.027344
0 0.263021 0.554688 0.046875 0.027344
0 0.238281 0.584961 0.151042 0.035156
0 0.794271 0.586914 0.114583 0.025391
0 0.270833 0.615234 0.208333 0.027344
0 0.519531 0.620117 0.065104 0.025391
0 0.264323 0.656250 0.200521 0.027344
0 0.805990 0.661133 0.101562 0.029297
0 0.290365 0.745117 0.244792 0.035156
0 0.832031 0.783203 0.039062 0.023438
0 0.276042 0.847656 0.218750 0.031250
0 0.325521 0.878906 0.315104 0.037109
0 0.514323 0.953125 0.190104 0.027344
0 0.687500 0.971680 0.080729 0.015625
0 0.616536 0.972168 0.053670 0.024606
