0 0.382812 0.523060 0.226562 0.019766
0 0.674805 0.518668 0.074219 0.018302
0 0.392578 0.242679 0.265625 0.022694
0 0.543457 0.122987 0.155273 0.021962
0 0.543457 0.144217 0.215820 0.023426
0 0.543945 0.166545 0.130859 0.019766
0 0.333496 0.166911 0.143555 0.030747
0 0.543457 0.122621 0.157227 0.024158
0 0.307617 0.262811 0.087891 0.019034
0 0.627930 0.259883 0.138672 0.021962
0 0.284180 0.300146 0.037109 0.020498
0 0.572266 0.299414 0.021484 0.014641
0 0.308594 0.319546 0.089844 0.022694
0 0.494141 0.339678 0.066406 0.017570
0 0.666992 0.333089 0.068359 0.019034
0 0.362305 0.357980 0.189453 0.021962
0 0.337402 0.376281 0.141602 0.020498
0 0.495117 0.376281 0.068359 0.017570
0 0.282227 0.393119 0.027344 0.014641
0 0.551758 0.409956 0.095703 0.020498
0 0.650391 0.407028 0.046875 0.017570
0 0.338379 0.431186 0.143555 0.020498
0 0.497070 0.430454 0.068359 0.017570
0 0.283203 0.450220 0.025391 0.014641
0 0.519531 0.466325 0.333984 0.026354
0 0.338379 0.488287 0.143555 0.020498
0 0.499023 0.486091 0.068359 0.017570
0 0.675781 0.480966 0.070312 0.019034
0 0.673828 0.519766 0.082031 0.017570
0 0.673828 0.539531 0.082031 0.019034
0 0.677246 0.558199 0.081055 0.019766
0 0.676758 0.578331 0.080078 0.017570
0 0.628418 0.658858 0.168945 0.021962
0 0.629883 0.699854 0.189453 0.020498
0 0.353516 0.791362 0.183594 0.021962
0 0.330566 0.300878 0.055395 0.024634
0 0.507324 0.301245 0.043289 0.022547
