0 0.582031 0.175293 0.252604 0.024414
0 0.580729 0.201660 0.171875 0.020508
0 0.581380 0.227539 0.243490 0.021484
0 0.393229 0.322266 0.309896 0.021484
0 0.369141 0.525391 0.253906 0.019531
0 0.715495 0.531738 0.074219 0.016602
0 0.682292 0.323242 0.132812 0.019531
0 0.677083 0.347656 0.171875 0.023438
0 0.497396 0.392578 0.083333 0.023438
0 0.593750 0.393555 0.028646 0.019531
0 0.707031 0.392578 0.085938 0.023438
0 0.320312 0.435547 0.166667 0.023438
0 0.509115 0.438477 0.078125 0.019531
0 0.691406 0.439453 0.033854 0.023438
0 0.272135 0.458008 0.067708 0.019531
0 0.317708 0.480469 0.169271 0.023438
0 0.507812 0.483398 0.080729 0.019531
0 0.716146 0.485352 0.080729 0.019531
0 0.714844 0.531250 0.085938 0.023438
0 0.325521 0.570312 0.177083 0.023438
0 0.716146 0.577148 0.080729 0.019531
0 0.713542 0.623047 0.083333 0.023438
0 0.493490 0.640625 0.320312 0.027344
0 0.486979 0.708008 0.333333 0.029297
0 0.578125 0.732422 0.028646 0.017578
0 0.287760 0.793945 0.098958 0.019531
0 0.716146 0.804688 0.044271 0.017578
0 0.314453 0.390625 0.063312 0.030859
