0 0.324870 0.216309 0.175781 0.038086
0 0.594401 0.166504 0.277344 0.030273
0 0.590495 0.195801 0.253906 0.020508
0 0.593750 0.221680 0.268229 0.023438
0 0.398438 0.312500 0.322917 0.025391
0 0.372396 0.524414 0.273438 0.025391
0 0.727865 0.531250 0.096354 0.023438
0 0.696615 0.318359 0.138021 0.023438
0 0.690104 0.341797 0.177083 0.023438
0 0.505208 0.388672 0.083333 0.023438
0 0.604167 0.389648 0.028646 0.019531
0 0.722656 0.387695 0.085938 0.025391
0 0.319010 0.432129 0.174479 0.026367
0 0.515625 0.434570 0.080729 0.019531
0 0.731771 0.436523 0.085938 0.019531
0 0.457031 0.456055 0.458333 0.035156
0 0.319010 0.478516 0.174479 0.023438
0 0.533854 0.481445 0.044271 0.019531
0 0.467448 0.527344 0.080729 0.023438
0 0.733073 0.532227 0.083333 0.019531
0 0.322917 0.571289 0.187500 0.025391
0 0.731771 0.580078 0.088542 0.023438
