0 0.492676 0.262637 0.364258 0.031502
0 0.494141 0.302198 0.757812 0.034432
0 0.758301 0.482418 0.258789 0.035897
0 0.202148 0.741392 0.291016 0.049817
0 0.846680 0.744689 0.109375 0.038828
0 0.180664 0.298535 0.136719 0.028571
0 0.388184 0.339194 0.174805 0.027839
0 0.584473 0.339927 0.192383 0.027839
0 0.198242 0.476190 0.214844 0.030769
0 0.106445 0.578022 0.054688 0.029304
0 0.102539 0.627839 0.058594 0.032234
0 0.458984 0.682051 0.113281 0.036630
0 0.844727 0.686081 0.117188 0.041758
0 0.153320 0.741392 0.195312 0.049817
0 0.847168 0.748352 0.122070 0.044689
0 0.290527 0.303297 0.090571 0.034990
0 0.298340 0.743956 0.111714 0.050417
