0 0.529861 0.259375 0.401389 0.028125
0 0.467361 0.284375 0.465278 0.023438
0 0.425000 0.349219 0.388889 0.025000
0 0.313194 0.672266 0.268056 0.025781
0 0.734722 0.681641 0.150000 0.027344
0 0.355556 0.307031 0.250000 0.023438
0 0.330556 0.326953 0.205556 0.024219
0 0.551389 0.331641 0.213889 0.024219
0 0.544444 0.352344 0.144444 0.020313
0 0.247222 0.368750 0.055556 0.018750
0 0.552778 0.375781 0.047222 0.015625
0 0.783333 0.382031 0.047222 0.012500
0 0.243056 0.393750 0.080556 0.018750
0 0.284722 0.415234 0.169444 0.022656
0 0.288889 0.438281 0.177778 0.020313
0 0.559722 0.444531 0.108333 0.020313
0 0.566667 0.467187 0.094444 0.018750
0 0.259722 0.482812 0.130556 0.021875
0 0.563889 0.489063 0.094444 0.018750
0 0.330556 0.507031 0.127778 0.020313
0 0.280556 0.528906 0.177778 0.020313
0 0.570833 0.557813 0.075000 0.018750
0 0.296528 0.576562 0.218056 0.028125
0 0.272222 0.597656 0.172222 0.020313
0 0.759722 0.607031 0.091667 0.020313
0 0.470833 0.625000 0.041667 0.018750
0 0.780556 0.657031 0.044444 0.020313
0 0.472222 0.707812 0.425000 0.032813
0 0.304861 0.371484 0.076024 0.025489
0 0.313889 0.396875 0.080444 0.024818
0 0.230556 0.505469 0.082990 0.026289
0 0.413194 0.649219 0.084391 0.026289
0 0.214583 0.671484 0.084265 0.028680
