0 0.512695 0.196559 0.103516 0.018302
0 0.513184 0.208638 0.204102 0.017570
0 0.504395 0.242313 0.334961 0.052709
0 0.508301 0.272694 0.225586 0.022694
0 0.511230 0.286969 0.266602 0.026354
0 0.555176 0.379941 0.235352 0.021962
0 0.494141 0.482064 0.375000 0.025622
0 0.012695 0.115666 0.025391 0.017570
0 0.459473 0.209004 0.083008 0.013909
0 0.537109 0.222548 0.158203 0.014641
0 0.469727 0.233529 0.027344 0.011713
0 0.596680 0.236823 0.089844 0.013909
0 0.401367 0.242313 0.103516 0.019034
0 0.404297 0.257687 0.076172 0.013177
0 0.532227 0.261347 0.027344 0.011713
0 0.563477 0.262079 0.027344 0.010249
0 0.644531 0.262079 0.044922 0.013177
0 0.447266 0.272328 0.083984 0.013177
0 0.507812 0.273060 0.025391 0.011713
0 0.417969 0.283309 0.029297 0.011713
0 0.502441 0.300146 0.217773 0.021962
0 0.418457 0.310029 0.067383 0.015373
0 0.525879 0.314422 0.071289 0.015373
0 0.423340 0.336384 0.090820 0.019766
0 0.517578 0.338946 0.068359 0.014641
0 0.599121 0.341142 0.071289 0.019034
0 0.373047 0.349927 0.089844 0.017570
0 0.513672 0.354319 0.029297 0.010249
0 0.642578 0.359444 0.037109 0.011713
0 0.386719 0.377013 0.021484 0.014641
0 0.515625 0.380673 0.144531 0.017570
0 0.368164 0.391288 0.091797 0.018302
0 0.471680 0.423133 0.039062 0.013177
0 0.402344 0.448755 0.048828 0.014641
0 0.327637 0.480600 0.045898 0.019766
0 0.444824 0.482430 0.178711 0.019034
0 0.638672 0.485359 0.089844 0.019034
0 0.445801 0.533675 0.157227 0.020498
0 0.640625 0.554173 0.093750 0.019034
0 0.359375 0.587848 0.132812 0.020498
0 0.638672 0.592972 0.105469 0.020498
0 0.648438 0.632504 0.085938 0.020498
0 0.316406 0.666911 0.027344 0.019034
0 0.347656 0.669107 0.025391 0.013177
0 0.339844 0.687408 0.078125 0.019034
0 0.368164 0.710102 0.138672 0.023426
0 0.362793 0.731332 0.133789 0.026354
0 0.363281 0.227306 0.046871 0.026961
0 0.447754 0.284773 0.031973 0.015737
0 0.597168 0.356881 0.049702 0.018017
0 0.347168 0.376647 0.049719 0.018017
0 0.437500 0.393851 0.042829 0.015737
0 0.484863 0.395681 0.051694 0.018017
0 0.537598 0.397145 0.051694 0.018017
0 0.372559 0.498170 0.047698 0.021020
0 0.451660 0.499634 0.055552 0.021020
0 0.505859 0.500732 0.058406 0.024634
0 0.330566 0.532577 0.067295 0.022512
0 0.460449 0.733895 0.063248 0.025382
0 0.302246 0.793558 0.057449 0.026129
0 0.361328 0.797584 0.066149 0.026874
