0 0.496822 0.150391 0.180085 0.017578
0 0.494703 0.172852 0.637712 0.017578
0 0.506356 0.194824 0.512712 0.018555
0 0.512712 0.285645 0.300847 0.012695
0 0.527542 0.568848 0.241525 0.016602
0 0.810381 0.563965 0.120763 0.014648
0 0.632415 0.194336 0.235169 0.025391
0 0.500000 0.216797 0.338983 0.023438
0 0.508475 0.287109 0.072034 0.013672
0 0.260593 0.315430 0.169492 0.015625
0 0.333686 0.419434 0.319915 0.018555
0 0.324153 0.463867 0.288136 0.015625
0 0.794492 0.481445 0.093220 0.015625
0 0.562500 0.591309 0.175847 0.018555
0 0.563559 0.616211 0.173729 0.019531
0 0.819915 0.612305 0.101695 0.015625
0 0.580508 0.665039 0.139831 0.019531
0 0.537076 0.746582 0.358051 0.024414
0 0.274364 0.936035 0.451271 0.026367
0 0.228814 0.957031 0.355932 0.023438
