0 0.479818 0.108887 0.326823 0.024414
0 0.475260 0.133789 0.411458 0.037109
0 0.716797 0.913086 0.368490 0.039062
0 0.124349 0.752930 0.214844 0.033203
0 0.833333 0.750488 0.145833 0.032227
0 0.582682 0.108887 0.115885 0.024414
0 0.075521 0.153320 0.059896 0.019531
0 0.481120 0.216309 0.477865 0.053711
0 0.098958 0.252930 0.072917 0.029297
0 0.307292 0.255859 0.052083 0.027344
0 0.411458 0.257812 0.078125 0.027344
0 0.575521 0.262695 0.143229 0.039062
0 0.386719 0.296387 0.687500 0.040039
0 0.381510 0.333008 0.075521 0.025391
0 0.605469 0.339844 0.122396 0.031250
0 0.604167 0.428711 0.127604 0.035156
0 0.842448 0.429688 0.125000 0.037109
0 0.141927 0.516602 0.229167 0.041016
0 0.618490 0.519531 0.101562 0.031250
0 0.106771 0.559570 0.153646 0.035156
0 0.378906 0.558594 0.075521 0.027344
0 0.375651 0.652832 0.079427 0.030273
0 0.605469 0.656250 0.125000 0.037109
0 0.094401 0.711914 0.165365 0.046875
0 0.162760 0.754883 0.101562 0.039062
0 0.837891 0.750000 0.144531 0.041016
0 0.103516 0.807617 0.173177 0.046875
0 0.834635 0.805664 0.143229 0.035156
0 0.488281 0.851562 0.085938 0.031250
0 0.835938 0.850586 0.143229 0.035156
0 0.481771 0.914062 0.843750 0.046875
0 0.390625 0.962891 0.072917 0.031250
0 0.569010 0.963867 0.078125 0.035156
0 0.641276 0.139160 0.084521 0.028041
0 0.184245 0.254395 0.110310 0.043675
0 0.067057 0.751953 0.107538 0.048616
0 0.478516 0.964844 0.109475 0.044912
