0 0.291016 0.223633 0.178385 0.037109
0 0.566406 0.182129 0.289062 0.030273
0 0.563802 0.208984 0.263021 0.027344
0 0.563802 0.236816 0.226562 0.030273
0 0.363281 0.323730 0.338542 0.032227
0 0.337240 0.490723 0.304688 0.032227
0 0.709635 0.500488 0.104167 0.028320
0 0.292318 0.226074 0.188802 0.047852
0 0.652344 0.239258 0.041667 0.019531
0 0.363281 0.325195 0.338542 0.035156
0 0.669271 0.333008 0.138021 0.019531
0 0.249349 0.393555 0.118490 0.029297
0 0.447917 0.400391 0.036458 0.023438
0 0.575521 0.403320 0.028646 0.019531
0 0.279297 0.442871 0.186198 0.030273
0 0.707031 0.453125 0.085938 0.023438
0 0.285156 0.491211 0.200521 0.029297
0 0.708333 0.501953 0.088542 0.023438
0 0.281250 0.541992 0.197917 0.029297
0 0.708333 0.550781 0.088542 0.023438
0 0.222656 0.800781 0.117188 0.023438
0 0.492839 0.400879 0.052138 0.027952
0 0.524740 0.425781 0.067275 0.030859
