0 0.296875 0.268668 0.197266 0.040996
0 0.592285 0.207906 0.284180 0.027818
0 0.596191 0.238653 0.286133 0.026354
0 0.594727 0.270498 0.222656 0.030015
0 0.380859 0.375183 0.371094 0.027086
0 0.354980 0.556369 0.315430 0.027818
0 0.765625 0.559297 0.097656 0.024890
0 0.728516 0.377013 0.121094 0.021962
0 0.505371 0.457174 0.094727 0.028551
0 0.615234 0.456076 0.031250 0.019034
0 0.365234 0.482796 0.345703 0.030015
0 0.291992 0.509517 0.201172 0.023426
0 0.764648 0.560029 0.091797 0.019034
0 0.760742 0.610542 0.091797 0.020498
0 0.763672 0.660322 0.078125 0.020498
0 0.230469 0.789898 0.046875 0.019034
