0 0.284668 0.555990 0.030273 0.070312
0 0.312500 0.554036 0.039062 0.485677
0 0.333008 0.549479 0.025391 0.187500
0 0.497070 0.714193 0.021484 0.191406
0 0.719727 0.694661 0.031250 0.222656
0 0.712891 0.339844 0.033203 0.122396
0 0.251953 0.447917 0.023438 0.062500
0 0.566406 0.428385 0.017578 0.036458
0 0.875000 0.486328 0.023438 0.063802
0 0.493164 0.542969 0.011719 0.078125
0 0.875977 0.559896 0.019531 0.080729
0 0.260742 0.691406 0.025391 0.044271
0 0.608398 0.665365 0.015625 0.031250
0 0.526367 0.770182 0.017578 0.087240
0 0.783203 0.783854 0.017578 0.039062
