0 0.455729 0.195801 0.330729 0.034180
0 0.451172 0.240234 0.412760 0.033203
0 0.697917 0.797363 0.356771 0.034180
0 0.103516 0.654785 0.180990 0.032227
0 0.804688 0.643066 0.132812 0.028320
0 0.454427 0.196777 0.338542 0.043945
0 0.053385 0.269531 0.065104 0.027344
0 0.457031 0.336914 0.460938 0.052734
0 0.087240 0.378906 0.070312 0.031250
0 0.294271 0.381836 0.052083 0.029297
0 0.393229 0.383789 0.078125 0.029297
0 0.549479 0.388672 0.132812 0.037109
0 0.736328 0.384277 0.186198 0.036133
0 0.279948 0.423828 0.489583 0.041016
0 0.063802 0.458984 0.065104 0.031250
0 0.222656 0.462891 0.059896 0.031250
0 0.578125 0.463867 0.114583 0.029297
0 0.243490 0.500977 0.044271 0.025391
0 0.368490 0.501953 0.070312 0.023438
0 0.582031 0.502930 0.091146 0.029297
0 0.093750 0.558594 0.164062 0.042969
0 0.110677 0.598633 0.205729 0.046875
0 0.801432 0.590820 0.144531 0.037109
0 0.147135 0.655273 0.078125 0.035156
0 0.804688 0.645508 0.143229 0.035156
0 0.151042 0.692871 0.283854 0.040039
0 0.472656 0.691406 0.080729 0.031250
0 0.809896 0.736328 0.143229 0.037109
0 0.470052 0.848633 0.250000 0.039062
0 0.444010 0.884766 0.622396 0.046875
0 0.172526 0.381836 0.110276 0.046642
0 0.145182 0.461426 0.105063 0.043675
