0 0.220833 0.853516 0.252778 0.027344
0 0.629861 0.857812 0.137500 0.029687
0 0.415278 0.128516 0.375000 0.019531
0 0.363194 0.150000 0.437500 0.018750
0 0.321528 0.207813 0.365278 0.021875
0 0.166667 0.150000 0.044444 0.018750
0 0.434722 0.209375 0.136111 0.018750
0 0.468056 0.272656 0.066667 0.015625
0 0.194444 0.312500 0.150000 0.018750
0 0.476389 0.353906 0.050000 0.015625
0 0.641667 0.373437 0.083333 0.018750
0 0.188889 0.415625 0.144444 0.018750
0 0.183333 0.456250 0.138889 0.018750
0 0.458333 0.456250 0.088889 0.018750
0 0.180556 0.478906 0.133333 0.020313
0 0.458333 0.478125 0.088889 0.018750
0 0.216667 0.498437 0.205556 0.018750
0 0.468056 0.498437 0.069444 0.018750
0 0.643056 0.498437 0.086111 0.018750
0 0.194444 0.519531 0.166667 0.020313
0 0.176389 0.542188 0.130556 0.018750
0 0.216667 0.562500 0.211111 0.018750
0 0.458333 0.604688 0.088889 0.018750
0 0.377778 0.649219 0.036111 0.015625
0 0.458333 0.649219 0.088889 0.020313
0 0.205556 0.671094 0.194444 0.020313
0 0.458333 0.670312 0.088889 0.018750
0 0.155556 0.693750 0.100000 0.021875
0 0.466667 0.692969 0.069444 0.015625
0 0.183333 0.716406 0.155556 0.023438
0 0.304167 0.714844 0.063889 0.020313
0 0.458333 0.715625 0.088889 0.018750
0 0.451389 0.737500 0.102778 0.018750
0 0.459722 0.760156 0.091667 0.020313
0 0.187500 0.782031 0.169444 0.020313
0 0.459722 0.782813 0.091667 0.018750
0 0.134722 0.804688 0.069444 0.021875
0 0.373611 0.806250 0.041667 0.018750
0 0.193056 0.828906 0.186111 0.020313
0 0.673611 0.832031 0.041667 0.020313
0 0.381944 0.884375 0.405556 0.029687
0 0.291667 0.923828 0.452778 0.032031
0 0.244444 0.946875 0.352778 0.029687
0 0.142361 0.252734 0.048915 0.019911
0 0.321528 0.830859 0.084429 0.025489
0 0.134028 0.852734 0.075771 0.027088
