0 0.506510 0.341309 0.544271 0.047852
0 0.506510 0.381348 0.484375 0.030273
0 0.326172 0.456543 0.345052 0.026367
0 0.288411 0.707031 0.196615 0.027344
0 0.841146 0.704590 0.106771 0.022461
0 0.509115 0.383789 0.494792 0.039062
0 0.430990 0.419922 0.054688 0.027344
0 0.571615 0.422852 0.062500 0.035156
0 0.510417 0.451660 0.726562 0.040039
0 0.266927 0.487305 0.239583 0.035156
0 0.240234 0.515137 0.191406 0.036133
0 0.174479 0.561523 0.033854 0.019531
0 0.325521 0.558105 0.125000 0.030273
0 0.496094 0.557617 0.039062 0.025391
0 0.615885 0.555664 0.080729 0.025391
0 0.299479 0.598633 0.203125 0.029297
0 0.238281 0.627930 0.085938 0.029297
0 0.278646 0.663086 0.177083 0.029297
0 0.839844 0.659180 0.117188 0.029297
0 0.282552 0.708984 0.190104 0.031250
0 0.843750 0.706055 0.114583 0.029297
0 0.309896 0.736328 0.244792 0.031250
0 0.845052 0.733398 0.117188 0.029297
0 0.255208 0.764648 0.140625 0.029297
0 0.856771 0.794922 0.104167 0.027344
