0 0.284722 0.233398 0.166667 0.025391
0 0.539062 0.194336 0.185764 0.015625
0 0.540799 0.211914 0.234375 0.017578
0 0.542535 0.230469 0.203125 0.017578
0 0.359375 0.300781 0.319444 0.015625
0 0.337674 0.414551 0.265625 0.016602
0 0.688368 0.413574 0.081597 0.012695
0 0.286458 0.233398 0.170139 0.029297
0 0.256944 0.352539 0.107639 0.015625
0 0.286458 0.383789 0.166667 0.015625
0 0.710069 0.449219 0.041667 0.013672
0 0.243056 0.467773 0.059028 0.015625
0 0.279514 0.484375 0.159722 0.017578
0 0.305556 0.572266 0.204861 0.017578
0 0.657986 0.570312 0.055556 0.013672
0 0.715278 0.570312 0.045139 0.013672
0 0.704861 0.623047 0.045139 0.013672
0 0.290799 0.922363 0.453125 0.030273
0 0.112847 0.947266 0.086806 0.023438
0 0.330729 0.946289 0.185764 0.025391
0 0.196181 0.946289 0.096727 0.032862
