0 0.337674 0.234863 0.109375 0.020508
0 0.698785 0.237793 0.074653 0.014648
0 0.325521 0.259766 0.081597 0.019531
0 0.617188 0.255859 0.248264 0.023438
0 0.333333 0.401367 0.107639 0.021484
0 0.647569 0.402344 0.187500 0.025391
0 0.364583 0.585938 0.180556 0.029297
0 0.709201 0.585449 0.057292 0.018555
0 0.647569 0.606445 0.187500 0.021484
0 0.491319 0.445312 0.197917 0.023438
0 0.682292 0.516602 0.076389 0.019531
0 0.272569 0.527344 0.020833 0.021484
0 0.682292 0.543945 0.076389 0.019531
0 0.715278 0.585938 0.048611 0.023438
0 0.276042 0.613281 0.027778 0.021484
0 0.649306 0.607422 0.180556 0.023438
0 0.289062 0.922363 0.449653 0.030273
0 0.111979 0.946289 0.092014 0.027344
0 0.330729 0.946289 0.185764 0.025391
0 0.196181 0.946289 0.096727 0.032862
