0 0.363715 0.139160 0.137153 0.020508
0 0.570312 0.138184 0.164931 0.014648
0 0.423611 0.191406 0.263889 0.013672
0 0.405382 0.378906 0.227431 0.019531
0 0.684896 0.378906 0.085069 0.017578
0 0.704861 0.296875 0.038194 0.013672
0 0.362847 0.328125 0.138889 0.013672
0 0.519097 0.326172 0.069444 0.013672
0 0.380208 0.355469 0.104167 0.013672
0 0.685764 0.351562 0.076389 0.013672
0 0.687500 0.379883 0.079861 0.011719
0 0.290799 0.922363 0.453125 0.030273
0 0.112847 0.947266 0.086806 0.023438
0 0.329861 0.946777 0.187500 0.028320
0 0.196181 0.946289 0.096727 0.032862
