0 0.461806 0.361816 0.399306 0.022461
0 0.399306 0.386230 0.475694 0.020508
0 0.361979 0.456055 0.394097 0.019531
0 0.266493 0.579590 0.258681 0.018555
0 0.703125 0.580078 0.107639 0.019531
0 0.460069 0.362305 0.406250 0.029297
0 0.399306 0.385742 0.479167 0.025391
0 0.289931 0.413086 0.260417 0.025391
0 0.380208 0.434570 0.440972 0.025391
0 0.486111 0.457031 0.142361 0.017578
0 0.496528 0.482422 0.045139 0.013672
0 0.248264 0.503906 0.218750 0.023438
0 0.520833 0.505859 0.072917 0.017578
0 0.210069 0.526367 0.149306 0.025391
0 0.713542 0.529297 0.079861 0.023438
0 0.237847 0.551758 0.201389 0.019531
0 0.428819 0.610352 0.413194 0.029297
0 0.290799 0.922363 0.453125 0.030273
0 0.111979 0.946289 0.092014 0.027344
0 0.330729 0.946289 0.185764 0.025391
0 0.196181 0.946289 0.096727 0.032862
