0 0.523438 0.451660 0.190104 0.024414
0 0.518880 0.474609 0.230469 0.029297
0 0.326823 0.780762 0.093750 0.022461
0 0.672526 0.786133 0.071615 0.017578
0 0.607422 0.857910 0.170573 0.028320
0 0.522135 0.451172 0.184896 0.023438
0 0.312500 0.490234 0.033854 0.013672
0 0.520182 0.530273 0.246094 0.035156
0 0.329427 0.548828 0.036458 0.017578
0 0.429688 0.552734 0.028646 0.017578
0 0.480469 0.552734 0.041667 0.017578
0 0.583333 0.557617 0.033854 0.019531
0 0.665365 0.560547 0.101562 0.023438
0 0.581380 0.599609 0.053385 0.019531
0 0.337240 0.612305 0.072917 0.015625
0 0.464844 0.615234 0.036458 0.013672
0 0.579427 0.621094 0.052083 0.017578
0 0.691406 0.625977 0.062500 0.015625
0 0.463542 0.662109 0.039062 0.013672
0 0.688802 0.670898 0.062500 0.015625
0 0.422526 0.684082 0.269531 0.030273
0 0.687500 0.715820 0.059896 0.019531
0 0.319010 0.781250 0.085938 0.023438
0 0.506510 0.811523 0.041667 0.015625
0 0.671875 0.829102 0.059896 0.015625
0 0.494792 0.886719 0.125000 0.023438
0 0.345052 0.896484 0.031250 0.017578
0 0.602865 0.895508 0.052083 0.015625
0 0.369141 0.551270 0.058277 0.028041
0 0.548828 0.555664 0.045273 0.020993
0 0.381510 0.899414 0.046543 0.020993
