0 0.440918 0.189835 0.315430 0.031319
0 0.434570 0.220879 0.429688 0.034066
0 0.702148 0.365659 0.277344 0.031319
0 0.132812 0.706593 0.250000 0.025275
0 0.738770 0.705220 0.118164 0.028022
0 0.482422 0.194505 0.208984 0.023077
0 0.591797 0.224176 0.107422 0.023077
0 0.436035 0.251648 0.188477 0.029670
0 0.704102 0.366484 0.267578 0.027473
0 0.062500 0.434615 0.107422 0.024176
0 0.289062 0.436813 0.160156 0.027473
0 0.190430 0.466209 0.363281 0.023626
0 0.036133 0.542857 0.050781 0.020879
0 0.383789 0.541209 0.070312 0.019780
0 0.125000 0.655769 0.238281 0.028022
0 0.094727 0.681868 0.164062 0.021978
0 0.067383 0.709341 0.105469 0.019780
0 0.219727 0.706593 0.048828 0.017582
0 0.064453 0.759341 0.093750 0.017582
0 0.333496 0.189560 0.096259 0.029534
0 0.161621 0.437088 0.106125 0.033414
0 0.442871 0.541758 0.056515 0.024898
0 0.697754 0.547527 0.104337 0.026798
0 0.751465 0.619780 0.116121 0.029570
0 0.735840 0.706044 0.123970 0.030677
0 0.158691 0.708791 0.076475 0.024183
