0 0.405932 0.238672 0.323729 0.011719
0 0.337288 0.384375 0.196610 0.018750
0 0.705085 0.383594 0.125424 0.014063
0 0.559322 0.277344 0.057627 0.012500
0 0.701695 0.317188 0.118644 0.010937
0 0.330508 0.332031 0.054237 0.012500
0 0.713559 0.342969 0.094915 0.015625
0 0.720339 0.439063 0.094915 0.010937
0 0.271186 0.482031 0.071186 0.012500
0 0.723729 0.481250 0.094915 0.014063
0 0.325424 0.496094 0.186441 0.012500
0 0.289831 0.567969 0.128814 0.015625
0 0.718644 0.567187 0.125424 0.014063
0 0.761017 0.597656 0.047458 0.012500
0 0.725424 0.683594 0.098305 0.012500
0 0.261017 0.758594 0.091525 0.015625
0 0.266102 0.775781 0.108475 0.015625
0 0.355932 0.808594 0.288136 0.015625
0 0.290678 0.937109 0.449153 0.025781
0 0.267797 0.331250 0.057473 0.013825
