0 0.381076 0.208984 0.095486 0.019531
0 0.680556 0.208496 0.114583 0.018555
0 0.398438 0.228027 0.140625 0.018555
0 0.644097 0.228027 0.187500 0.016602
0 0.649306 0.246582 0.170139 0.014648
0 0.345486 0.427246 0.048611 0.016602
0 0.454861 0.429199 0.090278 0.018555
0 0.553819 0.429199 0.041667 0.016602
0 0.689236 0.432617 0.072917 0.015625
0 0.403646 0.481934 0.164931 0.022461
0 0.640625 0.485840 0.159722 0.020508
0 0.502604 0.159180 0.119792 0.035156
0 0.696181 0.451172 0.062500 0.017578
0 0.290799 0.922363 0.453125 0.030273
0 0.110243 0.945801 0.095486 0.028320
0 0.330729 0.946289 0.185764 0.025391
0 0.196181 0.946289 0.096727 0.032862
