0 0.415799 0.236328 0.397569 0.021484
0 0.355035 0.260742 0.453125 0.021484
0 0.325521 0.322754 0.397569 0.018555
0 0.244792 0.437012 0.250000 0.018555
0 0.646701 0.427246 0.123264 0.016602
0 0.154514 0.260742 0.041667 0.015625
0 0.250000 0.284180 0.232639 0.019531
0 0.442708 0.301758 0.194444 0.019531
0 0.248264 0.325195 0.222222 0.019531
0 0.446181 0.321289 0.118056 0.015625
0 0.220486 0.393555 0.062500 0.015625
0 0.677083 0.404297 0.038194 0.013672
0 0.607639 0.428711 0.038194 0.015625
0 0.399306 0.459473 0.392361 0.040039
0 0.290799 0.922363 0.453125 0.030273
0 0.112847 0.947266 0.086806 0.023438
0 0.330729 0.946289 0.185764 0.025391
0 0.196181 0.946289 0.096727 0.032862
