0 0.251302 0.268066 0.156250 0.032227
0 0.492188 0.224121 0.213542 0.018555
0 0.492839 0.249512 0.212240 0.022461
0 0.490885 0.272461 0.184896 0.019531
0 0.315755 0.356445 0.287760 0.019531
0 0.296224 0.504883 0.240885 0.019531
0 0.623047 0.509766 0.066406 0.013672
0 0.253906 0.268555 0.166667 0.039062
0 0.317708 0.356445 0.296875 0.025391
0 0.582031 0.379883 0.156250 0.019531
0 0.416667 0.423828 0.078125 0.023438
0 0.279948 0.442383 0.216146 0.025391
0 0.249349 0.462402 0.162760 0.026367
0 0.429688 0.465820 0.070312 0.015625
