0 0.221680 0.723307 0.033203 0.149740
0 0.196777 0.481771 0.018555 0.203125
0 0.217773 0.480469 0.021484 0.208333
0 0.304688 0.692708 0.025391 0.221354
0 0.451660 0.680990 0.030273 0.257812
0 0.171875 0.402344 0.023438 0.091146
0 0.215820 0.398438 0.019531 0.039062
0 0.633789 0.341146 0.019531 0.106771
0 0.826172 0.378906 0.023438 0.049479
0 0.175293 0.533203 0.026367 0.147135
0 0.240234 0.505208 0.023438 0.114583
0 0.588867 0.516927 0.025391 0.106771
0 0.368164 0.578125 0.019531 0.033854
0 0.659180 0.628906 0.019531 0.104167
0 0.850586 0.634115 0.019531 0.145833
0 0.326172 0.757812 0.023438 0.104167
0 0.413086 0.727865 0.019531 0.166667
