0 0.247396 0.190430 0.200521 0.044922
0 0.538411 0.129395 0.277344 0.030273
0 0.548177 0.162598 0.299479 0.026367
0 0.541667 0.190918 0.242188 0.028320
0 0.322917 0.295410 0.361979 0.038086
0 0.292318 0.480469 0.308594 0.035156
0 0.694010 0.491699 0.096354 0.024414
0 0.542969 0.134766 0.273438 0.031250
0 0.321615 0.298340 0.361979 0.030273
0 0.649740 0.329102 0.195312 0.025391
0 0.164062 0.375977 0.052083 0.029297
0 0.438802 0.380859 0.091146 0.027344
0 0.550781 0.382812 0.033854 0.023438
0 0.587240 0.411133 0.106771 0.025391
0 0.667969 0.410156 0.039062 0.023438
0 0.231120 0.428711 0.194010 0.029297
0 0.695312 0.437500 0.098958 0.023438
0 0.692708 0.492188 0.098958 0.023438
0 0.692708 0.548828 0.104167 0.027344
0 0.429688 0.620117 0.377604 0.039062
0 0.582031 0.709961 0.070312 0.029297
0 0.589193 0.738770 0.173177 0.032227
0 0.587240 0.792969 0.111979 0.031250
0 0.475911 0.815430 0.123698 0.029297
0 0.608724 0.821777 0.102865 0.028320
0 0.227214 0.376465 0.071135 0.031862
0 0.502604 0.705566 0.088264 0.033860
0 0.706380 0.745605 0.063312 0.031862
