0 0.305664 0.139458 0.148438 0.031479
0 0.537109 0.100659 0.136719 0.019766
0 0.537109 0.122987 0.181641 0.021962
0 0.538086 0.146413 0.205078 0.020498
0 0.368652 0.218521 0.288086 0.018302
0 0.346191 0.501098 0.262695 0.025622
0 0.665527 0.505124 0.086914 0.024890
0 0.307617 0.139824 0.158203 0.036603
0 0.333984 0.218887 0.222656 0.021962
0 0.632812 0.224012 0.125000 0.017570
0 0.249023 0.238653 0.052734 0.020498
0 0.299805 0.239385 0.037109 0.019034
0 0.623047 0.245242 0.148438 0.019034
0 0.272461 0.282577 0.099609 0.020498
0 0.563477 0.286969 0.025391 0.017570
0 0.663086 0.286969 0.072266 0.020498
0 0.259766 0.303807 0.074219 0.019034
0 0.316406 0.304539 0.027344 0.017570
0 0.375000 0.305271 0.074219 0.019034
0 0.470703 0.306735 0.105469 0.019034
0 0.586914 0.308931 0.115234 0.017570
0 0.298828 0.326135 0.156250 0.021230
0 0.669922 0.330893 0.058594 0.017570
0 0.642578 0.353587 0.093750 0.019034
0 0.298828 0.371157 0.156250 0.019034
0 0.669922 0.374817 0.062500 0.017570
0 0.247070 0.393119 0.052734 0.019034
0 0.339844 0.394583 0.117188 0.020498
0 0.299316 0.415447 0.159180 0.022694
0 0.478516 0.417277 0.070312 0.017570
0 0.235352 0.437775 0.029297 0.017570
0 0.335938 0.439239 0.039062 0.017570
0 0.299805 0.460469 0.158203 0.019034
0 0.477539 0.461201 0.072266 0.017570
0 0.433594 0.505124 0.074219 0.017570
0 0.669922 0.549780 0.074219 0.019034
0 0.281250 0.574671 0.101562 0.021962
0 0.664062 0.572474 0.085938 0.017570
0 0.666016 0.595168 0.082031 0.019034
0 0.510742 0.618594 0.210938 0.026354
0 0.232422 0.669107 0.027344 0.017570
0 0.338867 0.667643 0.169922 0.020498
0 0.615234 0.663982 0.187500 0.019034
0 0.296875 0.713763 0.166016 0.026354
0 0.609863 0.710102 0.202148 0.021962
0 0.236328 0.811859 0.042969 0.019034
0 0.337891 0.809663 0.144531 0.020498
0 0.432617 0.808199 0.029297 0.017570
0 0.282227 0.437042 0.058229 0.027619
0 0.692871 0.803441 0.043353 0.023885
