0 0.507161 0.355469 0.235677 0.023438
0 0.504557 0.387695 0.292969 0.021484
0 0.662760 0.789062 0.260417 0.035156
0 0.263021 0.672852 0.135417 0.025391
0 0.753906 0.680176 0.088542 0.022461
0 0.506510 0.355469 0.242188 0.023438
0 0.507812 0.458984 0.325521 0.037109
0 0.250000 0.488281 0.052083 0.023438
0 0.389323 0.490234 0.039062 0.023438
0 0.454427 0.491211 0.052083 0.019531
0 0.566406 0.494141 0.096354 0.027344
0 0.464844 0.519531 0.507812 0.031250
0 0.436198 0.545898 0.046875 0.019531
0 0.583333 0.548828 0.083333 0.023438
0 0.743490 0.550781 0.085938 0.023438
0 0.434896 0.606445 0.049479 0.019531
0 0.744792 0.613281 0.088542 0.023438
0 0.277344 0.644531 0.044271 0.023438
0 0.282552 0.698242 0.190104 0.025391
0 0.501953 0.705078 0.061198 0.027344
0 0.496094 0.816406 0.174479 0.031250
0 0.479818 0.843262 0.436198 0.040039
0 0.380859 0.387207 0.060942 0.028041
0 0.306641 0.490234 0.073861 0.030859
