0 0.241525 0.233984 0.232203 0.028906
0 0.563559 0.194531 0.259322 0.018750
0 0.572034 0.214062 0.337288 0.015625
0 0.568644 0.232813 0.262712 0.018750
0 0.338983 0.305859 0.413559 0.014844
0 0.306780 0.428125 0.352542 0.020313
0 0.767797 0.426172 0.091525 0.017969
0 0.244068 0.235937 0.220339 0.029687
0 0.479661 0.357031 0.118644 0.020313
0 0.242373 0.394531 0.216949 0.015625
0 0.430508 0.428125 0.101695 0.018750
0 0.772881 0.462500 0.088136 0.018750
0 0.766102 0.498437 0.108475 0.018750
0 0.474576 0.572656 0.447458 0.023438
0 0.290678 0.937109 0.449153 0.025781
0 0.244068 0.956250 0.352542 0.021875
