0 0.324870 0.244629 0.183594 0.043945
0 0.603516 0.183594 0.311198 0.029297
0 0.610677 0.212402 0.276042 0.020508
0 0.609375 0.240234 0.289062 0.025391
0 0.377604 0.514648 0.294271 0.029297
0 0.402344 0.340332 0.343750 0.026367
0 0.762370 0.517090 0.097656 0.026367
0 0.715495 0.367188 0.188802 0.027344
0 0.291016 0.417969 0.118490 0.027344
0 0.489583 0.419922 0.036458 0.023438
0 0.623698 0.419922 0.033854 0.023438
0 0.322917 0.468750 0.182292 0.023438
0 0.528646 0.469727 0.085938 0.019531
0 0.763021 0.468750 0.093750 0.023438
0 0.477865 0.517578 0.085938 0.023438
0 0.763021 0.520508 0.091146 0.019531
0 0.763021 0.572266 0.093750 0.023438
0 0.263021 0.616211 0.062500 0.025391
0 0.376302 0.619141 0.049479 0.023438
0 0.252604 0.744141 0.046875 0.023438
0 0.720703 0.827637 0.147135 0.028320
0 0.534505 0.419922 0.051816 0.029017
0 0.322266 0.616211 0.049212 0.029156
