0 0.313368 0.226074 0.168403 0.028320
0 0.577257 0.183105 0.258681 0.024414
0 0.578993 0.202637 0.178819 0.022461
0 0.578993 0.221680 0.255208 0.021484
0 0.394965 0.295410 0.331597 0.014648
0 0.370660 0.414551 0.276042 0.018555
0 0.726562 0.410156 0.092014 0.013672
0 0.258681 0.295898 0.055556 0.015625
0 0.284722 0.348633 0.107639 0.015625
0 0.315972 0.383789 0.173611 0.015625
0 0.512153 0.380859 0.083333 0.017578
0 0.729167 0.376953 0.086806 0.017578
0 0.465278 0.416992 0.079861 0.015625
0 0.734375 0.411133 0.083333 0.015625
0 0.732639 0.447266 0.086806 0.017578
0 0.274306 0.470703 0.059028 0.017578
0 0.732639 0.463867 0.086806 0.019531
0 0.371528 0.488281 0.045139 0.013672
0 0.503472 0.503906 0.340278 0.023438
0 0.760417 0.574219 0.045139 0.013672
0 0.290799 0.922363 0.453125 0.030273
0 0.111979 0.946289 0.092014 0.027344
0 0.330729 0.945312 0.185764 0.027344
0 0.196181 0.946289 0.096727 0.032862
