0 0.226271 0.309375 0.228814 0.026562
0 0.554237 0.263672 0.223729 0.016406
0 0.561017 0.285156 0.352542 0.020313
0 0.562712 0.304688 0.284746 0.015625
0 0.333898 0.381250 0.427119 0.026562
0 0.317797 0.508594 0.357627 0.028125
0 0.788983 0.495703 0.100000 0.017969
0 0.194915 0.402344 0.138983 0.020313
0 0.445763 0.432031 0.040678 0.015625
0 0.603390 0.428906 0.037288 0.015625
0 0.218644 0.456250 0.172881 0.021875
0 0.242373 0.474219 0.227119 0.025000
0 0.803390 0.496094 0.057627 0.015625
0 0.455085 0.504687 0.083051 0.021875
0 0.796610 0.532813 0.088136 0.018750
0 0.789831 0.552344 0.108475 0.020313
0 0.803390 0.571875 0.094915 0.018750
0 0.250847 0.587500 0.210169 0.021875
0 0.627119 0.595313 0.176271 0.021875
0 0.498305 0.656250 0.464407 0.032813
0 0.650847 0.671875 0.430508 0.029687
0 0.686441 0.729297 0.349153 0.025781
0 0.289831 0.937109 0.450847 0.025781
0 0.244068 0.956250 0.352542 0.021875
0 0.499153 0.431250 0.072013 0.025017
0 0.521186 0.466797 0.063083 0.019831
0 0.388983 0.717969 0.064478 0.021620
