0 0.306424 0.156250 0.237847 0.033203
0 0.656250 0.106445 0.319444 0.021484
0 0.658854 0.131836 0.331597 0.021484
0 0.658854 0.155273 0.279514 0.021484
0 0.409722 0.248535 0.427083 0.022461
0 0.375000 0.524414 0.378472 0.027344
0 0.844618 0.526367 0.144097 0.025391
0 0.312500 0.160156 0.232639 0.041016
0 0.590278 0.158203 0.145833 0.023438
0 0.263889 0.319336 0.145833 0.025391
0 0.513889 0.319336 0.045139 0.019531
0 0.680556 0.319336 0.038194 0.019531
0 0.302083 0.365234 0.229167 0.023438
0 0.562500 0.366211 0.107639 0.019531
0 0.848958 0.365234 0.114583 0.023438
0 0.850694 0.388672 0.111111 0.023438
0 0.303819 0.435547 0.232639 0.023438
0 0.564236 0.435547 0.114583 0.023438
0 0.850694 0.435547 0.118056 0.023438
0 0.741319 0.458008 0.090278 0.019531
0 0.302083 0.481445 0.225694 0.019531
0 0.564236 0.481445 0.111111 0.019531
0 0.850694 0.481445 0.114583 0.019531
0 0.500000 0.526367 0.111111 0.025391
0 0.843750 0.529297 0.131944 0.023438
0 0.838542 0.552734 0.114583 0.023438
0 0.289931 0.621094 0.218750 0.027344
0 0.855903 0.624023 0.111111 0.019531
0 0.736111 0.720703 0.083333 0.027344
0 0.289062 0.922363 0.449653 0.030273
0 0.112847 0.946289 0.093750 0.027344
0 0.328993 0.946289 0.182292 0.025391
0 0.698785 0.159180 0.087870 0.030859
0 0.570312 0.318848 0.069518 0.027952
0 0.639757 0.720215 0.109032 0.031862
