0 0.315104 0.194336 0.182292 0.025391
0 0.593750 0.146973 0.204861 0.018555
0 0.597222 0.169434 0.267361 0.018555
0 0.597222 0.190918 0.225694 0.016602
0 0.396701 0.267578 0.352431 0.017578
0 0.385417 0.510254 0.305556 0.016602
0 0.766493 0.505859 0.109375 0.013672
0 0.315972 0.195312 0.187500 0.031250
0 0.281250 0.288086 0.114583 0.015625
0 0.282986 0.324219 0.118056 0.017578
0 0.317708 0.360352 0.184028 0.017578
0 0.522569 0.358398 0.104167 0.019531
0 0.755208 0.354492 0.104167 0.019531
0 0.289931 0.379883 0.131944 0.019531
0 0.461806 0.379883 0.059028 0.015625
0 0.535590 0.376465 0.085069 0.026367
0 0.710069 0.375977 0.090278 0.015625
0 0.312500 0.399414 0.093750 0.019531
0 0.321181 0.418945 0.180556 0.015625
0 0.550347 0.415039 0.048611 0.019531
0 0.479167 0.435547 0.114583 0.017578
0 0.321181 0.475098 0.187500 0.020508
0 0.543403 0.471680 0.076389 0.015625
0 0.776042 0.466797 0.076389 0.017578
0 0.496528 0.508789 0.065972 0.019531
0 0.763889 0.505859 0.107639 0.017578
0 0.303819 0.569336 0.118056 0.019531
0 0.767361 0.563477 0.107639 0.019531
0 0.286458 0.590820 0.076389 0.015625
0 0.394097 0.626953 0.107639 0.023438
0 0.712674 0.663086 0.234375 0.023438
0 0.705729 0.701172 0.251736 0.019531
0 0.214410 0.922363 0.300347 0.030273
0 0.453125 0.923828 0.118056 0.017578
0 0.244792 0.946289 0.350694 0.025391
