0 0.542969 0.051426 0.390625 0.039790
0 0.262207 0.297673 0.129883 0.027778
0 0.761230 0.303303 0.227539 0.024024
0 0.181641 0.809309 0.107422 0.046547
0 0.815918 0.823198 0.176758 0.033784
0 0.627930 0.054805 0.218750 0.033033
0 0.807617 0.216216 0.138672 0.024024
0 0.235352 0.237237 0.068359 0.024024
0 0.822266 0.246246 0.119141 0.028529
0 0.280273 0.267267 0.167969 0.028529
0 0.791016 0.274775 0.175781 0.024024
0 0.263672 0.298048 0.138672 0.030030
0 0.218750 0.373874 0.064453 0.028529
0 0.649414 0.377628 0.046875 0.027027
0 0.225586 0.410661 0.093750 0.027027
0 0.833984 0.418168 0.119141 0.027027
0 0.233398 0.437688 0.117188 0.027027
0 0.195312 0.474474 0.050781 0.024024
0 0.650391 0.481982 0.023438 0.024024
0 0.847656 0.484234 0.103516 0.027027
0 0.207031 0.503003 0.083984 0.028529
0 0.257812 0.544670 0.197266 0.033784
0 0.849609 0.553303 0.107422 0.030030
0 0.206543 0.570571 0.104492 0.030030
0 0.846680 0.650901 0.125000 0.030030
0 0.856934 0.688438 0.114258 0.036036
0 0.207031 0.711712 0.148438 0.036036
0 0.879883 0.726727 0.066406 0.031532
0 0.197266 0.849099 0.146484 0.033033
0 0.834473 0.861486 0.145508 0.032282
0 0.514648 0.941441 0.265625 0.028529
0 0.470703 0.051426 0.099386 0.039647
0 0.326660 0.079204 0.076883 0.033576
0 0.728027 0.244369 0.082681 0.035097
0 0.288574 0.373874 0.086567 0.037374
