0 0.471186 0.417969 0.562712 0.026562
0 0.338136 0.525781 0.550847 0.023438
0 0.207627 0.669531 0.361017 0.025000
0 0.804237 0.661719 0.164407 0.021875
0 0.471186 0.417187 0.566102 0.029687
0 0.388136 0.445312 0.664407 0.031250
0 0.238983 0.475781 0.355932 0.023438
0 0.519492 0.498828 0.293220 0.024219
0 0.225424 0.525391 0.332203 0.028906
0 0.510169 0.523438 0.200000 0.021875
0 0.139831 0.553906 0.171186 0.023438
0 0.422034 0.551562 0.050847 0.018750
0 0.523729 0.550000 0.071186 0.018750
0 0.642373 0.550000 0.057627 0.018750
0 0.562712 0.579688 0.108475 0.021875
0 0.135593 0.610156 0.220339 0.032813
0 0.801695 0.605469 0.166102 0.023438
0 0.222881 0.637500 0.388136 0.029687
0 0.857627 0.634375 0.061017 0.021875
0 0.290678 0.936328 0.449153 0.024219
