0 0.477214 0.237793 0.378906 0.053711
0 0.476562 0.288086 0.460938 0.037109
0 0.121094 0.726074 0.223958 0.047852
0 0.871745 0.720703 0.136719 0.041016
0 0.730469 0.833008 0.390625 0.037109
0 0.923177 0.057617 0.153646 0.115234
0 0.479818 0.245605 0.360677 0.038086
0 0.049479 0.325195 0.062500 0.025391
0 0.483073 0.392578 0.502604 0.050781
0 0.085938 0.445312 0.072917 0.031250
0 0.302083 0.445312 0.052083 0.031250
0 0.408854 0.445312 0.083333 0.031250
0 0.582031 0.447266 0.145833 0.037109
0 0.791016 0.442383 0.201823 0.035156
0 0.380208 0.530273 0.072917 0.025391
0 0.609375 0.532227 0.127604 0.035156
0 0.365885 0.583008 0.677083 0.039062
0 0.378255 0.623047 0.076823 0.029297
0 0.611979 0.625977 0.127604 0.035156
0 0.856771 0.625000 0.127604 0.037109
0 0.091146 0.688477 0.166667 0.046875
0 0.315104 0.690430 0.023438 0.023438
0 0.159505 0.732422 0.102865 0.041016
0 0.865234 0.724121 0.131510 0.040039
0 0.507161 0.774414 0.092448 0.037109
0 0.865234 0.770996 0.131510 0.040039
0 0.490885 0.889648 0.265625 0.039062
0 0.462240 0.922852 0.645833 0.042969
0 0.290365 0.289062 0.093231 0.040698
0 0.173828 0.446777 0.110241 0.045654
0 0.060547 0.729004 0.117728 0.055450
