0 0.274306 0.318359 0.248611 0.039844
0 0.634028 0.268359 0.243056 0.021094
0 0.636806 0.294141 0.387500 0.027344
0 0.627083 0.321875 0.306944 0.021875
0 0.290278 0.390234 0.272222 0.019531
0 0.757639 0.390234 0.276389 0.019531
0 0.291667 0.392188 0.272222 0.025000
0 0.523611 0.417187 0.247222 0.025000
0 0.775000 0.441406 0.233333 0.020313
0 0.292361 0.923828 0.451389 0.032031
0 0.113889 0.947656 0.088889 0.023438
0 0.327778 0.946484 0.183333 0.025781
0 0.682639 0.323047 0.087072 0.028680
0 0.197917 0.946875 0.097990 0.032559
