0 0.495763 0.162109 0.199153 0.021484
0 0.480932 0.189941 0.728814 0.026367
0 0.494703 0.214844 0.574153 0.023438
0 0.495763 0.326172 0.338983 0.015625
0 0.539195 0.605957 0.184322 0.022461
0 0.826271 0.604004 0.105932 0.016602
0 0.649364 0.213867 0.277542 0.029297
0 0.711864 0.300781 0.211864 0.023438
0 0.377119 0.326172 0.114407 0.017578
0 0.493644 0.325195 0.084746 0.019531
0 0.578390 0.326172 0.050847 0.017578
0 0.644068 0.326172 0.046610 0.017578
0 0.205508 0.358398 0.186441 0.019531
0 0.171610 0.453125 0.139831 0.023438
0 0.572034 0.452148 0.046610 0.019531
0 0.783898 0.450195 0.182203 0.019531
0 0.129237 0.476562 0.055085 0.023438
0 0.347458 0.477539 0.190678 0.019531
0 0.503178 0.551270 0.277542 0.024414
0 0.822034 0.549805 0.114407 0.019531
0 0.540254 0.576172 0.199153 0.023438
0 0.826271 0.604492 0.114407 0.019531
0 0.506356 0.632812 0.258475 0.023438
0 0.205508 0.691406 0.220339 0.017578
0 0.447034 0.690918 0.283898 0.026367
0 0.502119 0.766602 0.411017 0.025391
0 0.274364 0.936035 0.451271 0.026367
0 0.488347 0.604980 0.111759 0.031862
0 0.585805 0.606934 0.111962 0.026043
