0 0.453776 0.128906 0.300781 0.027344
0 0.449219 0.169434 0.369792 0.026367
0 0.671224 0.862793 0.321615 0.034180
0 0.143229 0.730957 0.158854 0.032227
0 0.781901 0.725098 0.108073 0.028320
0 0.453125 0.129883 0.302083 0.029297
0 0.483073 0.166992 0.309896 0.029297
0 0.097656 0.201172 0.054688 0.023438
0 0.457031 0.256836 0.411458 0.042969
0 0.128906 0.297852 0.065104 0.025391
0 0.309896 0.299805 0.046875 0.029297
0 0.395833 0.297852 0.067708 0.025391
0 0.537760 0.299805 0.125000 0.035156
0 0.705729 0.294922 0.161458 0.027344
0 0.559896 0.366211 0.104167 0.029297
0 0.761068 0.361328 0.105469 0.031250
0 0.372396 0.408203 0.583333 0.031250
0 0.174479 0.443359 0.195312 0.039062
0 0.572917 0.442383 0.088542 0.029297
0 0.570312 0.477539 0.088542 0.029297
0 0.171875 0.557617 0.200521 0.035156
0 0.575521 0.554688 0.088542 0.031250
0 0.572917 0.590820 0.088542 0.029297
0 0.129557 0.647461 0.144531 0.041016
0 0.308594 0.647461 0.044271 0.025391
0 0.178385 0.766602 0.244792 0.035156
0 0.470052 0.768555 0.075521 0.029297
0 0.778646 0.808594 0.130208 0.031250
0 0.466146 0.908203 0.226562 0.037109
0 0.472656 0.940430 0.500000 0.035156
0 0.296224 0.168457 0.073818 0.033860
0 0.203776 0.300781 0.094756 0.040802
0 0.193359 0.936523 0.060474 0.030859
