0 0.320312 0.289062 0.189236 0.033203
0 0.576389 0.259277 0.256944 0.016602
0 0.579861 0.277344 0.187500 0.013672
0 0.580729 0.293945 0.258681 0.017578
0 0.394097 0.360840 0.336806 0.022461
0 0.371528 0.484375 0.298611 0.023438
0 0.746528 0.479004 0.097222 0.020508
0 0.256944 0.360352 0.059028 0.015625
0 0.413194 0.364258 0.135417 0.015625
0 0.522569 0.365234 0.069444 0.013672
0 0.282986 0.378906 0.111111 0.017578
0 0.565972 0.433594 0.045139 0.013672
0 0.316840 0.451172 0.182292 0.019531
0 0.519097 0.452148 0.083333 0.015625
0 0.751736 0.553711 0.090278 0.019531
0 0.510417 0.633789 0.375000 0.025391
0 0.289062 0.922363 0.449653 0.030273
0 0.111979 0.946289 0.092014 0.027344
0 0.328993 0.946289 0.182292 0.025391
0 0.320312 0.363281 0.063880 0.020993
