0 0.483051 0.369531 0.586441 0.023438
0 0.399153 0.396094 0.686441 0.026562
0 0.338136 0.477734 0.564407 0.025781
0 0.216949 0.673828 0.366102 0.024219
0 0.809322 0.664844 0.177966 0.020313
0 0.511864 0.475781 0.203390 0.021875
0 0.139831 0.506641 0.171186 0.024219
0 0.422034 0.503906 0.050847 0.020313
0 0.527119 0.503125 0.071186 0.018750
0 0.159322 0.536719 0.244068 0.023438
0 0.562712 0.531250 0.101695 0.021875
0 0.159322 0.562500 0.244068 0.025000
0 0.103390 0.589844 0.132203 0.023438
0 0.567797 0.582812 0.105085 0.021875
0 0.189831 0.615625 0.108475 0.025000
0 0.803390 0.607812 0.162712 0.021875
0 0.636441 0.698828 0.188136 0.032031
0 0.290678 0.936328 0.449153 0.024219
0 0.244068 0.956250 0.352542 0.021875
