0 0.505556 0.213281 0.519444 0.018750
0 0.509028 0.239844 0.409722 0.018750
0 0.703472 0.641016 0.287500 0.021094
0 0.332639 0.578906 0.329167 0.021875
0 0.795139 0.575781 0.095833 0.017188
0 0.677778 0.239063 0.050000 0.018750
0 0.505556 0.321875 0.375000 0.032813
0 0.541667 0.354687 0.150000 0.018750
0 0.250000 0.379688 0.133333 0.021875
0 0.370833 0.378125 0.041667 0.018750
0 0.731944 0.375000 0.152778 0.018750
0 0.280556 0.402344 0.211111 0.020313
0 0.600000 0.449219 0.094444 0.020313
0 0.780556 0.447656 0.100000 0.020313
0 0.282639 0.476172 0.218056 0.022656
0 0.441667 0.500000 0.527778 0.025000
0 0.259722 0.556250 0.047222 0.018750
0 0.794444 0.575000 0.100000 0.018750
0 0.275000 0.606250 0.211111 0.021875
0 0.797222 0.605469 0.100000 0.020313
0 0.513889 0.671094 0.366667 0.023438
0 0.292361 0.923828 0.451389 0.032031
0 0.113194 0.947656 0.095833 0.029687
0 0.327778 0.946484 0.183333 0.025781
0 0.200694 0.556250 0.084309 0.027884
0 0.272917 0.580469 0.081589 0.026289
0 0.197917 0.946875 0.097990 0.032559
