0 0.296224 0.174805 0.170573 0.033203
0 0.550781 0.118652 0.205729 0.030273
0 0.554036 0.146484 0.261719 0.025391
0 0.550781 0.172852 0.205729 0.025391
0 0.368490 0.264648 0.320312 0.023438
0 0.343750 0.538086 0.273438 0.023438
0 0.701823 0.537598 0.088542 0.020508
0 0.651042 0.286133 0.166667 0.023438
0 0.454427 0.333008 0.041667 0.019531
0 0.658854 0.354492 0.083333 0.025391
0 0.291667 0.378906 0.171875 0.023438
0 0.485677 0.377930 0.083333 0.019531
0 0.696615 0.375977 0.083333 0.019531
0 0.290365 0.423828 0.174479 0.023438
0 0.238281 0.448242 0.067708 0.019531
0 0.628906 0.446289 0.041667 0.019531
0 0.289062 0.470703 0.171875 0.023438
0 0.494792 0.469727 0.065104 0.019531
0 0.707031 0.468750 0.070312 0.023438
0 0.221354 0.495117 0.033854 0.019531
0 0.440104 0.539062 0.083333 0.023438
0 0.703125 0.538086 0.085938 0.019531
0 0.705729 0.585938 0.088542 0.023438
0 0.705729 0.609375 0.088542 0.023438
0 0.481771 0.658203 0.328125 0.027344
0 0.471354 0.732422 0.359375 0.027344
0 0.609375 0.756836 0.291667 0.025391
0 0.501953 0.332520 0.049534 0.028092
