0 0.421007 0.141113 0.456597 0.028320
0 0.348958 0.166016 0.541667 0.027344
0 0.306424 0.249023 0.449653 0.021484
0 0.196181 0.461426 0.288194 0.026367
0 0.680556 0.465332 0.145833 0.020508
0 0.197917 0.222656 0.243056 0.027344
0 0.456597 0.225586 0.246528 0.027344
0 0.458333 0.250000 0.152778 0.023438
0 0.107639 0.274414 0.059028 0.019531
0 0.203125 0.305664 0.111111 0.019531
0 0.157986 0.330078 0.204861 0.029297
0 0.192708 0.356445 0.083333 0.015625
0 0.194444 0.378906 0.131944 0.023438
0 0.682292 0.406250 0.149306 0.023438
0 0.732639 0.435547 0.048611 0.023438
0 0.190972 0.459961 0.298611 0.029297
0 0.387153 0.499023 0.486111 0.035156
0 0.289062 0.922363 0.449653 0.030273
0 0.110243 0.945801 0.095486 0.028320
0 0.330729 0.945312 0.185764 0.027344
0 0.101562 0.353027 0.102037 0.031862
0 0.318576 0.435059 0.098424 0.031862
0 0.196181 0.946289 0.096727 0.032862
