0 0.445312 0.229004 0.291667 0.024414
0 0.445964 0.267578 0.355469 0.021484
0 0.656250 0.947754 0.307292 0.028320
0 0.167318 0.615723 0.162760 0.026367
0 0.739583 0.608887 0.119792 0.026367
0 0.448568 0.229004 0.295573 0.032227
0 0.105469 0.300781 0.054688 0.023438
0 0.450521 0.354492 0.393229 0.042969
0 0.308594 0.395508 0.044271 0.025391
0 0.391927 0.393555 0.065104 0.025391
0 0.527344 0.396484 0.117188 0.031250
0 0.690104 0.391602 0.156250 0.025391
0 0.539062 0.460938 0.114583 0.027344
0 0.557292 0.532227 0.083333 0.025391
0 0.148438 0.583984 0.125000 0.031250
0 0.199870 0.615234 0.082031 0.031250
0 0.195312 0.646484 0.223958 0.031250
0 0.458333 0.647461 0.067708 0.025391
0 0.746094 0.647461 0.127604 0.029297
0 0.203125 0.743164 0.221354 0.039062
0 0.170573 0.781250 0.164062 0.027344
0 0.789062 0.780273 0.046875 0.029297
0 0.201823 0.818359 0.229167 0.037109
0 0.205729 0.859375 0.229167 0.031250
0 0.257812 0.892578 0.335938 0.041016
0 0.459635 0.985352 0.210938 0.029297
0 0.123047 0.615234 0.091866 0.040698
