0 0.286806 0.196484 0.218056 0.036719
0 0.605556 0.151562 0.213889 0.023438
0 0.603472 0.177344 0.329167 0.021875
0 0.600694 0.200781 0.262500 0.021875
0 0.377083 0.279297 0.393056 0.022656
0 0.345833 0.466406 0.333333 0.025000
0 0.781944 0.470313 0.113889 0.025000
0 0.291667 0.199219 0.208333 0.034375
0 0.625000 0.345313 0.038889 0.018750
0 0.273611 0.364063 0.191667 0.021875
0 0.426389 0.364844 0.069444 0.023438
0 0.497222 0.365625 0.050000 0.018750
0 0.280556 0.385156 0.211111 0.020313
0 0.519444 0.387500 0.100000 0.018750
0 0.216667 0.406250 0.083333 0.018750
0 0.455556 0.408594 0.372222 0.020313
0 0.679167 0.409375 0.052778 0.018750
0 0.277778 0.428125 0.211111 0.018750
0 0.519444 0.429688 0.100000 0.018750
0 0.459722 0.471094 0.097222 0.020313
0 0.380556 0.491406 0.100000 0.020313
0 0.783333 0.515625 0.105556 0.018750
0 0.783333 0.537500 0.105556 0.018750
0 0.493056 0.645312 0.436111 0.025000
0 0.533333 0.668750 0.100000 0.018750
0 0.713889 0.670312 0.244444 0.021875
0 0.700000 0.736719 0.116667 0.020313
0 0.795833 0.737500 0.058333 0.018750
0 0.292361 0.923828 0.451389 0.032031
0 0.113889 0.947656 0.088889 0.023438
0 0.329167 0.946484 0.186111 0.025781
0 0.271528 0.342187 0.081502 0.027884
0 0.197917 0.946875 0.097990 0.032559
