0 0.301432 0.227539 0.162760 0.027344
0 0.557943 0.174316 0.274740 0.028320
0 0.555990 0.199219 0.250000 0.029297
0 0.555339 0.223145 0.214844 0.028320
0 0.375651 0.315430 0.316406 0.021484
0 0.350911 0.473145 0.269531 0.022461
0 0.706380 0.468750 0.084635 0.019531
0 0.372396 0.317383 0.312500 0.025391
0 0.659505 0.309082 0.134115 0.028320
0 0.654948 0.332520 0.174479 0.032227
0 0.270182 0.384766 0.108073 0.027344
0 0.477865 0.383789 0.080729 0.025391
0 0.299479 0.429688 0.171875 0.023438
0 0.489583 0.428711 0.080729 0.019531
0 0.701823 0.422852 0.088542 0.027344
0 0.444010 0.473633 0.078125 0.019531
0 0.704427 0.469727 0.085938 0.025391
0 0.704427 0.517578 0.085938 0.023438
0 0.705729 0.541016 0.088542 0.023438
