0 0.500000 0.115723 0.322917 0.040039
0 0.496094 0.155762 0.403646 0.038086
0 0.738281 0.819824 0.335938 0.047852
0 0.188802 0.450195 0.197917 0.037109
0 0.838542 0.451660 0.104167 0.026367
0 0.500000 0.116211 0.325521 0.046875
0 0.113281 0.178711 0.065104 0.025391
0 0.503906 0.246094 0.440104 0.054688
0 0.149740 0.282227 0.070312 0.029297
0 0.347656 0.287109 0.049479 0.027344
0 0.442708 0.289062 0.072917 0.027344
0 0.595052 0.293945 0.130208 0.035156
0 0.768880 0.296387 0.165365 0.032227
0 0.368490 0.327148 0.541667 0.041016
0 0.618490 0.369141 0.106771 0.027344
0 0.824219 0.369141 0.106771 0.027344
0 0.156901 0.414062 0.152344 0.042969
0 0.177083 0.451660 0.192708 0.043945
0 0.838542 0.450195 0.109375 0.029297
0 0.528646 0.493164 0.078125 0.029297
0 0.166667 0.556641 0.135417 0.031250
0 0.389323 0.553711 0.250000 0.035156
0 0.300781 0.599609 0.406250 0.041016
0 0.188802 0.643555 0.190104 0.029297
0 0.854167 0.671875 0.088542 0.027344
0 0.226562 0.686523 0.268229 0.035156
0 0.855469 0.755859 0.111979 0.031250
0 0.251302 0.770020 0.317708 0.043945
0 0.320312 0.907227 0.234375 0.025391
0 0.647786 0.895996 0.282552 0.041992
0 0.331380 0.150391 0.079116 0.034856
0 0.230469 0.285645 0.106410 0.045654
0 0.470703 0.903320 0.073861 0.030859
