0 0.434245 0.479004 0.209635 0.020508
0 0.432292 0.507812 0.257812 0.019531
0 0.573568 0.834961 0.214844 0.023438
0 0.223307 0.738770 0.121094 0.020508
0 0.652995 0.736328 0.058594 0.021484
0 0.433594 0.479492 0.208333 0.019531
0 0.434896 0.572266 0.286458 0.031250
0 0.205729 0.600586 0.044271 0.019531
0 0.330729 0.600586 0.033854 0.019531
0 0.391927 0.600586 0.046875 0.019531
0 0.489583 0.601562 0.088542 0.023438
0 0.236979 0.651367 0.135417 0.025391
0 0.514323 0.650391 0.059896 0.023438
0 0.216146 0.677734 0.093750 0.023438
0 0.375000 0.676758 0.044271 0.015625
0 0.208333 0.713867 0.098958 0.025391
0 0.240885 0.797852 0.169271 0.025391
0 0.450521 0.795898 0.049479 0.019531
0 0.416667 0.885742 0.375000 0.025391
0 0.257161 0.601562 0.068594 0.030859
