0 0.462674 0.169922 0.501736 0.033203
0 0.382812 0.200195 0.588542 0.035156
0 0.325521 0.289062 0.491319 0.037109
0 0.202257 0.438477 0.310764 0.033203
0 0.723958 0.452148 0.142361 0.023438
0 0.515625 0.203125 0.329861 0.031250
0 0.236111 0.229492 0.315972 0.039062
0 0.352431 0.261230 0.548611 0.040039
0 0.480903 0.291992 0.177083 0.025391
0 0.107639 0.312500 0.069444 0.023438
0 0.473958 0.353516 0.052083 0.023438
0 0.730903 0.388672 0.149306 0.027344
0 0.774306 0.421875 0.055556 0.023438
0 0.199653 0.436523 0.319444 0.035156
0 0.289062 0.922363 0.449653 0.030273
0 0.111979 0.946289 0.092014 0.027344
0 0.330729 0.945312 0.185764 0.027344
0 0.181424 0.376465 0.094847 0.031862
0 0.196181 0.946289 0.096727 0.032862
