0 0.266113 0.578125 0.026367 0.135417
0 0.341309 0.521484 0.030273 0.253906
0 0.534668 0.550130 0.032227 0.225260
0 0.239258 0.428385 0.015625 0.031250
0 0.406250 0.432292 0.035156 0.036458
0 0.257812 0.463542 0.017578 0.039062
0 0.448242 0.527344 0.015625 0.041667
0 0.483398 0.533854 0.015625 0.033854
0 0.764648 0.528646 0.019531 0.122396
0 0.462402 0.590495 0.020508 0.134115
0 0.480469 0.579427 0.017578 0.057292
0 0.498047 0.593099 0.023438 0.136719
0 0.479492 0.636719 0.015625 0.046875
0 0.762695 0.638672 0.019531 0.089844
0 0.267090 0.573568 0.036168 0.141891
