0 0.551758 0.140190 0.246094 0.035871
0 0.541016 0.214861 0.419922 0.087116
0 0.618164 0.372987 0.287109 0.022694
0 0.546387 0.486091 0.448242 0.021962
0 0.433594 0.167643 0.025391 0.014641
0 0.423828 0.185212 0.066406 0.019034
0 0.597656 0.182650 0.238281 0.021230
0 0.367188 0.201318 0.037109 0.014641
0 0.519531 0.200586 0.074219 0.017570
0 0.351562 0.217423 0.025391 0.014641
0 0.381836 0.219619 0.023438 0.010249
0 0.516602 0.217423 0.240234 0.019034
0 0.705078 0.213031 0.089844 0.019034
0 0.629883 0.232064 0.035156 0.014641
0 0.436523 0.250366 0.037109 0.017570
0 0.510742 0.251098 0.023438 0.014641
0 0.624023 0.250000 0.189453 0.022694
0 0.544922 0.267204 0.273438 0.023426
0 0.439453 0.285505 0.085938 0.017570
0 0.708984 0.284041 0.025391 0.013177
0 0.450195 0.320644 0.107422 0.017570
0 0.565430 0.320644 0.087891 0.017570
0 0.668945 0.319180 0.083984 0.017570
0 0.407227 0.374817 0.025391 0.017570
0 0.505859 0.376281 0.058594 0.020498
0 0.384766 0.393851 0.109375 0.017570
0 0.501953 0.394217 0.113281 0.019766
0 0.405273 0.429722 0.154297 0.019034
0 0.711914 0.448755 0.103516 0.021962
0 0.500000 0.487555 0.179688 0.020498
0 0.356445 0.547950 0.076172 0.022694
0 0.485352 0.546852 0.060547 0.019034
0 0.550781 0.547584 0.058594 0.017570
0 0.344727 0.567350 0.048828 0.019034
0 0.392578 0.609078 0.152344 0.020498
0 0.731445 0.651537 0.099609 0.023426
0 0.347656 0.718155 0.031250 0.019034
0 0.394531 0.718887 0.050781 0.017570
0 0.570312 0.766837 0.171875 0.024158
0 0.402344 0.837848 0.177734 0.028551
0 0.659180 0.838214 0.154297 0.021962
0 0.767578 0.912152 0.066406 0.023426
0 0.362305 0.184846 0.050645 0.021020
0 0.406738 0.201684 0.039753 0.019523
0 0.675293 0.231698 0.049642 0.021020
0 0.475098 0.251098 0.039753 0.018771
0 0.358887 0.376281 0.063272 0.024634
0 0.591309 0.393851 0.061403 0.021767
0 0.680176 0.486823 0.041345 0.023133
0 0.348633 0.488653 0.054440 0.023885
0 0.402832 0.508419 0.055363 0.025382
0 0.423340 0.546852 0.055395 0.023133
0 0.452148 0.766837 0.060236 0.026874
0 0.554688 0.838580 0.052323 0.028362
0 0.374512 0.862738 0.065111 0.028362
