0 0.483898 0.258203 0.706780 0.025781
0 0.488983 0.280469 0.103390 0.018750
0 0.483051 0.307031 0.735593 0.020313
0 0.489831 0.326562 0.277966 0.017188
0 0.333051 0.448437 0.483051 0.015625
0 0.265254 0.620313 0.340678 0.025000
0 0.792373 0.616797 0.181356 0.025781
0 0.191525 0.258594 0.111864 0.020313
0 0.664407 0.306250 0.101695 0.018750
0 0.811864 0.307031 0.077966 0.020313
0 0.381356 0.325000 0.064407 0.018750
0 0.526271 0.326562 0.188136 0.021875
0 0.483051 0.345313 0.308475 0.018750
0 0.484746 0.371094 0.433898 0.023438
0 0.479661 0.400000 0.233898 0.018750
0 0.132203 0.449219 0.077966 0.015625
0 0.152542 0.475000 0.118644 0.014063
0 0.271186 0.510938 0.135593 0.018750
0 0.674576 0.517969 0.050847 0.015625
0 0.316949 0.621094 0.227119 0.020313
0 0.205085 0.680469 0.213559 0.020313
0 0.866102 0.680469 0.040678 0.012500
0 0.323729 0.773438 0.132203 0.018750
0 0.290678 0.937109 0.449153 0.025781
0 0.244068 0.956250 0.352542 0.021875
0 0.277966 0.256641 0.076222 0.030005
0 0.744915 0.307422 0.069862 0.019685
0 0.146610 0.621875 0.113144 0.027884
