0 0.466146 0.140625 0.289062 0.027344
0 0.464193 0.174805 0.352865 0.025391
0 0.681641 0.955078 0.324219 0.031250
0 0.145182 0.829102 0.175781 0.035156
0 0.779948 0.819824 0.125000 0.030273
0 0.410807 0.141113 0.173177 0.028320
0 0.555990 0.142578 0.101562 0.023438
0 0.131510 0.203125 0.054688 0.023438
0 0.468750 0.251953 0.393229 0.041016
0 0.199870 0.292969 0.139323 0.031250
0 0.329427 0.292969 0.044271 0.027344
0 0.411458 0.291016 0.067708 0.027344
0 0.545573 0.292969 0.117188 0.031250
0 0.708333 0.285156 0.158854 0.037109
0 0.405599 0.324219 0.579427 0.031250
0 0.389323 0.355469 0.059896 0.023438
0 0.567708 0.357422 0.104167 0.027344
0 0.332031 0.392578 0.445312 0.031250
0 0.196615 0.425781 0.184896 0.031250
0 0.162760 0.457031 0.127604 0.027344
0 0.578125 0.460938 0.083333 0.027344
0 0.386719 0.530273 0.062500 0.019531
0 0.579427 0.533203 0.085938 0.027344
0 0.768229 0.532227 0.104167 0.029297
0 0.411458 0.572266 0.651042 0.031250
0 0.569010 0.607422 0.127604 0.027344
0 0.371094 0.652344 0.596354 0.031250
0 0.382812 0.687500 0.062500 0.023438
0 0.583333 0.689453 0.109375 0.031250
0 0.785156 0.687500 0.106771 0.031250
0 0.128906 0.744141 0.151042 0.042969
0 0.147135 0.780273 0.182292 0.041016
0 0.135417 0.831055 0.158854 0.039062
0 0.184896 0.865234 0.250000 0.031250
0 0.479818 0.865234 0.082031 0.035156
0 0.175781 0.909180 0.255208 0.035156
0 0.791667 0.902344 0.114583 0.031250
0 0.318359 0.173340 0.071272 0.031862
