0 0.505208 0.282227 0.611111 0.039062
0 0.507812 0.319824 0.532986 0.026367
0 0.307292 0.375488 0.388889 0.020508
0 0.270833 0.579590 0.218750 0.022461
0 0.859375 0.578613 0.118056 0.020508
0 0.314236 0.319336 0.156250 0.025391
0 0.614583 0.318848 0.319444 0.030273
0 0.241319 0.400391 0.267361 0.027344
0 0.212674 0.423340 0.210069 0.030273
0 0.272569 0.460938 0.065972 0.023438
0 0.496528 0.460938 0.041667 0.023438
0 0.281250 0.492188 0.222222 0.023438
0 0.211806 0.513672 0.090278 0.023438
0 0.258681 0.542969 0.197917 0.023438
0 0.264757 0.579102 0.210069 0.027344
0 0.859375 0.578125 0.121528 0.023438
0 0.291667 0.599609 0.263889 0.023438
0 0.868056 0.620117 0.107639 0.019531
0 0.868056 0.645508 0.107639 0.019531
0 0.426215 0.320801 0.077257 0.029854
0 0.340278 0.460449 0.073125 0.024523
