0 0.474609 0.326660 0.227865 0.018555
0 0.469401 0.360352 0.279948 0.019531
0 0.633464 0.887207 0.235677 0.022461
0 0.258464 0.632812 0.128906 0.021484
0 0.710938 0.627441 0.078125 0.018555
0 0.472656 0.328125 0.231771 0.023438
0 0.204427 0.386719 0.041667 0.017578
0 0.476562 0.429688 0.307292 0.031250
0 0.231771 0.459961 0.049479 0.019531
0 0.365885 0.459961 0.036458 0.019531
0 0.429688 0.459961 0.049479 0.019531
0 0.535156 0.459961 0.091146 0.025391
0 0.661458 0.457031 0.125000 0.023438
0 0.410156 0.485352 0.419271 0.025391
0 0.415365 0.512695 0.046875 0.015625
0 0.550781 0.511719 0.080729 0.023438
0 0.699219 0.509766 0.080729 0.023438
0 0.414062 0.569336 0.044271 0.015625
0 0.552083 0.568359 0.078125 0.023438
0 0.703125 0.566406 0.083333 0.023438
0 0.281250 0.632812 0.065104 0.027344
0 0.489583 0.657227 0.054688 0.019531
0 0.260417 0.762695 0.130208 0.025391
0 0.506510 0.921875 0.117188 0.027344
0 0.467448 0.943359 0.403646 0.031250
0 0.353516 0.359375 0.057943 0.028846
0 0.287109 0.460938 0.071229 0.030859
0 0.425130 0.920410 0.055276 0.029854
