0 0.447754 0.076135 0.067383 0.019034
0 0.458496 0.088214 0.227539 0.016837
0 0.458008 0.099195 0.257812 0.018302
0 0.461914 0.110908 0.310547 0.025622
0 0.459473 0.123719 0.170898 0.020498
0 0.312012 0.743411 0.051758 0.019766
0 0.346191 0.757321 0.108398 0.022694
0 0.435547 0.735725 0.039062 0.020498
0 0.433594 0.756223 0.058594 0.019034
0 0.336914 0.564788 0.115234 0.021230
0 0.627930 0.553075 0.103516 0.022694
0 0.488281 0.016105 0.058594 0.020498
0 0.604492 0.104685 0.023438 0.011713
0 0.315918 0.165081 0.153320 0.028551
0 0.587891 0.172767 0.017578 0.019034
0 0.517578 0.270864 0.082031 0.023426
0 0.336426 0.329429 0.147461 0.030747
0 0.439453 0.327965 0.017578 0.016105
0 0.591797 0.337482 0.017578 0.017570
0 0.343262 0.398609 0.145508 0.030015
0 0.445312 0.396779 0.017578 0.016105
0 0.595703 0.407028 0.013672 0.016105
0 0.374512 0.466691 0.092773 0.027086
0 0.599609 0.474378 0.013672 0.016105
0 0.394531 0.531113 0.123047 0.028551
0 0.634766 0.521230 0.078125 0.023426
0 0.589844 0.556369 0.013672 0.016105
0 0.634766 0.554173 0.091797 0.026354
0 0.500000 0.593704 0.039062 0.021962
0 0.597656 0.591508 0.023438 0.017570
0 0.640625 0.588580 0.078125 0.023426
0 0.317871 0.601391 0.075195 0.028551
0 0.509766 0.645681 0.070312 0.023426
0 0.431152 0.685212 0.063477 0.027818
0 0.333008 0.708638 0.029297 0.023426
0 0.434570 0.738653 0.041016 0.021962
0 0.355469 0.634334 0.043917 0.028116
0 0.368652 0.698389 0.086316 0.067198
