0 0.503178 0.175293 0.184322 0.022461
0 0.490466 0.202148 0.688559 0.023438
0 0.506356 0.223145 0.542373 0.024414
0 0.505297 0.325195 0.319915 0.015625
0 0.544492 0.643555 0.186441 0.021484
0 0.826271 0.644043 0.110169 0.016602
0 0.504237 0.175781 0.194915 0.027344
0 0.651483 0.224609 0.256356 0.027344
0 0.504237 0.282227 0.372881 0.025391
0 0.506356 0.326172 0.076271 0.013672
0 0.648305 0.326172 0.046610 0.017578
0 0.227754 0.354492 0.180085 0.019531
0 0.192797 0.399414 0.110169 0.015625
0 0.199153 0.446289 0.131356 0.019531
0 0.266949 0.470703 0.279661 0.023438
0 0.211864 0.518555 0.173729 0.019531
0 0.817797 0.544922 0.105932 0.017578
0 0.817797 0.588867 0.114407 0.019531
0 0.591102 0.644531 0.105932 0.023438
0 0.826271 0.643555 0.114407 0.019531
0 0.826271 0.670898 0.114407 0.019531
0 0.506356 0.791016 0.394068 0.023438
0 0.274364 0.936035 0.451271 0.026367
0 0.228814 0.957031 0.355932 0.023438
0 0.422669 0.588867 0.107698 0.027043
0 0.494703 0.642578 0.103431 0.029037
