0 0.518880 0.319824 0.173177 0.024414
0 0.516276 0.342773 0.204427 0.019531
0 0.641276 0.883789 0.170573 0.021484
0 0.365885 0.707520 0.085938 0.018555
0 0.686849 0.701172 0.071615 0.019531
0 0.516927 0.320312 0.169271 0.023438
0 0.516927 0.344727 0.203125 0.019531
0 0.329427 0.365234 0.031250 0.013672
0 0.519531 0.392578 0.221354 0.027344
0 0.488281 0.416992 0.036458 0.015625
0 0.466146 0.435547 0.278646 0.017578
0 0.360677 0.473633 0.067708 0.015625
0 0.479167 0.473633 0.033854 0.011719
0 0.583333 0.512695 0.044271 0.015625
0 0.479167 0.531250 0.033854 0.013672
0 0.582031 0.530273 0.046875 0.015625
0 0.679688 0.530273 0.065104 0.015625
0 0.584635 0.571289 0.046875 0.015625
0 0.363281 0.594727 0.067708 0.015625
0 0.481771 0.590820 0.033854 0.011719
0 0.584635 0.590820 0.046875 0.015625
0 0.682292 0.590820 0.065104 0.015625
0 0.496745 0.615234 0.339844 0.023438
0 0.580729 0.629883 0.054688 0.015625
0 0.361328 0.708008 0.076823 0.019531
0 0.533854 0.721680 0.039062 0.015625
0 0.469401 0.755859 0.123698 0.023438
0 0.384115 0.780273 0.111979 0.025391
0 0.708333 0.813477 0.033854 0.015625
0 0.697266 0.853516 0.061198 0.019531
0 0.581380 0.451660 0.051681 0.020504
