0 0.289931 0.247070 0.166667 0.035156
0 0.533854 0.199219 0.241319 0.033203
0 0.536458 0.217773 0.243056 0.027344
0 0.540799 0.236816 0.210069 0.026367
0 0.361111 0.314941 0.312500 0.030273
0 0.480903 0.424805 0.531250 0.035156
0 0.286458 0.250977 0.163194 0.029297
0 0.407986 0.312500 0.069444 0.017578
0 0.262153 0.320312 0.111111 0.017578
0 0.286458 0.334961 0.041667 0.015625
0 0.292535 0.401367 0.175347 0.027344
0 0.451389 0.428711 0.059028 0.019531
0 0.258681 0.489258 0.055556 0.015625
0 0.619792 0.510742 0.069444 0.015625
0 0.448785 0.516113 0.265625 0.026367
0 0.585069 0.547852 0.069444 0.015625
0 0.702257 0.542480 0.119792 0.020508
0 0.712674 0.578125 0.116319 0.023438
0 0.359375 0.663086 0.159722 0.019531
0 0.579861 0.655762 0.166667 0.024414
0 0.753472 0.651367 0.045139 0.015625
0 0.251736 0.666992 0.041667 0.015625
0 0.290799 0.922363 0.453125 0.030273
0 0.111979 0.946289 0.092014 0.027344
0 0.330729 0.945312 0.185764 0.027344
0 0.363715 0.431641 0.065210 0.021649
0 0.196181 0.946289 0.096727 0.032862
