0 0.503906 0.476562 0.203125 0.017578
0 0.500651 0.501465 0.253906 0.018555
0 0.632812 0.823242 0.210938 0.019531
0 0.281250 0.758789 0.104167 0.021484
0 0.716146 0.768555 0.070312 0.017578
0 0.505208 0.477539 0.205729 0.019531
0 0.259115 0.522461 0.036458 0.015625
0 0.503906 0.564453 0.291667 0.037109
0 0.394531 0.590820 0.031250 0.019531
0 0.455729 0.591797 0.049479 0.017578
0 0.580729 0.596680 0.041667 0.025391
0 0.676432 0.595215 0.121094 0.026367
0 0.417969 0.617188 0.361979 0.027344
0 0.654948 0.622070 0.088542 0.019531
0 0.256510 0.639648 0.041667 0.019531
0 0.347656 0.641602 0.036458 0.019531
0 0.299479 0.666992 0.049479 0.019531
0 0.437500 0.668945 0.044271 0.015625
0 0.576823 0.672852 0.057292 0.019531
0 0.713542 0.675781 0.078125 0.023438
0 0.716146 0.735352 0.078125 0.025391
0 0.303385 0.758789 0.041667 0.019531
0 0.716146 0.768555 0.075521 0.019531
0 0.506510 0.788086 0.052083 0.019531
0 0.713542 0.793945 0.075521 0.019531
0 0.537109 0.593262 0.053004 0.026043
0 0.253255 0.665527 0.047710 0.026043
0 0.253255 0.757812 0.065955 0.030859
