0 0.368056 0.248828 0.188889 0.030469
0 0.650000 0.206250 0.219444 0.018750
0 0.648611 0.228125 0.288889 0.018750
0 0.649306 0.249609 0.223611 0.019531
0 0.442361 0.322656 0.348611 0.020313
0 0.420833 0.454297 0.297222 0.019531
0 0.800000 0.457422 0.108333 0.017969
0 0.325000 0.342187 0.116667 0.018750
0 0.756944 0.343750 0.186111 0.018750
0 0.326389 0.380469 0.119444 0.020313
0 0.565278 0.382031 0.102778 0.020313
0 0.680556 0.382031 0.030556 0.015625
0 0.358333 0.418750 0.188889 0.018750
0 0.565278 0.420312 0.102778 0.018750
0 0.797222 0.420312 0.105556 0.018750
0 0.519444 0.457031 0.088889 0.020313
0 0.800000 0.458594 0.102778 0.015625
0 0.802778 0.496875 0.105556 0.018750
0 0.802778 0.515625 0.105556 0.018750
0 0.762500 0.692187 0.163889 0.018750
0 0.292361 0.923828 0.451389 0.032031
0 0.113889 0.947656 0.088889 0.023438
0 0.327778 0.946484 0.183333 0.025781
0 0.197917 0.946875 0.097990 0.032559
