0 0.494444 0.242188 0.569444 0.023438
0 0.492361 0.269922 0.420833 0.024219
0 0.319444 0.550000 0.361111 0.021875
0 0.781250 0.541797 0.101389 0.021094
0 0.379861 0.272266 0.198611 0.022656
0 0.558333 0.269531 0.133333 0.020313
0 0.487500 0.357812 0.388889 0.032813
0 0.404167 0.392188 0.069444 0.018750
0 0.526389 0.390625 0.158333 0.018750
0 0.348611 0.417969 0.041667 0.020313
0 0.429167 0.416406 0.063889 0.020313
0 0.562500 0.415625 0.113889 0.021875
0 0.715278 0.412500 0.136111 0.018750
0 0.253472 0.443750 0.226389 0.023438
0 0.587500 0.489844 0.097222 0.020313
0 0.234722 0.527344 0.052778 0.020313
0 0.322222 0.528125 0.025000 0.017188
0 0.252778 0.577344 0.216667 0.023438
0 0.511111 0.571875 0.066667 0.018750
0 0.783333 0.567187 0.100000 0.021875
0 0.784722 0.592969 0.097222 0.020313
0 0.469444 0.658984 0.275000 0.030469
