0 0.508789 0.068848 0.542969 0.077148
0 0.509277 0.146973 0.442383 0.055664
0 0.799316 0.348145 0.165039 0.040039
0 0.266602 0.382812 0.259766 0.041016
0 0.692871 0.398438 0.377930 0.037109
0 0.802246 0.674316 0.151367 0.059570
0 0.287109 0.676270 0.306641 0.045898
0 0.509766 0.064941 0.537109 0.084961
0 0.512695 0.184570 0.273438 0.039062
0 0.512207 0.235352 0.375977 0.062500
0 0.359375 0.300781 0.115234 0.041016
0 0.615234 0.303711 0.111328 0.035156
0 0.560547 0.347656 0.091797 0.041016
0 0.211914 0.386719 0.132812 0.037109
0 0.343750 0.389648 0.080078 0.035156
0 0.567383 0.392578 0.105469 0.037109
0 0.834961 0.396484 0.076172 0.031250
0 0.268555 0.438477 0.251953 0.048828
0 0.342773 0.493164 0.125000 0.039062
0 0.536133 0.496094 0.037109 0.031250
0 0.667969 0.496094 0.076172 0.037109
0 0.322266 0.545898 0.271484 0.035156
0 0.162109 0.563477 0.013672 0.023438
0 0.534180 0.565430 0.062500 0.039062
0 0.658203 0.563477 0.095703 0.035156
0 0.212891 0.579102 0.056641 0.035156
0 0.204102 0.776367 0.140625 0.035156
0 0.198242 0.814453 0.126953 0.031250
0 0.467773 0.971680 0.150391 0.029297
