0 0.412760 0.185547 0.236979 0.029297
0 0.408203 0.213867 0.290365 0.027344
0 0.576823 0.746094 0.255208 0.025391
0 0.179688 0.486328 0.122396 0.019531
0 0.646484 0.476562 0.110677 0.019531
0 0.407552 0.186035 0.229167 0.032227
0 0.410156 0.280273 0.312500 0.039062
0 0.195312 0.313477 0.114583 0.025391
0 0.296875 0.311523 0.033854 0.019531
0 0.363281 0.311523 0.052083 0.019531
0 0.598958 0.298828 0.130208 0.027344
0 0.274740 0.338867 0.289062 0.025391
0 0.177083 0.389648 0.096354 0.019531
0 0.265625 0.389648 0.028646 0.015625
0 0.347656 0.389648 0.046875 0.015625
0 0.492188 0.384766 0.067708 0.023438
0 0.632812 0.377930 0.098958 0.025391
0 0.169271 0.425781 0.104167 0.027344
0 0.298177 0.426758 0.031250 0.019531
0 0.640625 0.438477 0.098958 0.025391
0 0.178385 0.451172 0.127604 0.027344
0 0.416667 0.509766 0.057292 0.023438
0 0.644531 0.502930 0.101562 0.025391
0 0.167969 0.558594 0.091146 0.023438
0 0.140625 0.588867 0.041667 0.025391
0 0.308594 0.585938 0.117188 0.023438
0 0.679688 0.607422 0.036458 0.023438
0 0.182292 0.617188 0.130208 0.023438
0 0.205729 0.647461 0.182292 0.025391
0 0.204427 0.680664 0.184896 0.029297
0 0.247396 0.708984 0.270833 0.031250
0 0.412760 0.784180 0.174479 0.029297
0 0.397135 0.810547 0.429688 0.027344
0 0.487630 0.358398 0.082316 0.027012
0 0.617839 0.474609 0.056026 0.025563
0 0.149089 0.487305 0.071135 0.032862
0 0.204427 0.587402 0.100495 0.036893
