0 0.348307 0.138672 0.134115 0.021484
0 0.557943 0.089355 0.165365 0.026367
0 0.560547 0.111328 0.220052 0.029297
0 0.559245 0.130859 0.173177 0.021484
0 0.413411 0.208984 0.264323 0.023438
0 0.401042 0.527344 0.218750 0.015625
0 0.686198 0.523438 0.078125 0.017578
0 0.350260 0.139648 0.138021 0.029297
0 0.510417 0.208008 0.054688 0.015625
0 0.350911 0.304199 0.134115 0.018555
0 0.523438 0.301758 0.033854 0.015625
0 0.697917 0.295898 0.033854 0.015625
0 0.302083 0.325195 0.033854 0.015625
0 0.507812 0.321289 0.127604 0.019531
0 0.354167 0.378906 0.138021 0.017578
0 0.526042 0.375977 0.033854 0.015625
0 0.700521 0.372070 0.033854 0.015625
0 0.350260 0.416992 0.125000 0.015625
0 0.527344 0.415039 0.036458 0.015625
0 0.356120 0.455078 0.139323 0.019531
0 0.684896 0.447266 0.070312 0.017578
0 0.356120 0.492188 0.134115 0.019531
0 0.528646 0.489258 0.033854 0.015625
0 0.688802 0.486328 0.067708 0.017578
0 0.688802 0.524414 0.067708 0.015625
0 0.707031 0.562500 0.036458 0.013672
0 0.708333 0.581055 0.033854 0.015625
0 0.644531 0.661133 0.171875 0.015625
0 0.639323 0.700195 0.187500 0.019531
0 0.506510 0.761230 0.289062 0.024414
0 0.309896 0.782227 0.033854 0.015625
0 0.533854 0.782227 0.065104 0.015625
0 0.645833 0.840820 0.075521 0.015625
