0 0.357422 0.245117 0.165365 0.033203
0 0.601562 0.192383 0.174479 0.021484
0 0.607422 0.217773 0.274740 0.021484
0 0.598958 0.242676 0.226562 0.022461
0 0.429688 0.333496 0.304688 0.022461
0 0.408203 0.480469 0.246094 0.023438
0 0.737630 0.481445 0.082031 0.019531
0 0.428385 0.333984 0.299479 0.023438
0 0.699219 0.351562 0.164062 0.023438
0 0.329427 0.398438 0.101562 0.023438
0 0.526042 0.398438 0.078125 0.023438
0 0.619792 0.397461 0.028646 0.019531
0 0.358073 0.440430 0.156250 0.019531
0 0.540365 0.440430 0.072917 0.019531
0 0.740885 0.438477 0.078125 0.019531
0 0.740885 0.482422 0.080729 0.023438
0 0.740885 0.526367 0.078125 0.019531
0 0.747396 0.547852 0.065104 0.019531
0 0.325521 0.569336 0.065104 0.019531
0 0.414062 0.611328 0.088542 0.023438
0 0.351562 0.655273 0.145833 0.025391
0 0.682292 0.659180 0.200521 0.019531
0 0.355469 0.701172 0.158854 0.023438
0 0.677083 0.704102 0.216146 0.019531
0 0.455078 0.656250 0.063312 0.030859
0 0.541016 0.678711 0.073861 0.030859
