0 0.455729 0.266113 0.380208 0.022461
0 0.401910 0.288086 0.446181 0.015625
0 0.361111 0.352539 0.375000 0.017578
0 0.275174 0.488281 0.244792 0.021484
0 0.679688 0.488770 0.109375 0.018555
0 0.232639 0.288086 0.114583 0.019531
0 0.293403 0.313477 0.239583 0.025391
0 0.274306 0.333008 0.197917 0.019531
0 0.487847 0.333984 0.204861 0.023438
0 0.482639 0.353516 0.135417 0.017578
0 0.197917 0.375000 0.052083 0.013672
0 0.491319 0.376953 0.048611 0.013672
0 0.222222 0.397461 0.128472 0.019531
0 0.329861 0.399414 0.038194 0.015625
0 0.506944 0.399414 0.086806 0.019531
0 0.713542 0.464844 0.041667 0.017578
0 0.290799 0.922363 0.453125 0.030273
0 0.110243 0.945801 0.095486 0.028320
0 0.330729 0.945312 0.185764 0.027344
0 0.254340 0.375977 0.070940 0.020993
