0 0.410156 0.571742 0.136719 0.020498
0 0.531738 0.572474 0.065430 0.021962
0 0.443359 0.323572 0.197266 0.014641
0 0.441895 0.234261 0.233398 0.021962
0 0.437500 0.246706 0.238281 0.021962
0 0.442383 0.260249 0.054688 0.013909
0 0.344727 0.186676 0.066406 0.011713
0 0.444336 0.225476 0.031250 0.013177
0 0.375977 0.238653 0.097656 0.013177
0 0.449219 0.238653 0.041016 0.010249
0 0.386230 0.250732 0.120117 0.015373
0 0.442871 0.293558 0.174805 0.021962
0 0.442383 0.322840 0.193359 0.021962
0 0.377930 0.359444 0.117188 0.014641
0 0.346680 0.372621 0.054688 0.014641
0 0.353516 0.404832 0.060547 0.014641
0 0.362305 0.423133 0.087891 0.017570
0 0.433594 0.423865 0.041016 0.014641
0 0.435547 0.461201 0.234375 0.020498
0 0.345703 0.475842 0.048828 0.013177
0 0.349609 0.495608 0.060547 0.014641
0 0.530273 0.494143 0.058594 0.014641
0 0.530273 0.570278 0.058594 0.014641
0 0.384766 0.627379 0.138672 0.014641
0 0.440430 0.679356 0.136719 0.013177
0 0.580078 0.965593 0.025391 0.014641
0 0.479980 0.270498 0.088011 0.022196
0 0.380371 0.534407 0.047651 0.021767
