0 0.251953 0.268066 0.157552 0.036133
0 0.494141 0.223633 0.217448 0.019531
0 0.494792 0.247559 0.218750 0.020508
0 0.492188 0.271973 0.184896 0.022461
0 0.317708 0.356445 0.291667 0.019531
0 0.295573 0.505371 0.244792 0.020508
0 0.621745 0.509766 0.069010 0.013672
0 0.253906 0.268555 0.166667 0.039062
0 0.317708 0.356445 0.296875 0.025391
0 0.582031 0.379883 0.156250 0.019531
0 0.416667 0.423828 0.078125 0.023438
0 0.279948 0.442383 0.216146 0.025391
0 0.249349 0.462402 0.162760 0.026367
0 0.429688 0.465820 0.070312 0.015625
