0 0.344618 0.354492 0.098958 0.017578
0 0.592014 0.354980 0.187500 0.016602
0 0.360243 0.374023 0.133681 0.017578
0 0.593750 0.382324 0.187500 0.032227
0 0.321181 0.512695 0.048611 0.015625
0 0.433160 0.512207 0.095486 0.014648
0 0.524306 0.513184 0.038194 0.018555
0 0.656250 0.511230 0.079861 0.016602
0 0.378472 0.563965 0.170139 0.018555
0 0.605903 0.566406 0.180556 0.021484
0 0.485243 0.305176 0.296875 0.036133
0 0.281250 0.651367 0.024306 0.023438
0 0.289062 0.922363 0.449653 0.030273
0 0.111979 0.946289 0.092014 0.027344
0 0.330729 0.945312 0.185764 0.027344
