0 0.211806 0.281250 0.263889 0.037109
0 0.584201 0.227539 0.335069 0.023438
0 0.590278 0.253906 0.343750 0.023438
0 0.589410 0.283691 0.293403 0.026367
0 0.226562 0.354980 0.289931 0.026367
0 0.722222 0.353027 0.277778 0.022461
0 0.213542 0.282227 0.256944 0.042969
0 0.588542 0.284180 0.295139 0.029297
0 0.164931 0.409180 0.156250 0.025391
0 0.742188 0.405762 0.251736 0.028320
0 0.119792 0.435547 0.065972 0.023438
0 0.270833 0.435547 0.215278 0.023438
0 0.223958 0.460938 0.274306 0.027344
0 0.290799 0.922363 0.453125 0.030273
0 0.110243 0.945801 0.095486 0.028320
0 0.330729 0.945312 0.185764 0.027344
0 0.196181 0.946289 0.096727 0.032862
