0 0.345052 0.271973 0.148438 0.024414
0 0.555990 0.219727 0.216146 0.027344
0 0.556641 0.241211 0.147135 0.021484
0 0.556641 0.262695 0.214844 0.025391
0 0.406901 0.345703 0.266927 0.027344
0 0.398438 0.595703 0.226562 0.025391
0 0.694661 0.587891 0.082031 0.015625
0 0.295573 0.349609 0.046875 0.017578
0 0.401042 0.344727 0.151042 0.025391
0 0.660156 0.334961 0.096354 0.025391
0 0.497396 0.399414 0.070312 0.019531
0 0.509115 0.437500 0.067708 0.017578
0 0.348307 0.443359 0.141927 0.023438
0 0.408854 0.460938 0.260417 0.027344
0 0.350911 0.481934 0.141927 0.024414
0 0.694010 0.509766 0.067708 0.017578
0 0.353516 0.520996 0.139323 0.020508
0 0.548177 0.535156 0.046875 0.017578
0 0.516927 0.553711 0.067708 0.019531
0 0.354818 0.559570 0.144531 0.023438
0 0.486979 0.592773 0.049479 0.019531
0 0.694661 0.589355 0.082031 0.020508
0 0.341146 0.636719 0.119792 0.027344
0 0.699219 0.628906 0.078125 0.017578
0 0.699219 0.668945 0.083333 0.019531
0 0.532552 0.754883 0.257812 0.025391
0 0.311198 0.782227 0.036458 0.015625
0 0.397786 0.778809 0.136719 0.026367
0 0.588542 0.774414 0.234375 0.025391
0 0.729167 0.772461 0.033854 0.015625
0 0.723958 0.834961 0.039062 0.015625
0 0.421224 0.634277 0.043254 0.024994
0 0.382161 0.757324 0.043254 0.024994
