0 0.500488 0.181918 0.116211 0.013909
0 0.502441 0.197291 0.233398 0.019766
0 0.493164 0.230966 0.388672 0.018302
0 0.491699 0.251464 0.375977 0.018302
0 0.492188 0.267936 0.392578 0.020498
0 0.504883 0.287701 0.265625 0.016105
0 0.501465 0.305637 0.321289 0.018302
0 0.650391 0.433748 0.087891 0.019766
0 0.510254 0.435212 0.168945 0.021230
0 0.397461 0.574305 0.257812 0.022694
0 0.652344 0.573939 0.105469 0.020498
0 0.384766 0.215959 0.025391 0.014641
0 0.558594 0.213763 0.140625 0.021962
0 0.542969 0.233163 0.230469 0.019766
0 0.675781 0.229868 0.025391 0.013177
0 0.364258 0.251098 0.123047 0.019034
0 0.601562 0.249634 0.152344 0.019034
0 0.305664 0.268668 0.023438 0.014641
0 0.452148 0.269400 0.259766 0.020498
0 0.390625 0.306003 0.101562 0.020498
0 0.389648 0.341142 0.083984 0.017570
0 0.508789 0.379209 0.083984 0.017570
0 0.608398 0.378477 0.083984 0.019034
0 0.659180 0.399707 0.044922 0.017570
0 0.355469 0.434846 0.027344 0.017570
0 0.452148 0.436310 0.056641 0.020498
0 0.540039 0.434480 0.107422 0.018302
0 0.360352 0.453148 0.162109 0.019034
0 0.352539 0.491215 0.150391 0.019034
0 0.650391 0.513177 0.101562 0.021962
0 0.434570 0.531479 0.029297 0.017570
0 0.427734 0.573206 0.207031 0.019034
0 0.653320 0.574671 0.103516 0.021962
0 0.392578 0.639458 0.257812 0.024158
0 0.338867 0.704246 0.146484 0.020498
0 0.654297 0.707174 0.117188 0.023426
0 0.665039 0.751830 0.095703 0.021962
0 0.314453 0.793558 0.062500 0.020498
0 0.324219 0.816252 0.082031 0.019034
0 0.413086 0.842606 0.060547 0.019034
0 0.324219 0.862372 0.085938 0.020498
0 0.507812 0.864202 0.164062 0.024158
0 0.316406 0.231332 0.056535 0.030586
0 0.615723 0.286237 0.051480 0.023133
0 0.472168 0.454978 0.063296 0.023885
0 0.533691 0.454978 0.061331 0.023885
0 0.293945 0.574305 0.054305 0.025382
0 0.346191 0.596266 0.055363 0.025382
0 0.501465 0.595534 0.063272 0.023885
0 0.289551 0.659956 0.053352 0.023885
0 0.357910 0.839312 0.045452 0.022380
0 0.396973 0.864202 0.059309 0.028362
0 0.323730 0.964495 0.062909 0.031253
