0 0.244792 0.208984 0.208333 0.031250
0 0.547743 0.163086 0.335069 0.023438
0 0.553819 0.186035 0.309028 0.018555
0 0.554688 0.206543 0.265625 0.018555
0 0.339410 0.289062 0.390625 0.017578
0 0.317708 0.470215 0.329861 0.018555
0 0.734375 0.462891 0.107639 0.017578
0 0.248264 0.208984 0.211806 0.037109
0 0.335069 0.290039 0.378472 0.025391
0 0.693576 0.282227 0.133681 0.025391
0 0.211806 0.310547 0.121528 0.017578
0 0.463542 0.347656 0.100694 0.023438
0 0.192708 0.370117 0.083333 0.019531
0 0.348958 0.369141 0.128472 0.023438
0 0.451389 0.370117 0.059028 0.015625
0 0.567708 0.366211 0.069444 0.019531
0 0.251736 0.389648 0.204861 0.019531
0 0.480903 0.389648 0.097222 0.019531
0 0.730903 0.382812 0.100694 0.023438
0 0.253472 0.430664 0.204861 0.019531
0 0.736111 0.463867 0.100694 0.019531
0 0.262153 0.511719 0.225694 0.027344
0 0.333333 0.573242 0.118056 0.025391
0 0.472222 0.634766 0.416667 0.027344
0 0.704861 0.716797 0.170139 0.017578
0 0.290799 0.922363 0.453125 0.030273
0 0.111111 0.947266 0.090278 0.023438
0 0.330729 0.945312 0.185764 0.027344
0 0.513021 0.367188 0.057672 0.023952
0 0.196181 0.946289 0.096727 0.032862
