0 0.515254 0.337500 0.603390 0.032813
0 0.423729 0.366406 0.711864 0.029687
0 0.366102 0.451562 0.596610 0.026562
0 0.239831 0.687109 0.388136 0.024219
0 0.859322 0.682031 0.183051 0.028125
0 0.515254 0.339062 0.606780 0.029687
0 0.511017 0.367188 0.540678 0.034375
0 0.262712 0.400781 0.386441 0.028125
0 0.562712 0.428125 0.318644 0.025000
0 0.555932 0.453906 0.210169 0.023438
0 0.106780 0.482812 0.077966 0.021875
0 0.459322 0.484375 0.057627 0.021875
0 0.567797 0.482031 0.071186 0.020313
0 0.693220 0.482031 0.057627 0.020313
0 0.591525 0.513281 0.132203 0.023438
0 0.174576 0.542969 0.257627 0.028125
0 0.869492 0.540625 0.159322 0.025000
0 0.862712 0.623437 0.172881 0.025000
0 0.244915 0.653516 0.405085 0.032031
0 0.920339 0.653906 0.064407 0.023438
0 0.230508 0.687891 0.383051 0.033594
0 0.476271 0.721094 0.610169 0.034375
0 0.290678 0.936328 0.449153 0.024219
0 0.244068 0.956641 0.352542 0.021094
0 0.195763 0.483203 0.113227 0.030267
