0 0.247917 0.514453 0.290278 0.024219
0 0.600000 0.503906 0.094444 0.020313
0 0.252083 0.261719 0.312500 0.031250
0 0.421528 0.154688 0.254167 0.026562
0 0.429861 0.171094 0.179167 0.023438
0 0.426389 0.189062 0.247222 0.023438
0 0.178472 0.200391 0.173611 0.030469
0 0.338889 0.308594 0.030556 0.012500
0 0.223611 0.345313 0.091667 0.018750
0 0.593056 0.364844 0.083333 0.015625
0 0.126389 0.367969 0.044444 0.012500
0 0.185417 0.380469 0.176389 0.025000
0 0.343056 0.391406 0.055556 0.015625
0 0.438889 0.388281 0.069444 0.015625
0 0.595833 0.400000 0.086111 0.018750
0 0.213194 0.412500 0.123611 0.021875
0 0.381944 0.407031 0.086111 0.020313
0 0.131944 0.417187 0.055556 0.014063
0 0.263889 0.427344 0.072222 0.020313
0 0.408333 0.422656 0.133333 0.020313
0 0.126389 0.433594 0.044444 0.015625
0 0.190278 0.432812 0.066667 0.014063
0 0.600000 0.434375 0.083333 0.018750
0 0.188889 0.448437 0.172222 0.021875
0 0.384722 0.441406 0.083333 0.015625
0 0.189583 0.482031 0.176389 0.023438
0 0.362500 0.477344 0.033333 0.015625
0 0.352083 0.510938 0.065278 0.021875
0 0.601389 0.504687 0.097222 0.018750
0 0.629167 0.539062 0.047222 0.018750
0 0.172222 0.552344 0.138889 0.020313
0 0.552083 0.632031 0.218056 0.023438
0 0.126389 0.661719 0.047222 0.020313
0 0.191667 0.660937 0.072222 0.018750
0 0.547917 0.669922 0.237500 0.025781
0 0.379167 0.732031 0.372222 0.028125
0 0.444444 0.808203 0.447222 0.028906
0 0.291667 0.923828 0.452778 0.032031
0 0.113889 0.947656 0.088889 0.023438
0 0.327778 0.946484 0.183333 0.025781
0 0.306250 0.258984 0.060174 0.019619
0 0.267361 0.548828 0.050059 0.022592
