0 0.509115 0.501465 0.203125 0.018555
0 0.506510 0.529297 0.247396 0.019531
0 0.654297 0.814453 0.212240 0.025391
0 0.318359 0.727051 0.113281 0.020508
0 0.725260 0.723145 0.075521 0.018555
0 0.509115 0.501953 0.200521 0.023438
0 0.514323 0.593750 0.273438 0.031250
0 0.415365 0.621094 0.031250 0.017578
0 0.472656 0.620117 0.046875 0.019531
0 0.565104 0.621094 0.083333 0.023438
0 0.445312 0.645508 0.354167 0.025391
0 0.458333 0.668945 0.039062 0.015625
0 0.582031 0.667969 0.070312 0.023438
0 0.725260 0.723633 0.072917 0.019531
0 0.335938 0.750000 0.156250 0.023438
0 0.520833 0.750977 0.049479 0.019531
0 0.721354 0.779297 0.088542 0.023438
0 0.519531 0.845703 0.148438 0.027344
