0 0.261864 0.305078 0.201695 0.024219
0 0.567797 0.266797 0.237288 0.016406
0 0.570339 0.283594 0.313559 0.017188
0 0.573729 0.303906 0.242373 0.017188
0 0.350000 0.372656 0.384746 0.015625
0 0.330508 0.525391 0.328814 0.014844
0 0.759322 0.522656 0.101695 0.012500
0 0.376271 0.372656 0.152542 0.015625
0 0.503390 0.372656 0.074576 0.012500
0 0.222034 0.389844 0.128814 0.015625
0 0.489831 0.421875 0.118644 0.018750
0 0.263559 0.457813 0.211864 0.020313
0 0.520339 0.456250 0.054237 0.014063
0 0.777966 0.452344 0.054237 0.015625
0 0.262712 0.475781 0.203390 0.015625
0 0.264407 0.492188 0.210169 0.018750
0 0.503390 0.489844 0.094915 0.015625
0 0.759322 0.486719 0.098305 0.015625
0 0.759322 0.522656 0.098305 0.015625
0 0.761017 0.557031 0.101695 0.015625
0 0.764407 0.591406 0.101695 0.015625
0 0.410169 0.683594 0.111864 0.015625
0 0.290678 0.937109 0.449153 0.025781
0 0.244068 0.956250 0.352542 0.021875
