0 0.348633 0.137628 0.154297 0.035139
0 0.573242 0.090776 0.283203 0.023426
0 0.578125 0.114934 0.238281 0.023426
0 0.573242 0.138360 0.162109 0.020498
0 0.414551 0.222548 0.270508 0.021962
0 0.390137 0.591874 0.231445 0.019766
0 0.687988 0.592972 0.079102 0.016105
0 0.675781 0.116398 0.027344 0.019034
0 0.347656 0.137628 0.152344 0.035139
0 0.487305 0.281845 0.037109 0.019034
0 0.596680 0.283309 0.023438 0.014641
0 0.518555 0.302343 0.119141 0.019034
0 0.350586 0.320644 0.142578 0.017570
0 0.690430 0.322108 0.068359 0.017570
0 0.538086 0.341142 0.037109 0.020498
0 0.350586 0.360176 0.142578 0.017570
0 0.691406 0.360908 0.068359 0.014641
0 0.476562 0.379209 0.097656 0.017570
0 0.585938 0.379941 0.109375 0.019034
0 0.350586 0.398243 0.142578 0.017570
0 0.545898 0.418009 0.111328 0.019034
0 0.348633 0.436310 0.142578 0.017570
0 0.512695 0.436310 0.068359 0.017570
0 0.692383 0.436310 0.068359 0.017570
0 0.290039 0.456076 0.023438 0.014641
0 0.326172 0.455344 0.035156 0.017570
0 0.370117 0.455344 0.037109 0.017570
0 0.347656 0.474378 0.144531 0.017570
0 0.693359 0.475842 0.070312 0.017570
0 0.345703 0.513909 0.144531 0.017570
0 0.511719 0.514641 0.068359 0.014641
0 0.693359 0.515373 0.070312 0.017570
0 0.654297 0.535139 0.078125 0.019034
0 0.345703 0.553441 0.144531 0.017570
0 0.687500 0.593704 0.082031 0.019034
0 0.339844 0.672767 0.136719 0.021962
0 0.694336 0.673499 0.068359 0.017570
0 0.366699 0.732796 0.190430 0.021962
0 0.640625 0.733529 0.175781 0.017570
0 0.283203 0.773792 0.027344 0.019034
0 0.360352 0.773792 0.115234 0.019034
0 0.634766 0.775256 0.191406 0.019034
0 0.291992 0.849927 0.035156 0.014641
0 0.467773 0.849927 0.027344 0.014641
0 0.522461 0.849927 0.066406 0.014641
0 0.643555 0.849927 0.166016 0.019034
0 0.340820 0.903367 0.044922 0.017570
0 0.527832 0.282577 0.038862 0.021752
