0 0.496528 0.215625 0.523611 0.020313
0 0.504167 0.243359 0.394444 0.017969
0 0.336111 0.498437 0.352778 0.021875
0 0.786111 0.484766 0.097222 0.021094
0 0.666667 0.242188 0.050000 0.018750
0 0.372222 0.375000 0.038889 0.018750
0 0.450000 0.373437 0.061111 0.018750
0 0.573611 0.371875 0.108333 0.021875
0 0.284722 0.398047 0.208333 0.022656
0 0.402778 0.420312 0.441667 0.029687
0 0.600000 0.439063 0.094444 0.018750
0 0.775000 0.435156 0.094444 0.020313
0 0.373611 0.475000 0.075000 0.018750
0 0.786806 0.484766 0.095833 0.021094
0 0.280556 0.498437 0.072222 0.018750
0 0.529167 0.515625 0.063889 0.018750
0 0.284722 0.521875 0.208333 0.021875
0 0.490278 0.598437 0.266667 0.029687
0 0.292361 0.923828 0.451389 0.032031
0 0.113194 0.947656 0.095833 0.029687
0 0.329167 0.947266 0.188889 0.028906
0 0.464583 0.244922 0.062162 0.020835
0 0.209722 0.498437 0.082861 0.027884
0 0.197917 0.946875 0.097990 0.032559
