0 0.387695 0.038700 0.433594 0.043344
0 0.457520 0.088235 0.475586 0.046440
0 0.534668 0.972394 0.112305 0.028380
0 0.249023 0.104231 0.052734 0.024768
0 0.657227 0.100103 0.072266 0.024768
0 0.282227 0.126935 0.068359 0.024768
0 0.583496 0.117647 0.227539 0.038184
0 0.614258 0.141899 0.066406 0.022704
0 0.543457 0.182663 0.221680 0.037152
0 0.100586 0.265222 0.138672 0.028896
0 0.650879 0.263416 0.118164 0.021156
0 0.805176 0.291280 0.096680 0.027348
0 0.745605 0.342621 0.256836 0.028896
0 0.262695 0.414861 0.076172 0.024768
0 0.355469 0.417441 0.052734 0.022704
0 0.355469 0.482456 0.052734 0.022704
0 0.398438 0.526832 0.052734 0.022704
0 0.499023 0.528380 0.134766 0.024768
0 0.367188 0.591331 0.113281 0.024768
0 0.490234 0.594685 0.107422 0.023220
0 0.185059 0.612745 0.100586 0.028380
0 0.795898 0.621259 0.025391 0.018576
0 0.405762 0.649123 0.237305 0.028896
0 0.066406 0.667699 0.074219 0.024768
0 0.097656 0.690402 0.054688 0.024768
0 0.173828 0.690918 0.072266 0.022704
0 0.470703 0.696078 0.072266 0.018576
0 0.096680 0.712590 0.050781 0.022704
0 0.374023 0.715170 0.091797 0.024768
0 0.458008 0.715686 0.050781 0.022704
0 0.788086 0.741486 0.169922 0.025800
0 0.086914 0.756966 0.115234 0.025800
0 0.162109 0.783798 0.048828 0.018576
0 0.246094 0.827141 0.257812 0.027864
0 0.119141 0.845201 0.099609 0.024768
0 0.364258 0.849071 0.365234 0.028380
0 0.602539 0.848297 0.085938 0.021672
0 0.321289 0.892157 0.074219 0.022704
0 0.050781 0.974200 0.052734 0.021672
0 0.813477 0.969040 0.111328 0.024768
0 0.387207 0.132353 0.127695 0.033457
0 0.367676 0.176729 0.082613 0.030340
0 0.694824 0.287410 0.121847 0.030860
0 0.077637 0.588493 0.106101 0.031379
0 0.366211 0.614551 0.120812 0.030860
0 0.487793 0.616615 0.119831 0.030860
