0 0.423177 0.286133 0.135417 0.025391
0 0.616536 0.247070 0.136719 0.013672
0 0.615885 0.264648 0.208333 0.015625
0 0.612630 0.283203 0.170573 0.015625
0 0.477865 0.354980 0.247396 0.016602
0 0.458333 0.579590 0.221354 0.020508
0 0.723307 0.579590 0.100260 0.022461
0 0.421875 0.288086 0.130208 0.029297
0 0.658854 0.284668 0.080729 0.018555
0 0.694010 0.368164 0.130208 0.015625
0 0.569010 0.422852 0.036458 0.019531
0 0.643229 0.438477 0.101562 0.015625
0 0.415365 0.458984 0.062500 0.013672
0 0.417969 0.475586 0.127604 0.015625
0 0.562500 0.475586 0.070312 0.015625
0 0.722656 0.473633 0.083333 0.015625
0 0.519531 0.493164 0.041667 0.015625
0 0.561198 0.492188 0.031250 0.013672
0 0.654948 0.491211 0.140625 0.015625
0 0.399740 0.510742 0.093750 0.015625
0 0.500000 0.510742 0.059896 0.015625
0 0.417969 0.528320 0.130208 0.015625
0 0.566406 0.528320 0.062500 0.015625
0 0.730469 0.526367 0.072917 0.015625
0 0.735677 0.543945 0.062500 0.015625
0 0.729167 0.600586 0.065104 0.015625
0 0.729167 0.618164 0.085938 0.019531
0 0.702474 0.713867 0.154948 0.025391
0 0.540365 0.831055 0.208333 0.019531
