0 0.326389 0.192383 0.225694 0.044922
0 0.664931 0.146484 0.270833 0.027344
0 0.663194 0.172363 0.347222 0.028320
0 0.658854 0.197754 0.265625 0.024414
0 0.409722 0.281738 0.416667 0.028320
0 0.373264 0.435547 0.357639 0.027344
0 0.836806 0.446289 0.107639 0.019531
0 0.687500 0.355469 0.038194 0.017578
0 0.301215 0.390137 0.223958 0.030273
0 0.557292 0.397461 0.104167 0.019531
0 0.833333 0.403320 0.107639 0.019531
0 0.491319 0.441406 0.107639 0.023438
0 0.831597 0.448242 0.104167 0.019531
0 0.272569 0.501953 0.142361 0.027344
0 0.829861 0.493164 0.107639 0.019531
0 0.703125 0.628906 0.079861 0.023438
0 0.843750 0.656250 0.062500 0.023438
0 0.290799 0.922363 0.453125 0.030273
0 0.112847 0.947266 0.086806 0.023438
0 0.330729 0.945312 0.185764 0.027344
0 0.611979 0.626465 0.102037 0.031862
0 0.196181 0.946289 0.096727 0.032862
