0 0.495443 0.042480 0.308594 0.028320
0 0.497396 0.080078 0.380208 0.027344
0 0.762370 0.852539 0.347656 0.044922
0 0.203125 0.507324 0.174479 0.038086
0 0.839844 0.495605 0.125000 0.026367
0 0.492839 0.041992 0.295573 0.029297
0 0.225911 0.207520 0.144531 0.032227
0 0.444010 0.202148 0.065104 0.025391
0 0.751302 0.196289 0.158854 0.029297
0 0.421875 0.266602 0.059896 0.019531
0 0.611979 0.263672 0.104167 0.027344
0 0.406250 0.305664 0.544271 0.035156
0 0.769531 0.298828 0.132812 0.027344
0 0.227865 0.342773 0.192708 0.035156
0 0.627604 0.338867 0.088542 0.029297
0 0.197917 0.379883 0.130208 0.029297
0 0.427083 0.375977 0.059896 0.019531
0 0.819661 0.367188 0.105469 0.029297
0 0.190104 0.428711 0.143229 0.041016
0 0.205729 0.461914 0.174479 0.041016
0 0.195312 0.510742 0.158854 0.039062
0 0.540365 0.540039 0.075521 0.029297
0 0.407552 0.603516 0.242188 0.041016
0 0.216146 0.693359 0.182292 0.031250
0 0.878255 0.714844 0.095052 0.035156
0 0.253906 0.734375 0.255208 0.037109
0 0.256510 0.779297 0.260417 0.041016
0 0.879557 0.794922 0.095052 0.035156
0 0.316406 0.816406 0.375000 0.041016
0 0.547526 0.906738 0.233073 0.040039
0 0.626302 0.373535 0.089899 0.032928
