0 0.419531 0.133984 0.576562 0.049219
0 0.317969 0.210938 0.385937 0.031250
0 0.746875 0.783984 0.159375 0.030469
0 0.221094 0.792578 0.207813 0.030469
0 0.329688 0.195312 0.146875 0.018750
0 0.157812 0.201563 0.050000 0.014063
0 0.416406 0.207031 0.151562 0.023438
0 0.235156 0.228906 0.070312 0.015625
0 0.552344 0.237109 0.095312 0.019531
0 0.235937 0.261719 0.068750 0.015625
0 0.423438 0.325000 0.465625 0.025000
0 0.299219 0.345313 0.220312 0.023438
0 0.532813 0.360156 0.062500 0.015625
0 0.707812 0.356250 0.103125 0.018750
0 0.212500 0.367188 0.043750 0.018750
0 0.470313 0.381250 0.556250 0.029687
0 0.453125 0.422656 0.040625 0.015625
0 0.539062 0.420312 0.065625 0.018750
0 0.239063 0.426563 0.084375 0.018750
0 0.321875 0.445312 0.256250 0.025000
0 0.545312 0.460938 0.065625 0.018750
0 0.478125 0.482812 0.559375 0.029687
0 0.548438 0.500781 0.062500 0.015625
0 0.465625 0.523438 0.521875 0.032813
0 0.551562 0.540625 0.065625 0.018750
0 0.732812 0.537500 0.084375 0.018750
0 0.554688 0.581250 0.065625 0.018750
0 0.739062 0.578125 0.084375 0.018750
0 0.256250 0.588281 0.081250 0.020313
0 0.432812 0.604688 0.450000 0.029687
0 0.557813 0.620313 0.065625 0.018750
0 0.153125 0.652344 0.040625 0.015625
0 0.553125 0.659375 0.075000 0.018750
0 0.137500 0.691406 0.034375 0.015625
0 0.371875 0.684766 0.346875 0.028906
0 0.565625 0.703906 0.068750 0.020313
0 0.717187 0.726562 0.065625 0.018750
0 0.795312 0.746875 0.046875 0.018750
0 0.275000 0.757812 0.265625 0.029687
0 0.217969 0.792969 0.198437 0.031250
0 0.789062 0.812500 0.065625 0.018750
0 0.250000 0.826562 0.256250 0.021875
0 0.589063 0.845313 0.071875 0.018750
0 0.494531 0.891406 0.254688 0.029687
0 0.647656 0.124609 0.063605 0.020835
0 0.257031 0.141797 0.080195 0.019391
0 0.353906 0.157422 0.094263 0.023222
0 0.299219 0.225391 0.058320 0.018159
0 0.647656 0.232422 0.118064 0.022232
0 0.780469 0.723828 0.065691 0.022256
0 0.727344 0.813281 0.070998 0.023827
