0 0.503255 0.194824 0.292969 0.030273
0 0.500651 0.229980 0.363281 0.026367
0 0.706380 0.894531 0.305990 0.031250
0 0.212240 0.569824 0.182292 0.028320
0 0.817057 0.567871 0.121094 0.024414
0 0.445964 0.196289 0.175781 0.029297
0 0.503906 0.309570 0.398438 0.048828
0 0.360677 0.347656 0.044271 0.023438
0 0.446615 0.348633 0.065104 0.025391
0 0.582031 0.353516 0.117188 0.027344
0 0.338542 0.382324 0.390625 0.032227
0 0.687500 0.385742 0.156250 0.029297
0 0.423177 0.414062 0.059896 0.023438
0 0.605469 0.417969 0.101562 0.027344
0 0.795573 0.416992 0.101562 0.025391
0 0.257812 0.452148 0.239583 0.025391
0 0.589844 0.454590 0.432292 0.040039
0 0.421875 0.486328 0.062500 0.023438
0 0.609375 0.489258 0.104167 0.029297
0 0.186198 0.535156 0.140625 0.039062
0 0.200521 0.568848 0.177083 0.041992
0 0.816406 0.567383 0.106771 0.029297
0 0.234375 0.603516 0.239583 0.031250
0 0.526042 0.606445 0.072917 0.029297
0 0.186198 0.667969 0.122396 0.031250
0 0.392578 0.666016 0.238281 0.035156
0 0.338542 0.707031 0.429688 0.041016
0 0.207031 0.747070 0.174479 0.029297
0 0.841146 0.774414 0.062500 0.025391
0 0.812500 0.843750 0.104167 0.027344
0 0.259766 0.348145 0.094812 0.039814
0 0.569661 0.385742 0.084330 0.032862
