0 0.315755 0.239258 0.170573 0.039062
0 0.589844 0.191895 0.244792 0.024414
0 0.589844 0.220215 0.244792 0.024414
0 0.589193 0.248047 0.207031 0.025391
0 0.386068 0.340820 0.332031 0.029297
0 0.357422 0.512207 0.282552 0.026367
0 0.727865 0.520508 0.085938 0.017578
0 0.316406 0.240234 0.184896 0.046875
0 0.347656 0.339844 0.257812 0.031250
0 0.519531 0.345703 0.070312 0.023438
0 0.695312 0.347656 0.140625 0.023438
0 0.274740 0.362305 0.111979 0.025391
0 0.688802 0.373047 0.179688 0.023438
0 0.496094 0.418945 0.085938 0.025391
0 0.600260 0.420898 0.031250 0.019531
0 0.721354 0.420898 0.088542 0.025391
0 0.304036 0.436523 0.178385 0.029297
0 0.514323 0.443359 0.226562 0.027344
0 0.303385 0.461914 0.179688 0.025391
0 0.506510 0.466797 0.085938 0.023438
0 0.730469 0.470703 0.091146 0.023438
0 0.727865 0.569336 0.091146 0.025391
0 0.278646 0.583984 0.114583 0.027344
0 0.726562 0.593750 0.088542 0.023438
0 0.444010 0.737305 0.031250 0.019531
0 0.618490 0.743164 0.299479 0.029297
