0 0.471354 0.059570 0.286458 0.033203
0 0.468750 0.097168 0.356771 0.034180
0 0.671875 0.956055 0.299479 0.031250
0 0.184896 0.634766 0.153646 0.031250
0 0.769531 0.633301 0.125000 0.032227
0 0.470703 0.060547 0.277344 0.031250
0 0.466146 0.095215 0.343750 0.030273
0 0.147135 0.125977 0.046875 0.019531
0 0.473958 0.176758 0.377604 0.039062
0 0.175781 0.213867 0.059896 0.025391
0 0.335938 0.213867 0.041667 0.025391
0 0.416667 0.214844 0.062500 0.023438
0 0.520182 0.212891 0.066406 0.027344
0 0.700521 0.213867 0.151042 0.025391
0 0.429688 0.246094 0.588542 0.027344
0 0.576823 0.275391 0.080729 0.023438
0 0.191406 0.307617 0.117188 0.025391
0 0.298177 0.308594 0.039062 0.023438
0 0.574219 0.307617 0.080729 0.025391
0 0.579427 0.375977 0.075521 0.025391
0 0.187500 0.409180 0.119792 0.025391
0 0.752604 0.409180 0.098958 0.025391
0 0.375000 0.448242 0.494792 0.029297
0 0.152344 0.480469 0.054688 0.027344
0 0.276042 0.481445 0.046875 0.025391
0 0.579427 0.479492 0.080729 0.025391
0 0.183594 0.512695 0.122396 0.025391
0 0.296875 0.512695 0.039062 0.019531
0 0.578125 0.512695 0.083333 0.025391
0 0.338542 0.562500 0.041667 0.023438
0 0.186849 0.591797 0.157552 0.039062
0 0.764323 0.588867 0.122396 0.029297
0 0.764323 0.634766 0.117188 0.027344
0 0.220052 0.669922 0.221354 0.031250
0 0.479167 0.670898 0.067708 0.025391
0 0.175781 0.729492 0.111979 0.029297
0 0.141927 0.767578 0.049479 0.031250
0 0.335938 0.766602 0.119792 0.029297
0 0.798177 0.794922 0.039062 0.023438
0 0.224609 0.881348 0.233073 0.032227
0 0.772135 0.905273 0.101562 0.025391
0 0.241536 0.214355 0.087014 0.035850
0 0.575521 0.214355 0.056624 0.032255
0 0.152995 0.560059 0.089174 0.041692
0 0.150391 0.638672 0.089174 0.040698
