0 0.321181 0.246582 0.177083 0.024414
0 0.585069 0.207520 0.208333 0.014648
0 0.585069 0.226074 0.277778 0.018555
0 0.585938 0.245117 0.217014 0.013672
0 0.398438 0.317383 0.338542 0.013672
0 0.511285 0.438965 0.560764 0.020508
0 0.319444 0.246094 0.180556 0.031250
0 0.288194 0.336914 0.107639 0.015625
0 0.522569 0.405273 0.083333 0.015625
0 0.743056 0.400391 0.086806 0.017578
0 0.746528 0.435547 0.086806 0.017578
0 0.750000 0.470703 0.086806 0.017578
0 0.750000 0.489258 0.086806 0.015625
0 0.550347 0.583984 0.069444 0.017578
0 0.684896 0.601074 0.237847 0.020508
0 0.473958 0.660156 0.048611 0.013672
0 0.657986 0.676758 0.298611 0.019531
0 0.491319 0.735840 0.510417 0.024414
0 0.290799 0.922363 0.453125 0.030273
0 0.110243 0.945801 0.095486 0.028320
0 0.330729 0.945312 0.185764 0.027344
0 0.196181 0.946289 0.096727 0.032862
