0 0.504237 0.388672 0.625424 0.028906
0 0.411017 0.418750 0.737288 0.026562
0 0.349153 0.510156 0.623729 0.025000
0 0.492373 0.664062 0.947458 0.028125
0 0.505085 0.388281 0.627119 0.031250
0 0.242373 0.453906 0.400000 0.028125
0 0.205932 0.480859 0.323729 0.025781
0 0.554237 0.480469 0.332203 0.028125
0 0.135593 0.540625 0.193220 0.031250
0 0.447458 0.538281 0.061017 0.023438
0 0.561017 0.537500 0.077966 0.021875
0 0.691525 0.536719 0.061017 0.020313
0 0.849153 0.536719 0.220339 0.023438
0 0.196610 0.571875 0.362712 0.029687
0 0.588136 0.569531 0.145763 0.023438
0 0.127966 0.600781 0.238983 0.032813
0 0.227966 0.631641 0.425424 0.028906
0 0.930508 0.630469 0.064407 0.023438
0 0.290678 0.937500 0.449153 0.025000
