0 0.360417 0.375781 0.290278 0.018750
0 0.738889 0.375781 0.094444 0.018750
0 0.389583 0.247266 0.348611 0.024219
0 0.581944 0.139063 0.216667 0.018750
0 0.586111 0.157422 0.280556 0.021094
0 0.584028 0.178516 0.212500 0.022656
0 0.307639 0.172656 0.190278 0.026562
0 0.308333 0.339844 0.180556 0.015625
0 0.737500 0.377344 0.088889 0.015625
0 0.740278 0.412500 0.091667 0.018750
0 0.413889 0.600781 0.405556 0.020313
0 0.705556 0.598437 0.161111 0.018750
0 0.292361 0.923828 0.451389 0.032031
0 0.113889 0.947656 0.088889 0.023438
0 0.327778 0.947266 0.186111 0.028906
