0 0.173611 0.264648 0.291667 0.039062
0 0.608507 0.195801 0.338542 0.030273
0 0.611979 0.227539 0.449653 0.033203
0 0.616319 0.258789 0.340278 0.033203
0 0.197049 0.353027 0.342014 0.030273
0 0.773438 0.341309 0.335069 0.036133
0 0.177083 0.268555 0.298611 0.048828
0 0.767361 0.341797 0.326389 0.031250
0 0.486111 0.377930 0.305556 0.029297
0 0.125000 0.411133 0.180556 0.029297
0 0.794271 0.398926 0.286458 0.032227
0 0.076389 0.442383 0.076389 0.029297
0 0.246528 0.439453 0.243056 0.027344
0 0.194444 0.470703 0.312500 0.031250
0 0.290799 0.922363 0.453125 0.030273
0 0.243056 0.945801 0.361111 0.028320
