0 0.358073 0.193359 0.184896 0.044922
0 0.636719 0.148438 0.195312 0.029297
0 0.638672 0.176270 0.261719 0.032227
0 0.634115 0.205078 0.216146 0.027344
0 0.426432 0.299316 0.342448 0.034180
0 0.392578 0.468750 0.292969 0.037109
0 0.780599 0.482422 0.082031 0.027344
0 0.425781 0.299805 0.343750 0.035156
0 0.731771 0.332520 0.182292 0.028320
0 0.535156 0.379883 0.085938 0.025391
0 0.640625 0.381836 0.028646 0.019531
0 0.765625 0.382812 0.088542 0.027344
0 0.339193 0.420410 0.186198 0.030273
0 0.553385 0.428711 0.067708 0.019531
0 0.777344 0.559570 0.072917 0.019531
0 0.667969 0.682617 0.065104 0.025391
0 0.748698 0.711914 0.117188 0.025391
0 0.713542 0.786133 0.156250 0.025391
0 0.594401 0.679199 0.081774 0.031862
0 0.652995 0.705566 0.068594 0.029854
