0 0.588542 0.433105 0.375000 0.057617
0 0.573785 0.455566 0.331597 0.045898
0 0.447049 0.479004 0.234375 0.040039
0 0.381944 0.637695 0.138889 0.023438
0 0.715278 0.671387 0.076389 0.020508
0 0.434028 0.446289 0.038194 0.015625
0 0.524306 0.456055 0.045139 0.015625
0 0.695312 0.445801 0.144097 0.038086
0 0.562500 0.459961 0.038194 0.015625
0 0.517361 0.472656 0.038194 0.013672
0 0.687500 0.468750 0.093750 0.017578
0 0.607639 0.481445 0.065972 0.019531
0 0.340278 0.530273 0.059028 0.015625
0 0.470486 0.527344 0.076389 0.017578
0 0.428819 0.604492 0.104167 0.019531
0 0.605903 0.598633 0.062500 0.015625
0 0.736111 0.610352 0.065972 0.015625
0 0.411458 0.620117 0.048611 0.015625
0 0.388889 0.655273 0.065972 0.015625
0 0.435764 0.422363 0.093087 0.039814
0 0.476562 0.450195 0.060544 0.023025
0 0.476562 0.484375 0.084962 0.025040
0 0.691840 0.502441 0.210065 0.030030
0 0.342014 0.499512 0.051534 0.022011
0 0.348090 0.515625 0.070893 0.020993
0 0.421007 0.576660 0.046670 0.018285
0 0.355035 0.616699 0.074554 0.018285
0 0.597222 0.619629 0.065869 0.018285
0 0.728299 0.631348 0.074511 0.022011
0 0.348090 0.638184 0.077996 0.022011
0 0.410590 0.642090 0.063938 0.019968
0 0.719618 0.649414 0.084962 0.023025
0 0.335069 0.651855 0.055465 0.020283
0 0.448785 0.659180 0.060666 0.019285
0 0.716146 0.672363 0.088503 0.028041
0 0.712674 0.687500 0.088486 0.027043
