0 0.487630 0.181152 0.199219 0.094727
0 0.494141 0.269531 0.483073 0.037109
0 0.301432 0.478027 0.175781 0.018555
0 0.537760 0.472656 0.218750 0.019531
0 0.292318 0.508301 0.157552 0.020508
0 0.542318 0.502930 0.220052 0.021484
0 0.400391 0.788086 0.373698 0.039062
0 0.795573 0.774414 0.156250 0.035156
0 0.498698 0.205078 0.166667 0.050781
0 0.492188 0.303711 0.260417 0.025391
0 0.494141 0.339844 0.259115 0.037109
0 0.494141 0.379883 0.399740 0.048828
0 0.291667 0.419922 0.156250 0.027344
0 0.452474 0.416016 0.089844 0.027344
0 0.563151 0.414062 0.092448 0.027344
0 0.248698 0.450195 0.067708 0.019531
0 0.430990 0.443359 0.164062 0.031250
0 0.583333 0.442383 0.109375 0.025391
0 0.497396 0.474609 0.135417 0.027344
0 0.609375 0.472656 0.072917 0.023438
0 0.292969 0.511719 0.158854 0.031250
0 0.498698 0.504883 0.138021 0.025391
0 0.610677 0.501953 0.070312 0.023438
0 0.549479 0.564453 0.036458 0.023438
0 0.661458 0.561523 0.072917 0.025391
0 0.257812 0.609375 0.151042 0.027344
0 0.654948 0.602539 0.091146 0.025391
0 0.240885 0.643555 0.122396 0.025391
0 0.658854 0.635742 0.093750 0.025391
0 0.804688 0.633789 0.093750 0.025391
0 0.375000 0.733398 0.161458 0.029297
0 0.382161 0.785645 0.334635 0.041992
0 0.802083 0.780273 0.148438 0.035156
0 0.662760 0.852539 0.182292 0.035156
0 0.649740 0.940430 0.127604 0.025391
0 0.654948 0.967773 0.127604 0.025391
0 0.264974 0.685547 0.099768 0.042684
0 0.257161 0.734863 0.089120 0.043675
