0 0.508475 0.169922 0.199153 0.023438
0 0.497881 0.195312 0.762712 0.027344
0 0.509534 0.221191 0.608051 0.022461
0 0.514831 0.334473 0.360169 0.018555
0 0.556144 0.632812 0.197034 0.021484
0 0.855932 0.631836 0.110169 0.015625
0 0.674788 0.219727 0.286017 0.029297
0 0.338983 0.247070 0.076271 0.025391
0 0.508475 0.285156 0.415254 0.023438
0 0.256356 0.309570 0.050847 0.015625
0 0.631356 0.309570 0.072034 0.019531
0 0.351695 0.334961 0.046610 0.019531
0 0.419492 0.334961 0.055085 0.019531
0 0.510593 0.334961 0.093220 0.019531
0 0.601695 0.334961 0.055085 0.019531
0 0.671610 0.334961 0.050847 0.019531
0 0.200212 0.368164 0.205508 0.025391
0 0.163136 0.417969 0.131356 0.023438
0 0.171610 0.472656 0.148305 0.023438
0 0.593220 0.471680 0.046610 0.015625
0 0.809322 0.471680 0.190678 0.019531
0 0.294492 0.499023 0.394068 0.025391
0 0.461864 0.575195 0.177966 0.025391
0 0.849576 0.574219 0.122881 0.023438
0 0.557203 0.601562 0.207627 0.023438
0 0.855932 0.631836 0.122881 0.019531
0 0.521186 0.662109 0.271186 0.023438
0 0.860169 0.661133 0.122881 0.019531
0 0.578390 0.692383 0.177966 0.019531
0 0.516949 0.803711 0.432203 0.025391
0 0.274364 0.936035 0.451271 0.026367
0 0.602754 0.575684 0.111962 0.026043
0 0.502119 0.632812 0.113754 0.030859
0 0.604873 0.632812 0.120180 0.030859
