0 0.483724 0.041504 0.285156 0.030273
0 0.482422 0.078613 0.350260 0.028320
0 0.160156 0.700195 0.177083 0.037109
0 0.830729 0.689453 0.156250 0.033203
0 0.429688 0.044922 0.166667 0.023438
0 0.570312 0.044922 0.098958 0.023438
0 0.488281 0.148438 0.385417 0.037109
0 0.346354 0.179688 0.041667 0.023438
0 0.428385 0.179688 0.065104 0.023438
0 0.720052 0.176758 0.153646 0.025391
0 0.593750 0.239258 0.083333 0.025391
0 0.303385 0.271484 0.036458 0.017578
0 0.593750 0.268555 0.083333 0.025391
0 0.429688 0.304199 0.604167 0.030273
0 0.402344 0.334961 0.057292 0.019531
0 0.597656 0.333008 0.085938 0.025391
0 0.356771 0.372070 0.479167 0.029297
0 0.401042 0.403320 0.059896 0.019531
0 0.592448 0.403320 0.106771 0.029297
0 0.399740 0.477539 0.062500 0.019531
0 0.398438 0.554688 0.046875 0.023438
0 0.602865 0.553711 0.111979 0.029297
0 0.145182 0.611816 0.144531 0.041992
0 0.332031 0.612305 0.044271 0.025391
0 0.158854 0.648438 0.182292 0.042969
0 0.152344 0.703125 0.177083 0.042969
0 0.195312 0.739258 0.257812 0.035156
0 0.502604 0.741211 0.085938 0.035156
0 0.140625 0.811523 0.132812 0.035156
0 0.259115 0.855469 0.377604 0.046875
0 0.158854 0.902344 0.190104 0.037109
0 0.895833 0.894531 0.046875 0.031250
0 0.899740 0.942383 0.049479 0.029297
0 0.246745 0.180664 0.084363 0.032862
