0 0.284722 0.077148 0.201389 0.029297
0 0.596354 0.035156 0.241319 0.017578
0 0.598090 0.057617 0.324653 0.019531
0 0.598090 0.081055 0.244792 0.019531
0 0.370660 0.160156 0.383681 0.019531
0 0.343750 0.303223 0.333333 0.020508
0 0.768229 0.303223 0.098958 0.016602
0 0.288194 0.077148 0.211806 0.039062
0 0.473958 0.221680 0.055556 0.019531
0 0.279514 0.261719 0.201389 0.019531
0 0.769097 0.344727 0.097222 0.019531
0 0.767361 0.366211 0.100694 0.019531
0 0.232639 0.386719 0.086806 0.017578
0 0.690972 0.469727 0.253472 0.019531
0 0.324653 0.489258 0.315972 0.025391
0 0.682292 0.512695 0.270833 0.019531
0 0.290799 0.922363 0.453125 0.030273
0 0.112847 0.947266 0.086806 0.023438
0 0.330729 0.946289 0.185764 0.025391
0 0.532118 0.222168 0.061144 0.024888
0 0.526910 0.489258 0.098481 0.030859
0 0.196181 0.946289 0.096727 0.032862
