0 0.541016 0.429688 0.222656 0.027344
0 0.536458 0.458984 0.276042 0.027344
0 0.701823 0.807129 0.242188 0.024414
0 0.305990 0.733887 0.140625 0.024414
0 0.781901 0.737305 0.097656 0.023438
0 0.539062 0.430664 0.223958 0.025391
0 0.273438 0.483398 0.039062 0.019531
0 0.542969 0.528320 0.312500 0.035156
0 0.295573 0.555664 0.046875 0.019531
0 0.428385 0.557617 0.036458 0.019531
0 0.493490 0.555664 0.052083 0.019531
0 0.601562 0.558594 0.093750 0.023438
0 0.441406 0.583008 0.361979 0.025391
0 0.613281 0.611328 0.096354 0.023438
0 0.480469 0.641602 0.450521 0.025391
0 0.473958 0.667969 0.049479 0.017578
0 0.787760 0.671875 0.070312 0.023438
0 0.321615 0.708984 0.044271 0.023438
0 0.546875 0.767578 0.057292 0.023438
0 0.541667 0.842773 0.171875 0.029297
0 0.524740 0.868164 0.424479 0.025391
0 0.350911 0.556641 0.068594 0.030859
0 0.331380 0.736816 0.068753 0.028041
