0 0.518008 0.135254 0.163136 0.020508
0 0.508475 0.157227 0.618644 0.023438
0 0.525424 0.267578 0.283898 0.013672
0 0.525424 0.179688 0.478814 0.023438
0 0.563559 0.591797 0.169492 0.019531
0 0.817797 0.592773 0.097458 0.015625
0 0.250000 0.438477 0.122881 0.015625
0 0.815678 0.543945 0.101695 0.019531
0 0.519068 0.592773 0.084746 0.019531
0 0.536017 0.617188 0.220339 0.017578
0 0.824153 0.617188 0.101695 0.017578
0 0.531780 0.726562 0.360169 0.023438
0 0.274364 0.936035 0.451271 0.026367
