0 0.421186 0.177344 0.333898 0.012500
0 0.341525 0.291406 0.171186 0.010937
0 0.661017 0.290625 0.118644 0.012500
0 0.284746 0.375000 0.064407 0.010937
0 0.664407 0.372656 0.037288 0.012500
0 0.323729 0.399219 0.142373 0.012500
0 0.294915 0.411719 0.084746 0.012500
0 0.672881 0.446094 0.040678 0.012500
0 0.718644 0.445312 0.037288 0.010937
0 0.284746 0.473438 0.064407 0.010937
0 0.722034 0.470313 0.037288 0.010937
0 0.366102 0.525000 0.044068 0.010937
0 0.269492 0.552344 0.040678 0.012500
0 0.366102 0.551562 0.044068 0.010937
0 0.683051 0.549219 0.040678 0.012500
0 0.354237 0.564063 0.040678 0.010937
0 0.354237 0.578125 0.040678 0.010937
0 0.354237 0.592187 0.040678 0.010937
0 0.718644 0.589063 0.077966 0.010937
0 0.279661 0.607031 0.067797 0.012500
0 0.342373 0.606250 0.044068 0.010937
0 0.340678 0.620313 0.040678 0.010937
0 0.342373 0.634375 0.044068 0.010937
0 0.264407 0.648438 0.044068 0.014063
0 0.316949 0.648438 0.040678 0.010937
0 0.289831 0.663281 0.094915 0.012500
0 0.730508 0.749219 0.105085 0.023438
0 0.281356 0.785937 0.084746 0.014063
0 0.286441 0.800781 0.101695 0.015625
0 0.313559 0.814844 0.149153 0.015625
0 0.371186 0.831250 0.271186 0.014063
0 0.274576 0.847656 0.071186 0.012500
0 0.290678 0.937109 0.449153 0.025781
0 0.244068 0.956250 0.352542 0.021875
0 0.363559 0.537891 0.044893 0.014264
