0 0.294271 0.223633 0.171875 0.025391
0 0.547743 0.185547 0.185764 0.013672
0 0.550347 0.203613 0.243056 0.016602
0 0.552083 0.221191 0.208333 0.014648
0 0.368924 0.290527 0.324653 0.016602
0 0.348090 0.443848 0.272569 0.018555
0 0.708333 0.441406 0.083333 0.017578
0 0.295139 0.225586 0.173611 0.029297
0 0.656250 0.305664 0.170139 0.015625
0 0.689236 0.337891 0.083333 0.017578
0 0.659722 0.357422 0.045139 0.013672
0 0.295139 0.377930 0.170139 0.015625
0 0.510417 0.375977 0.045139 0.015625
0 0.295139 0.413086 0.170139 0.015625
0 0.493056 0.411133 0.079861 0.015625
0 0.706597 0.407227 0.083333 0.015625
0 0.710069 0.442383 0.083333 0.015625
0 0.279514 0.499023 0.111111 0.015625
0 0.730903 0.656250 0.048611 0.013672
0 0.290799 0.922363 0.453125 0.030273
0 0.112847 0.947266 0.086806 0.023438
0 0.330729 0.946289 0.185764 0.025391
0 0.391493 0.640137 0.051546 0.018923
0 0.196181 0.946289 0.096727 0.032862
