0 0.488932 0.386719 0.186198 0.019531
0 0.488281 0.409668 0.234375 0.018555
0 0.613281 0.849121 0.192708 0.018555
0 0.291667 0.637207 0.093750 0.016602
0 0.688802 0.639648 0.067708 0.015625
0 0.270833 0.429688 0.033854 0.013672
0 0.490885 0.462891 0.257812 0.027344
0 0.398438 0.489258 0.028646 0.015625
0 0.524740 0.489258 0.041667 0.015625
0 0.561198 0.533203 0.052083 0.017578
0 0.367188 0.553711 0.028646 0.015625
0 0.434896 0.554688 0.039062 0.013672
0 0.558594 0.555664 0.057292 0.019531
0 0.286458 0.585938 0.088542 0.023438
0 0.395833 0.587891 0.028646 0.013672
0 0.293620 0.606445 0.108073 0.025391
0 0.311198 0.637695 0.041667 0.019531
0 0.687500 0.639648 0.070312 0.019531
0 0.313802 0.658203 0.153646 0.023438
0 0.496094 0.663086 0.046875 0.019531
0 0.322917 0.724609 0.161458 0.027344
0 0.295573 0.750000 0.111979 0.023438
0 0.316406 0.798340 0.158854 0.024414
0 0.354167 0.820312 0.218750 0.023438
0 0.486979 0.870117 0.132812 0.015625
0 0.346354 0.884766 0.070312 0.013672
0 0.606771 0.881836 0.059896 0.011719
0 0.393880 0.409668 0.047910 0.022011
0 0.330078 0.487305 0.060942 0.027043
0 0.561849 0.490723 0.038332 0.023142
0 0.266276 0.636719 0.063312 0.030859
