0 0.486979 0.203125 0.179688 0.048828
0 0.500651 0.245117 0.139323 0.037109
0 0.488932 0.309082 0.462240 0.026367
0 0.301432 0.509766 0.160156 0.021484
0 0.528646 0.509277 0.203125 0.020508
0 0.383464 0.803223 0.324219 0.036133
0 0.763021 0.805176 0.130208 0.028320
0 0.490234 0.340332 0.251302 0.024414
0 0.492188 0.377930 0.244792 0.029297
0 0.488281 0.416992 0.380208 0.039062
0 0.238281 0.451172 0.039062 0.023438
0 0.347656 0.451172 0.039062 0.023438
0 0.447917 0.451172 0.083333 0.023438
0 0.554688 0.451172 0.088542 0.023438
0 0.427083 0.477539 0.164062 0.035156
0 0.552083 0.478516 0.062500 0.023438
0 0.302083 0.509766 0.166667 0.027344
0 0.528646 0.509766 0.208333 0.023438
0 0.294271 0.539062 0.151042 0.027344
0 0.528646 0.538086 0.208333 0.025391
0 0.362630 0.567871 0.292969 0.028320
0 0.350260 0.595703 0.106771 0.023438
0 0.537760 0.596680 0.031250 0.019531
0 0.641927 0.595703 0.070312 0.023438
0 0.774740 0.597656 0.075521 0.023438
0 0.246094 0.634766 0.111979 0.023438
0 0.636719 0.636719 0.085938 0.023438
0 0.773438 0.636719 0.088542 0.023438
0 0.244792 0.666992 0.109375 0.025391
0 0.774740 0.668945 0.091146 0.025391
0 0.334635 0.752930 0.223958 0.035156
0 0.375000 0.803711 0.309896 0.035156
0 0.631510 0.869141 0.164062 0.031250
0 0.615885 0.943359 0.117188 0.023438
0 0.796875 0.945312 0.078125 0.023438
0 0.618490 0.968750 0.117188 0.023438
0 0.291016 0.452148 0.084330 0.032862
0 0.267578 0.707031 0.094502 0.042684
