0 0.455729 0.300293 0.236979 0.020508
0 0.455078 0.329590 0.295573 0.022461
0 0.642578 0.883789 0.266927 0.027344
0 0.227214 0.605957 0.141927 0.026367
0 0.706380 0.593750 0.089844 0.027344
0 0.453776 0.299805 0.233073 0.029297
0 0.184896 0.360352 0.033854 0.015625
0 0.459635 0.398438 0.317708 0.037109
0 0.209635 0.431641 0.049479 0.023438
0 0.346354 0.430664 0.033854 0.019531
0 0.410156 0.428711 0.052083 0.019531
0 0.518229 0.428711 0.093750 0.025391
0 0.649740 0.422852 0.127604 0.025391
0 0.425781 0.455078 0.502604 0.027344
0 0.395833 0.481445 0.044271 0.015625
0 0.537109 0.479004 0.084635 0.026367
0 0.394531 0.538086 0.046875 0.015625
0 0.539062 0.536133 0.083333 0.025391
0 0.694010 0.532227 0.085938 0.025391
0 0.209635 0.579102 0.106771 0.025391
0 0.707031 0.593750 0.085938 0.023438
0 0.247396 0.630859 0.187500 0.027344
0 0.475260 0.629395 0.062500 0.026367
0 0.223958 0.747070 0.140625 0.025391
0 0.730469 0.770508 0.070312 0.025391
0 0.298177 0.842285 0.286458 0.036133
0 0.728516 0.835449 0.089844 0.030273
0 0.497396 0.922852 0.130208 0.029297
0 0.270833 0.933594 0.039062 0.017578
0 0.446615 0.947266 0.205729 0.027344
0 0.636719 0.943359 0.080729 0.023438
0 0.334635 0.331055 0.056960 0.025040
0 0.266276 0.432129 0.068753 0.028041
0 0.408203 0.920410 0.057943 0.029854
0 0.317057 0.938477 0.055826 0.023025
0 0.572266 0.945801 0.054742 0.027820
