0 0.477214 0.268066 0.438802 0.034180
0 0.477214 0.296387 0.079427 0.022461
0 0.478516 0.320312 0.472656 0.031250
0 0.475911 0.343750 0.180990 0.017578
0 0.380208 0.440430 0.302083 0.023438
0 0.339844 0.628418 0.218750 0.022461
0 0.669922 0.623047 0.123698 0.027344
0 0.434245 0.270996 0.358073 0.032227
0 0.658854 0.266602 0.067708 0.025391
0 0.473958 0.297852 0.054688 0.019531
0 0.411458 0.344727 0.039062 0.015625
0 0.388021 0.390625 0.098958 0.023438
0 0.539062 0.388672 0.145833 0.023438
0 0.319010 0.444336 0.067708 0.011719
0 0.593750 0.513672 0.033854 0.013672
0 0.688802 0.547852 0.052083 0.015625
0 0.291667 0.563477 0.039062 0.015625
0 0.372396 0.626953 0.140625 0.023438
0 0.371094 0.785156 0.083333 0.017578
