0 0.344401 0.188965 0.154948 0.034180
0 0.583333 0.145996 0.218750 0.016602
0 0.584635 0.168945 0.221354 0.021484
0 0.582682 0.195312 0.188802 0.021484
0 0.407552 0.277832 0.294271 0.024414
0 0.382812 0.429199 0.244792 0.022461
0 0.703125 0.435059 0.083333 0.016602
0 0.407552 0.280273 0.299479 0.025391
0 0.672526 0.303711 0.160156 0.025391
0 0.505208 0.347656 0.078125 0.023438
0 0.273438 0.364258 0.028646 0.019531
0 0.335286 0.386719 0.157552 0.025391
0 0.514323 0.391602 0.072917 0.019531
0 0.606771 0.391602 0.028646 0.019531
0 0.480469 0.432617 0.052083 0.019531
0 0.704427 0.434570 0.088542 0.019531
0 0.701823 0.477539 0.088542 0.019531
0 0.319010 0.493164 0.101562 0.025391
0 0.701823 0.499023 0.088542 0.019531
0 0.545573 0.540039 0.210938 0.025391
0 0.355469 0.579102 0.200521 0.025391
0 0.646484 0.584473 0.196615 0.026367
0 0.639974 0.626953 0.209635 0.029297
0 0.619792 0.692383 0.054688 0.019531
0 0.460938 0.709961 0.028646 0.015625
0 0.516276 0.710449 0.076823 0.024414
0 0.651042 0.714844 0.182292 0.027344
0 0.330078 0.343750 0.063312 0.030859
0 0.324870 0.364746 0.073901 0.031862
0 0.557943 0.690430 0.068836 0.027043
