0 0.484110 0.196289 0.163136 0.017578
0 0.474576 0.219727 0.614407 0.021484
0 0.489407 0.240234 0.478814 0.021484
0 0.491525 0.329590 0.292373 0.014648
0 0.540254 0.567383 0.161017 0.017578
0 0.788136 0.564453 0.101695 0.015625
0 0.485169 0.260742 0.334746 0.025391
0 0.578390 0.310547 0.059322 0.013672
0 0.491525 0.330078 0.072034 0.013672
0 0.243644 0.356445 0.161017 0.015625
0 0.218220 0.437500 0.118644 0.017578
0 0.302966 0.459961 0.288136 0.015625
0 0.777542 0.477539 0.101695 0.015625
0 0.503178 0.520508 0.235169 0.019531
0 0.788136 0.564453 0.097458 0.017578
0 0.512712 0.707031 0.355932 0.023438
0 0.274364 0.936035 0.451271 0.026367
0 0.189619 0.642090 0.088328 0.020418
