0 0.513021 0.308594 0.213542 0.019531
0 0.511068 0.338867 0.259115 0.019531
0 0.671875 0.801758 0.229167 0.023438
0 0.296875 0.708008 0.109375 0.019531
0 0.744141 0.703613 0.087240 0.016602
0 0.511068 0.308105 0.217448 0.024414
0 0.266927 0.364258 0.041667 0.015625
0 0.516927 0.401367 0.289062 0.029297
0 0.289062 0.429688 0.044271 0.017578
0 0.411458 0.429688 0.033854 0.017578
0 0.571615 0.427734 0.085938 0.023438
0 0.692708 0.423828 0.119792 0.023438
0 0.425781 0.453125 0.341146 0.023438
0 0.319010 0.477539 0.127604 0.025391
0 0.595703 0.476074 0.066406 0.026367
0 0.299479 0.502930 0.091146 0.019531
0 0.382812 0.502930 0.028646 0.015625
0 0.457031 0.501953 0.041667 0.013672
0 0.730469 0.499023 0.072917 0.019531
0 0.376302 0.531250 0.247396 0.023438
0 0.658854 0.528320 0.164062 0.019531
0 0.459635 0.555664 0.041667 0.015625
0 0.591146 0.554688 0.078125 0.023438
0 0.458333 0.610352 0.044271 0.015625
0 0.601562 0.609375 0.062500 0.023438
0 0.747396 0.608398 0.059896 0.019531
0 0.414062 0.648438 0.033854 0.017578
0 0.298177 0.671875 0.122396 0.027344
0 0.742188 0.667969 0.093750 0.023438
0 0.742839 0.704102 0.092448 0.027344
0 0.527344 0.733398 0.052083 0.019531
0 0.773438 0.762695 0.033854 0.019531
0 0.523438 0.833984 0.161458 0.027344
0 0.276693 0.708496 0.055127 0.031862
