0 0.477865 0.329590 0.260417 0.024414
0 0.475260 0.362305 0.317708 0.025391
0 0.647786 0.866699 0.285156 0.024414
0 0.199219 0.742188 0.153646 0.029297
0 0.750651 0.749023 0.089844 0.021484
0 0.477865 0.329102 0.257812 0.025391
0 0.575521 0.363281 0.114583 0.023438
0 0.178385 0.385742 0.031250 0.015625
0 0.478516 0.437988 0.355469 0.041992
0 0.228516 0.468750 0.128906 0.029297
0 0.345052 0.468750 0.039062 0.023438
0 0.420573 0.468750 0.059896 0.023438
0 0.542969 0.472656 0.106771 0.027344
0 0.692708 0.473633 0.140625 0.025391
0 0.417969 0.500000 0.533854 0.031250
0 0.397135 0.528320 0.052083 0.019531
0 0.736979 0.534180 0.093750 0.025391
0 0.729167 0.570312 0.041667 0.023438
0 0.393229 0.594727 0.054688 0.019531
0 0.561198 0.598633 0.096354 0.025391
0 0.339844 0.633789 0.414062 0.029297
0 0.389323 0.666016 0.059896 0.023438
0 0.562500 0.669922 0.093750 0.027344
0 0.213542 0.709961 0.046875 0.025391
0 0.221354 0.771484 0.208333 0.031250
0 0.471354 0.782227 0.067708 0.029297
0 0.742188 0.823242 0.114583 0.025391
0 0.394531 0.899414 0.054688 0.025391
0 0.531250 0.900391 0.057292 0.023438
0 0.373698 0.924805 0.341146 0.029297
0 0.639323 0.923828 0.083333 0.017578
0 0.155599 0.708496 0.081630 0.035850
0 0.225911 0.741699 0.081774 0.037834
0 0.460938 0.900391 0.084523 0.034197
0 0.568359 0.926270 0.056561 0.022436
