0 0.244792 0.227539 0.159722 0.029297
0 0.482639 0.203613 0.246528 0.014648
0 0.480903 0.219727 0.201389 0.013672
0 0.480903 0.236328 0.218750 0.013672
0 0.307292 0.291992 0.305556 0.025391
0 0.282986 0.399414 0.263889 0.027344
0 0.618924 0.400879 0.078125 0.018555
0 0.240451 0.229492 0.171875 0.037109
0 0.206597 0.336914 0.104167 0.019531
0 0.231771 0.369141 0.168403 0.025391
0 0.616319 0.371094 0.076389 0.017578
0 0.619792 0.434570 0.076389 0.015625
0 0.619792 0.450195 0.076389 0.015625
0 0.213542 0.548340 0.138889 0.018555
0 0.482639 0.551758 0.260417 0.015625
0 0.640625 0.550781 0.041667 0.013672
0 0.631944 0.601562 0.045139 0.013672
0 0.290799 0.922363 0.453125 0.030273
0 0.111979 0.946289 0.092014 0.027344
0 0.330729 0.946289 0.185764 0.025391
0 0.595486 0.308594 0.114087 0.024953
0 0.196181 0.946289 0.096727 0.032862
